DL
N=710
FORMAT=EDGELIST1
DATA:
        1    126  2.00
        1    135  3.00
        1    268  3.00
        1    336  6.00
        1    659  3.00
        2      8  2.00
        2     67  5.00
        2     78  4.00
        2    139  4.00
        2    178  1.00
        2    201  4.00
        2    481  3.00
        2    484  1.00
        3      6  5.00
        3    108  1.00
        3    161  1.00
        3    180  3.00
        3    532  1.00
        3    550  2.00
        3    661  1.00
        3    674  6.00
        4     61  1.00
        4    400  1.00
        4    483  1.00
        4    610  1.00
        4    687  1.00
        4    690  1.00
        5      1  4.00
        5      2  4.00
        5     76  2.00
        5    215  1.00
        5    286  1.00
        5    326  3.00
        5    591  2.00
        6    161  5.00
        7     13  5.00
        7     80  3.00
        7    264  2.00
        7    366  2.00
        7    445  4.00
        8     46  3.00
        8     93  4.00
        8    162  6.00
        8    501  2.00
        8    553  5.00
        8    667  4.00
        9    152  6.00
        9    242  2.00
        9    439  3.00
        9    519  4.00
       10     12  1.00
       10     92  1.00
       10    451  1.00
       10    568  1.00
       10    603  1.00
       10    678  1.00
       10    682  1.00
       11    104  1.00
       11    216  1.00
       11    220  3.00
       11    232  2.00
       11    254  1.00
       11    366  2.00
       11    387  1.00
       11    461  3.00
       12    169  3.00
       12    172  1.00
       12    202  1.00
       12    330  6.00
       12    440  1.00
       12    535  2.00
       12    642  1.00
       12    645  1.00
       12    688  2.00
       13      1  2.00
       13      7  5.00
       13     38  3.00
       13    126  2.00
       13    180  2.00
       13    264  2.00
       13    533  2.00
       15     73  3.00
       15    353  2.00
       15    421  2.00
       15    545  2.00
       16     35  1.00
       16     81  2.00
       16    104  4.00
       16    208  1.00
       16    373  1.00
       16    377  2.00
       16    605  5.00
       17    193  4.00
       17    231  4.00
       17    474  4.00
       17    501  2.00
       18    315  1.00
       18    606  5.00
       20    105  2.00
       20    380  1.00
       20    396  3.00
       20    399  2.00
       20    517  1.00
       20    520  2.00
       20    677  2.00
       21    291  1.00
       21    480  6.00
       22     53  1.00
       22    206  2.00
       22    377  1.00
       22    588  3.00
       23     10  1.00
       23    227  1.00
       23    308  2.00
       23    309  2.00
       23    338  4.00
       23    443  1.00
       23    513  1.00
       23    694  1.00
       24    177  1.00
       24    244  2.00
       24    356  1.00
       24    367  4.00
       24    470  3.00
       24    559  3.00
       24    627  2.00
       25     42  2.00
       25     48  1.00
       25     51  2.00
       25    141  2.00
       25    146  3.00
       25    196  1.00
       25    432  2.00
       25    642  1.00
       26    225  3.00
       26    232  3.00
       26    440  2.00
       26    558  2.00
       26    639  2.00
       27     37  2.00
       27    143  2.00
       27    163  1.00
       27    203  3.00
       27    275  2.00
       27    304  1.00
       27    443  1.00
       27    446  4.00
       29    518  2.00
       29    529  2.00
       29    531  2.00
       29    595  2.00
       29    601  2.00
       31    399  4.00
       31    565  2.00
       31    591  1.00
       31    706  2.00
       32    204  5.00
       32    356  1.00
       33     35  3.00
       33    400  1.00
       33    452  1.00
       33    686  1.00
       33    688  3.00
       33    692  2.00
       34    257  6.00
       34    426  6.00
       34    464  6.00
       34    618  6.00
       35    124  3.00
       35    139  5.00
       35    360  1.00
       35    440  1.00
       35    479  1.00
       35    482  5.00
       35    535  2.00
       35    571  3.00
       35    688  6.00
       36     77  1.00
       36    127  1.00
       36    174  1.00
       36    528  1.00
       36    603  1.00
       36    672  1.00
       37    221  6.00
       37    320  2.00
       37    422  2.00
       37    438  2.00
       37    546  3.00
       37    552  2.00
       37    598  2.00
       37    612  6.00
       37    671  1.00
       38      7  3.00
       38      9  1.00
       38     13  4.00
       38    297  6.00
       38    522  5.00
       39     68  1.00
       39    121  2.00
       39    197  2.00
       39    385  1.00
       39    389  2.00
       39    466  1.00
       39    536  1.00
       39    543  2.00
       39    591  2.00
       39    601  1.00
       40     44  1.00
       40     48  3.00
       40    141  3.00
       40    223  1.00
       40    232  4.00
       40    376  2.00
       40    481  2.00
       40    554  2.00
       40    571  1.00
       40    639  4.00
       41    294  2.00
       41    322  2.00
       41    692  3.00
       41    695  6.00
       42     39  3.00
       42     44  1.00
       42    348  1.00
       42    360  3.00
       42    472  4.00
       42    499  1.00
       42    513  3.00
       42    538  4.00
       42    609  6.00
       43    210  3.00
       43    434  6.00
       43    503  3.00
       43    585  3.00
       43    701  3.00
       44     12  1.00
       44     67  6.00
       44    172  4.00
       44    330  3.00
       44    451  1.00
       44    479  3.00
       44    499  3.00
       44    642  4.00
       44    688  1.00
       45    222  5.00
       45    394  1.00
       45    413  1.00
       45    615  1.00
       45    620  1.00
       46      8  2.00
       46     73  6.00
       46    223  1.00
       46    363  1.00
       46    421  5.00
       46    472  2.00
       46    605  2.00
       46    609  2.00
       47     91  1.00
       47    183  2.00
       47    289  4.00
       47    328  1.00
       47    388  2.00
       47    435  1.00
       47    446  1.00
       47    701  1.00
       47    702  4.00
       48     18  1.00
       48     40  1.00
       48    201  1.00
       48    232  1.00
       48    571  1.00
       48    639  1.00
       48    682  1.00
       49    424  2.00
       49    463  2.00
       49    471  6.00
       49    681  3.00
       50    102  6.00
       50    115  2.00
       50    188  6.00
       50    209  2.00
       50    228  6.00
       50    245  6.00
       50    275  2.00
       50    395  6.00
       50    516  2.00
       51     12  1.00
       51    169  3.00
       51    441  1.00
       51    682  1.00
       52    117  1.00
       52    122  5.00
       52    140  4.00
       52    181  4.00
       52    242  6.00
       52    250  4.00
       52    287  1.00
       52    434  3.00
       52    435  4.00
       52    600  3.00
       53    280  2.00
       53    447  5.00
       53    457  6.00
       53    588  6.00
       53    708  2.00
       54     60  2.00
       54     65  4.00
       54    102  1.00
       54    118  1.00
       54    346  2.00
       54    361  2.00
       54    391  3.00
       54    438  1.00
       54    664  1.00
       55     56  3.00
       55    125  6.00
       55    271  2.00
       55    380  6.00
       55    495  4.00
       56    125  4.00
       56    177  1.00
       56    194  2.00
       56    271  5.00
       56    284  5.00
       56    380  4.00
       56    507  3.00
       56    573  5.00
       56    591  4.00
       57     79  4.00
       57    175  2.00
       57    490  2.00
       57    549  4.00
       57    591  2.00
       58     59  1.00
       58    369  1.00
       58    433  2.00
       58    456  2.00
       59     88  1.00
       59    249  3.00
       59    510  2.00
       59    548  1.00
       59    592  2.00
       59    657  3.00
       59    674  2.00
       60     54  1.00
       60    102  1.00
       60    174  1.00
       60    252  5.00
       60    304  3.00
       60    504  4.00
       60    547  6.00
       61     66  3.00
       61    148  2.00
       61    167  5.00
       61    203  3.00
       61    304  1.00
       61    483  5.00
       61    504  3.00
       61    507  3.00
       62     77  4.00
       62    438  3.00
       62    555  2.00
       62    557  4.00
       62    672  4.00
       62    675  1.00
       63     93  1.00
       63    291  1.00
       63    463  1.00
       63    471  1.00
       64     68  1.00
       64    150  1.00
       64    159  4.00
       64    246  6.00
       64    559  2.00
       64    577  6.00
       65     54  6.00
       65    102  6.00
       65    127  4.00
       65    133  3.00
       65    256  2.00
       65    346  6.00
       65    355  3.00
       65    391  4.00
       65    438  3.00
       65    568  5.00
       66     32  1.00
       66     61  3.00
       66    317  6.00
       66    320  1.00
       66    367  1.00
       66    412  5.00
       66    429  6.00
       66    488  2.00
       66    555  2.00
       67      2  3.00
       67     12  1.00
       67     44  6.00
       67    169  1.00
       67    348  1.00
       67    363  1.00
       67    451  1.00
       67    479  2.00
       67    571  1.00
       68     39  2.00
       68    144  5.00
       68    145  2.00
       68    197  3.00
       68    284  2.00
       68    488  1.00
       68    490  2.00
       68    565  1.00
       69     20  2.00
       69     68  3.00
       69    426  3.00
       69    465  6.00
       69    469  2.00
       69    495  5.00
       69    573  2.00
       69    579  2.00
       70    430  4.00
       71    373  5.00
       72    158  3.00
       72    162  2.00
       72    169  5.00
       72    334  6.00
       72    343  3.00
       72    630  2.00
       72    637  2.00
       73     46  6.00
       73     97  3.00
       73    230  3.00
       73    354  3.00
       73    355  1.00
       73    472  4.00
       73    581  3.00
       73    609  4.00
       73    708  3.00
       74    215  1.00
       74    359  1.00
       74    458  2.00
       74    562  1.00
       74    683  1.00
       75    107  2.00
       75    136  2.00
       75    149  2.00
       75    265  5.00
       75    287  2.00
       75    312  1.00
       75    456  3.00
       75    621  2.00
       76     79  1.00
       76    149  1.00
       76    228  1.00
       76    287  4.00
       76    310  1.00
       76    312  2.00
       76    326  6.00
       76    361  1.00
       76    619  3.00
       76    621  4.00
       77     62  5.00
       77     65  6.00
       77    173  6.00
       77    672  5.00
       78      2  2.00
       78     72  1.00
       78    161  4.00
       78    421  2.00
       79     45  1.00
       79     57  2.00
       79     65  1.00
       79     87  1.00
       79    225  1.00
       79    228  1.00
       79    549  3.00
       79    614  1.00
       79    692  1.00
       80      7  2.00
       80    315  1.00
       80    606  3.00
       80    658  4.00
       81    274  2.00
       81    526  6.00
       82    202  1.00
       82    299  6.00
       82    393  3.00
       82    460  1.00
       82    522  3.00
       82    572  6.00
       83    151  3.00
       83    219  2.00
       83    478  3.00
       83    555  3.00
       83    574  4.00
       83    584  2.00
       83    672  3.00
       84    134  3.00
       84    547  4.00
       84    551  3.00
       85    393  6.00
       85    419  2.00
       85    501  3.00
       85    623  2.00
       87     65  1.00
       87    133  1.00
       87    167  1.00
       87    212  1.00
       87    395  1.00
       87    407  5.00
       87    477  3.00
       87    483  5.00
       87    614  5.00
       88     59  1.00
       88    488  1.00
       91     57  1.00
       91    205  1.00
       91    701  2.00
       92     65  1.00
       92    127  1.00
       92    129  1.00
       92    174  1.00
       92    483  1.00
       92    551  6.00
       93      8  2.00
       93    158  4.00
       93    666  1.00
       94    163  1.00
       94    210  6.00
       94    290  1.00
       94    418  1.00
       94    592  3.00
       94    671  1.00
       94    692  1.00
       94    701  2.00
       96    139  1.00
       96    178  2.00
       96    251  4.00
       97     73  5.00
       97    141  1.00
       97    196  2.00
       97    369  1.00
       97    451  1.00
       97    492  5.00
       97    499  1.00
       97    668  1.00
       97    694  2.00
       98    171  1.00
       98    448  2.00
       98    556  1.00
       98    658  4.00
       99      9  1.00
       99    511  4.00
       99    517  3.00
       99    548  1.00
       99    601  3.00
      100     28  3.00
      100    190  2.00
      100    538  6.00
      101    521  5.00
      102     54  3.00
      102     60  1.00
      102     65  5.00
      102    118  3.00
      102    167  1.00
      102    256  1.00
      102    346  6.00
      102    361  4.00
      102    664  3.00
      103    144  4.00
      103    177  1.00
      103    379  4.00
      103    488  1.00
      103    565  1.00
      103    591  3.00
      103    689  6.00
      106     30  4.00
      106    135  3.00
      106    331  2.00
      106    390  1.00
      106    439  5.00
      106    450  5.00
      106    566  5.00
      107      2  4.00
      107     40  2.00
      107     96  3.00
      107    193  3.00
      107    201  2.00
      107    484  3.00
      107    616  3.00
      107    661  4.00
      108      3  2.00
      108    180  3.00
      108    268  6.00
      108    386  5.00
      108    434  4.00
      108    435  2.00
      108    699  3.00
      108    701  3.00
      110     19  5.00
      110    104  1.00
      110    152  1.00
      110    206  2.00
      110    248  1.00
      110    254  6.00
      110    293  4.00
      110    373  3.00
      110    377  3.00
      111     24  1.00
      111    683  1.00
      113    188  1.00
      113    226  4.00
      113    299  1.00
      113    361  2.00
      113    491  3.00
      113    509  6.00
      113    528  1.00
      113    664  1.00
      114    149  3.00
      114    233  3.00
      114    395  3.00
      114    467  2.00
      114    498  5.00
      115     33  6.00
      115     50  6.00
      115     65  5.00
      115    188  4.00
      115    209  4.00
      115    275  4.00
      115    395  6.00
      115    467  6.00
      115    516  4.00
      116    548  3.00
      117    122  3.00
      117    145  4.00
      117    155  5.00
      117    323  5.00
      117    359  2.00
      117    406  3.00
      118    102  2.00
      118    174  2.00
      118    332  3.00
      118    361  1.00
      118    391  2.00
      118    477  3.00
      118    504  1.00
      118    507  1.00
      119    219  3.00
      119    281  5.00
      119    283  6.00
      119    365  3.00
      119    423  4.00
      119    547  4.00
      119    675  3.00
      120    389  4.00
      120    543  2.00
      121     39  1.00
      121    111  1.00
      121    359  1.00
      121    466  1.00
      121    540  1.00
      121    543  5.00
      121    591  1.00
      122    155  5.00
      122    243  4.00
      122    246  4.00
      122    250  5.00
      122    292  5.00
      122    322  3.00
      123    149  2.00
      123    433  3.00
      124      2  3.00
      124     35  5.00
      124     78  4.00
      124    535  6.00
      124    639  4.00
      125     50  3.00
      125     55  6.00
      125    148  5.00
      125    197  4.00
      125    271  3.00
      125    380  4.00
      125    422  3.00
      125    507  3.00
      125    552  5.00
      125    573  3.00
      126    330  3.00
      126    347  1.00
      126    431  6.00
      126    447  6.00
      126    708  1.00
      127     54  3.00
      127    184  3.00
      127    391  6.00
      127    480  3.00
      127    547  5.00
      130    261  1.00
      130    381  4.00
      130    391  1.00
      130    464  1.00
      130    514  2.00
      130    678  5.00
      131    398  2.00
      131    465  3.00
      132      8  1.00
      132     42  1.00
      132    440  1.00
      132    492  1.00
      132    571  1.00
      132    597  1.00
      132    647  1.00
      132    682  1.00
      132    703  2.00
      133     65  4.00
      133     87  1.00
      133    102  1.00
      133    127  1.00
      133    245  1.00
      133    346  5.00
      133    361  2.00
      133    491  1.00
      133    664  3.00
      134    106  2.00
      135     62  1.00
      135    106  5.00
      135    331  2.00
      135    439  1.00
      135    450  5.00
      135    451  1.00
      135    702  1.00
      136    456  2.00
      137    234  2.00
      137    320  3.00
      137    694  2.00
      138    333  6.00
      138    587  5.00
      138    654  4.00
      139      8  1.00
      139     96  2.00
      139    158  1.00
      139    162  2.00
      139    195  4.00
      139    357  1.00
      139    369  1.00
      139    383  1.00
      139    545  1.00
      139    645  1.00
      140    149  3.00
      140    220  6.00
      140    237  4.00
      140    395  4.00
      141     10  1.00
      141     26  1.00
      141     40  4.00
      141     97  1.00
      141    232  6.00
      141    432  1.00
      141    499  1.00
      141    635  1.00
      141    639  6.00
      142    237  1.00
      142    452  1.00
      142    527  1.00
      142    619  1.00
      143     27  1.00
      143     50  4.00
      143     61  1.00
      143    229  1.00
      143    336  1.00
      143    436  1.00
      143    552  1.00
      143    671  1.00
      144     68  4.00
      144    103  3.00
      144    379  2.00
      144    485  1.00
      144    488  1.00
      144    565  1.00
      144    573  2.00
      144    591  1.00
      145    117  2.00
      145    144  2.00
      145    155  5.00
      145    267  2.00
      145    406  2.00
      145    465  4.00
      145    488  2.00
      146     25  1.00
      146    216  2.00
      146    513  2.00
      146    587  5.00
      146    624  3.00
      146    654  5.00
      147    105  2.00
      147    267  2.00
      147    359  2.00
      147    405  2.00
      147    469  2.00
      148     50  3.00
      148     61  4.00
      148    203  5.00
      148    262  6.00
      148    275  6.00
      148    483  3.00
      148    507  5.00
      148    552  6.00
      148    598  6.00
      149    114  2.00
      149    220  5.00
      149    229  3.00
      149    237  3.00
      149    259  5.00
      149    395  6.00
      149    498  2.00
      150    204  3.00
      150    267  3.00
      150    317  2.00
      150    454  4.00
      150    458  1.00
      150    469  1.00
      150    485  2.00
      150    503  3.00
      150    559  6.00
      150    569  2.00
      151    163  1.00
      151    203  3.00
      151    285  1.00
      151    317  5.00
      151    555  1.00
      152      9  5.00
      152    496  3.00
      152    678  2.00
      153     39  1.00
      153    111  2.00
      153    205  2.00
      153    488  1.00
      153    490  1.00
      153    540  2.00
      153    577  2.00
      155    114  1.00
      155    122  4.00
      155    145  6.00
      155    243  3.00
      155    246  2.00
      155    250  3.00
      155    621  1.00
      155    662  2.00
      159    298  2.00
      159    510  1.00
      159    627  4.00
      160    347  6.00
      160    354  5.00
      160    594  6.00
      161     78  6.00
      161    321  4.00
      161    421  3.00
      162      8  5.00
      162     72  4.00
      162    327  2.00
      163    612  2.00
      163    621  2.00
      164     66  2.00
      164    317  3.00
      164    412  3.00
      166     46  1.00
      166    199  1.00
      166    360  1.00
      166    363  6.00
      167     61  6.00
      167     65  2.00
      167    196  5.00
      167    245  2.00
      167    274  5.00
      167    304  5.00
      167    477  5.00
      167    483  4.00
      167    504  5.00
      168    199  5.00
      168    611  3.00
      168    707  6.00
      169     12  4.00
      169     51  1.00
      169     72  6.00
      169    307  6.00
      169    479  6.00
      169    506  2.00
      170    224  1.00
      170    226  1.00
      170    585  1.00
      170    669  1.00
      171    158  5.00
      171    364  6.00
      171    463  5.00
      171    556  4.00
      171    667  2.00
      172     44  5.00
      172    196  5.00
      172    499  5.00
      172    642  4.00
      173     62  3.00
      173     65  1.00
      173     77  3.00
      173    386  5.00
      173    438  5.00
      173    555  4.00
      173    557  4.00
      173    674  1.00
      174     92  4.00
      174    234  3.00
      174    480  2.00
      174    483  6.00
      174    551  6.00
      175     31  1.00
      175    564  5.00
      175    565  1.00
      175    591  1.00
      176    194  1.00
      176    220  3.00
      176    252  2.00
      176    395  1.00
      176    659  5.00
      177    103  1.00
      177    284  1.00
      177    520  1.00
      177    564  2.00
      177    565  2.00
      177    591  2.00
      177    613  1.00
      178     96  2.00
      179     88  5.00
      179    446  3.00
      179    488  1.00
      179    564  2.00
      179    565  2.00
      180      1  2.00
      180     82  2.00
      180    108  1.00
      180    202  2.00
      180    268  2.00
      180    542  1.00
      180    674  5.00
      181     52  2.00
      181    488  5.00
      182     74  2.00
      182    112  2.00
      182    186  2.00
      182    345  2.00
      182    665  2.00
      183    322  1.00
      183    367  1.00
      183    388  1.00
      183    418  1.00
      183    488  1.00
      183    512  2.00
      184    102  2.00
      184    127  4.00
      184    178  3.00
      184    270  3.00
      184    448  1.00
      184    460  1.00
      184    474  2.00
      184    590  2.00
      185    626  3.00
      185    681  6.00
      186    345  3.00
      187    467  4.00
      187    646  4.00
      188    114  1.00
      188    189  4.00
      188    194  5.00
      188    212  5.00
      188    228  2.00
      188    245  6.00
      188    332  3.00
      188    437  2.00
      188    498  3.00
      190    157  3.00
      190    427  6.00
      190    660  5.00
      191      8  3.00
      191     82  2.00
      191    193  1.00
      191    201  1.00
      191    296  4.00
      191    376  3.00
      191    393  2.00
      191    501  1.00
      192     65  5.00
      192    188  1.00
      192    196  6.00
      192    335  4.00
      192    483  3.00
      192    499  4.00
      192    547  3.00
      192    642  3.00
      192    668  2.00
      193     17  6.00
      193    210  2.00
      193    357  4.00
      193    444  6.00
      193    474  6.00
      193    481  3.00
      193    501  4.00
      194    264  2.00
      194    335  1.00
      194    483  2.00
      194    536  3.00
      195     96  1.00
      195    139  6.00
      195    334  1.00
      195    360  1.00
      195    545  1.00
      195    667  2.00
      197     39  1.00
      197    125  3.00
      197    266  2.00
      197    271  2.00
      197    466  1.00
      197    495  1.00
      197    520  2.00
      197    573  2.00
      198    152  3.00
      198    270  2.00
      198    351  2.00
      199    166  6.00
      199    168  6.00
      199    360  4.00
      199    524  2.00
      199    611  4.00
      199    707  4.00
      201    553  1.00
      201    667  1.00
      202     12  2.00
      202     82  4.00
      202    114  1.00
      202    189  1.00
      202    199  2.00
      202    361  1.00
      202    386  2.00
      202    674  2.00
      203     61  3.00
      203    125  4.00
      203    151  3.00
      203    194  2.00
      203    483  3.00
      203    507  2.00
      203    511  4.00
      203    677  3.00
      204    266  5.00
      204    454  5.00
      204    488  3.00
      204    559  5.00
      204    706  3.00
      205    153  2.00
      205    241  2.00
      205    380  2.00
      205    490  2.00
      205    518  2.00
      205    565  2.00
      205    577  6.00
      205    700  2.00
      206     22  4.00
      206    104  3.00
      206    231  4.00
      206    373  4.00
      206    377  5.00
      206    605  6.00
      207     35  4.00
      207    233  4.00
      207    307  5.00
      207    334  6.00
      207    582  6.00
      207    630  6.00
      207    637  6.00
      207    678  3.00
      208    348  1.00
      208    416  1.00
      208    487  1.00
      209      2  1.00
      209     12  1.00
      209    169  1.00
      209    264  5.00
      209    307  2.00
      209    330  6.00
      209    334  2.00
      209    335  5.00
      209    516  5.00
      210     43  4.00
      210     94  5.00
      210    657  1.00
      210    701  3.00
      212     87  2.00
      212    189  1.00
      212    204  4.00
      212    228  2.00
      212    233  4.00
      212    279  2.00
      212    346  2.00
      212    438  1.00
      212    491  2.00
      212    585  2.00
      214     27  4.00
      214    408  1.00
      216     44  1.00
      216     48  1.00
      216    138  2.00
      216    146  3.00
      216    232  1.00
      216    333  4.00
      216    431  1.00
      216    587  1.00
      216    642  2.00
      217      4  1.00
      217    285  4.00
      217    288  2.00
      217    530  1.00
      217    687  1.00
      217    690  1.00
      218      5  2.00
      218    219  1.00
      218    309  2.00
      218    504  1.00
      219     77  5.00
      219    119  2.00
      219    283  3.00
      219    336  1.00
      219    438  4.00
      219    503  1.00
      219    547  3.00
      219    557  4.00
      219    672  4.00
      220    140  4.00
      220    149  5.00
      220    395  4.00
      220    498  2.00
      220    674  3.00
      220    699  3.00
      221     37  1.00
      222     45  1.00
      222    615  1.00
      223      2  6.00
      223     26  6.00
      223    307  6.00
      223    363  3.00
      223    431  3.00
      223    482  3.00
      223    505  4.00
      223    571  6.00
      223    647  6.00
      224    204  2.00
      224    253  1.00
      224    294  6.00
      224    542  5.00
      225     22  1.00
      225     26  2.00
      225    374  2.00
      226    113  4.00
      226    509  5.00
      226    550  5.00
      226    634  3.00
      227    453  6.00
      227    620  1.00
      228     87  3.00
      228    212  2.00
      228    245  2.00
      228    256  3.00
      228    330  3.00
      228    472  2.00
      228    614  4.00
      228    619  2.00
      228    692  3.00
      229     33  1.00
      229     37  1.00
      229    143  2.00
      229    151  1.00
      229    273  5.00
      229    452  2.00
      229    675  4.00
      230    188  3.00
      230    344  4.00
      230    348  6.00
      230    440  2.00
      230    454  2.00
      230    499  4.00
      230    571  2.00
      230    668  3.00
      231     17  5.00
      231    162  1.00
      231    321  2.00
      231    377  4.00
      231    484  1.00
      233    114  3.00
      233    320  5.00
      233    346  6.00
      233    498  5.00
      233    664  5.00
      234    422  4.00
      234    491  1.00
      234    555  1.00
      234    634  1.00
      235    115  2.00
      235    164  4.00
      235    318  2.00
      235    412  4.00
      235    422  1.00
      235    458  6.00
      236     51  1.00
      236     77  1.00
      236    194  1.00
      236    312  4.00
      236    342  5.00
      236    528  3.00
      236    640  1.00
      236    659  5.00
      237    140  4.00
      237    142  3.00
      237    377  5.00
      238    122  3.00
      238    246  2.00
      238    414  2.00
      238    433  1.00
      238    456  1.00
      238    509  1.00
      238    662  5.00
      239     82  3.00
      239    270  6.00
      239    292  4.00
      239    318  4.00
      239    447  5.00
      239    521  6.00
      239    522  1.00
      239    588  2.00
      239    659  3.00
      240     56  2.00
      240     90  2.00
      240    105  3.00
      240    277  4.00
      240    380  5.00
      240    520  2.00
      240    595  3.00
      240    689  3.00
      242      9  1.00
      242    331  1.00
      242    390  3.00
      242    439  1.00
      242    519  1.00
      243    122  2.00
      243    136  1.00
      243    221  1.00
      243    246  3.00
      243    334  2.00
      243    365  1.00
      243    662  3.00
      243    665  1.00
      244    213  2.00
      244    322  2.00
      244    356  1.00
      244    627  4.00
      245     65  2.00
      245    114  1.00
      245    188  6.00
      245    193  3.00
      245    228  4.00
      245    437  5.00
      245    498  2.00
      245    581  3.00
      246    122  4.00
      246    242  2.00
      246    250  5.00
      246    357  4.00
      247    244  2.00
      247    290  6.00
      247    298  2.00
      247    317  2.00
      247    368  2.00
      247    420  4.00
      247    453  2.00
      247    485  4.00
      248    104  2.00
      248    532  2.00
      249     59  5.00
      249    120  1.00
      249    241  1.00
      249    470  1.00
      249    489  1.00
      249    490  1.00
      249    542  2.00
      249    683  1.00
      250     36  1.00
      250    118  2.00
      250    122  4.00
      250    246  6.00
      251      2  2.00
      251     10  1.00
      251     96  3.00
      251    316  5.00
      251    351  3.00
      252     60  2.00
      252    118  2.00
      252    310  6.00
      252    365  3.00
      252    547  3.00
      252    634  2.00
      252    651  2.00
      253    108  1.00
      253    120  1.00
      253    224  3.00
      253    268  1.00
      253    294  5.00
      253    322  1.00
      253    532  1.00
      253    542  6.00
      253    699  1.00
      254    110  3.00
      255     16  4.00
      255    260  6.00
      255    274  2.00
      255    342  4.00
      255    461  2.00
      255    537  2.00
      256     65  3.00
      256    102  3.00
      256    114  1.00
      256    199  3.00
      256    268  6.00
      256    477  1.00
      256    551  3.00
      256    634  2.00
      257     34  3.00
      257     89  5.00
      257    478  3.00
      259    149  5.00
      259    229  3.00
      259    233  3.00
      259    273  2.00
      259    279  3.00
      259    498  1.00
      259    671  5.00
      259    693  3.00
      260     13  2.00
      260     46  1.00
      260     48  3.00
      260    151  3.00
      260    255  5.00
      260    268  3.00
      260    542  1.00
      260    588  2.00
      261    308  2.00
      261    381  4.00
      261    464  3.00
      262    148  5.00
      262    336  3.00
      262    422  2.00
      262    466  2.00
      262    469  1.00
      262    529  4.00
      262    531  5.00
      262    565  2.00
      262    595  5.00
      262    601  2.00
      263    246  1.00
      263    250  1.00
      263    295  5.00
      263    423  1.00
      263    435  4.00
      264    194  3.00
      264    200  2.00
      264    335  4.00
      264    366  4.00
      264    401  1.00
      264    443  4.00
      264    516  4.00
      265     75  2.00
      265    114  1.00
      265    147  1.00
      265    237  1.00
      265    433  3.00
      265    621  1.00
      266    125  1.00
      266    197  2.00
      266    204  3.00
      266    454  2.00
      266    488  1.00
      266    628  1.00
      267    177  2.00
      267    405  2.00
      267    485  1.00
      267    655  2.00
      269     42  4.00
      269     51  1.00
      269    169  3.00
      269    307  5.00
      269    342  4.00
      269    441  6.00
      269    642  3.00
      270    198  1.00
      270    351  1.00
      270    448  1.00
      271    125  3.00
      271    177  2.00
      271    284  2.00
      271    385  3.00
      271    485  2.00
      271    536  4.00
      271    565  3.00
      271    573  6.00
      271    591  4.00
      273     62  1.00
      273    149  4.00
      273    220  1.00
      273    221  1.00
      273    229  4.00
      273    259  4.00
      273    509  1.00
      275     27  1.00
      275     50  1.00
      275    125  2.00
      275    148  5.00
      275    203  1.00
      275    336  1.00
      275    510  1.00
      275    552  5.00
      275    555  1.00
      275    671  4.00
      277    119  5.00
      277    240  4.00
      277    281  5.00
      277    436  1.00
      277    446  3.00
      277    488  4.00
      277    520  3.00
      277    525  3.00
      277    546  1.00
      277    671  1.00
      278    318  2.00
      278    386  2.00
      278    459  2.00
      278    473  2.00
      278    633  2.00
      279    233  5.00
      280     53  3.00
      280    449  3.00
      280    452  3.00
      280    457  2.00
      281    119  6.00
      281    277  6.00
      281    282  4.00
      281    283  6.00
      281    367  2.00
      281    418  4.00
      281    423  3.00
      281    488  4.00
      281    665  2.00
      281    675  4.00
      282    168  2.00
      282    261  2.00
      282    297  5.00
      282    338  2.00
      283    119  6.00
      283    219  2.00
      283    277  2.00
      283    365  1.00
      283    423  5.00
      283    547  4.00
      285    151  3.00
      285    410  2.00
      285    412  2.00
      285    503  2.00
      285    527  3.00
      285    530  6.00
      285    574  2.00
      285    579  2.00
      285    688  2.00
      285    701  1.00
      287     31  5.00
      287     75  3.00
      287     76  3.00
      287    244  1.00
      287    283  2.00
      287    290  4.00
      287    428  3.00
      287    447  3.00
      287    528  2.00
      288    138  5.00
      288    140  5.00
      288    309  2.00
      288    503  2.00
      288    574  6.00
      288    584  1.00
      288    626  1.00
      288    687  5.00
      289     47  3.00
      289    326  1.00
      289    435  1.00
      289    510  3.00
      289    569  4.00
      289    604  5.00
      289    701  2.00
      290    247  6.00
      290    287  4.00
      290    298  3.00
      290    500  1.00
      292    122  5.00
      292    239  2.00
      292    318  1.00
      292    432  2.00
      292    493  2.00
      292    521  1.00
      292    554  5.00
      292    661  1.00
      292    697  1.00
      293     71  2.00
      293    110  4.00
      293    214  1.00
      293    248  4.00
      293    373  5.00
      294     41  1.00
      294    213  1.00
      294    224  6.00
      294    253  6.00
      294    317  1.00
      294    542  6.00
      294    674  3.00
      294    677  1.00
      295    263  2.00
      295    404  4.00
      296    191  5.00
      297      7  2.00
      297    282  2.00
      297    338  1.00
      297    443  3.00
      297    586  2.00
      297    635  3.00
      298    247  1.00
      298    290  2.00
      298    410  1.00
      298    420  4.00
      298    485  1.00
      298    527  1.00
      299     82  5.00
      299    102  3.00
      299    114  2.00
      299    221  2.00
      299    365  2.00
      299    367  2.00
      299    600  4.00
      300     29  2.00
      300     39  2.00
      300    488  2.00
      300    490  1.00
      300    502  2.00
      300    529  2.00
      300    531  2.00
      300    595  2.00
      301     99  1.00
      301    242  3.00
      301    328  1.00
      301    593  4.00
      301    644  4.00
      302      9  1.00
      302     15  2.00
      302    169  3.00
      302    242  2.00
      302    392  3.00
      302    514  3.00
      303    493  2.00
      303    576  1.00
      303    599  5.00
      303    646  2.00
      303    661  1.00
      303    703  1.00
      304     65  6.00
      304    102  2.00
      304    167  6.00
      304    172  1.00
      304    192  1.00
      304    504  6.00
      304    551  1.00
      304    691  1.00
      305    396  5.00
      305    677  5.00
      306    387  3.00
      307    124  3.00
      307    169  4.00
      307    223  3.00
      307    269  3.00
      307    363  1.00
      307    440  4.00
      307    479  4.00
      307    506  1.00
      308     23  2.00
      308     93  1.00
      308    258  5.00
      308    261  3.00
      308    602  1.00
      309    653  4.00
      310    123  2.00
      310    252  6.00
      310    456  4.00
      310    614  3.00
      310    619  4.00
      310    634  3.00
      310    651  2.00
      310    664  5.00
      311    236  2.00
      311    410  6.00
      311    494  6.00
      311    523  6.00
      311    528  6.00
      312     23  1.00
      312    236  3.00
      312    243  2.00
      312    619  1.00
      313    224  2.00
      313    252  2.00
      313    284  2.00
      313    294  1.00
      313    451  2.00
      313    456  2.00
      313    504  2.00
      313    591  1.00
      313    595  2.00
      313    664  4.00
      314     77  3.00
      314    238  6.00
      314    243  6.00
      314    555  1.00
      314    672  3.00
      314    679  1.00
      315    658  4.00
      316     96  1.00
      316    251  6.00
      316    351  2.00
      316    371  1.00
      318     28  3.00
      318    244  4.00
      318    485  3.00
      320     65  1.00
      320    228  1.00
      320    233  4.00
      320    245  1.00
      320    507  1.00
      320    555  1.00
      320    568  3.00
      320    589  2.00
      320    671  1.00
      320    694  2.00
      321      2  4.00
      321     78  4.00
      321     82  2.00
      321    124  2.00
      321    161  4.00
      321    231  2.00
      321    232  2.00
      321    431  3.00
      321    639  1.00
      321    682  1.00
      322     41  3.00
      322     90  4.00
      322    122  5.00
      322    213  3.00
      322    244  3.00
      322    367  5.00
      322    619  2.00
      323     37  1.00
      323    155  1.00
      325    183  3.00
      325    254  2.00
      325    458  4.00
      326     20  1.00
      326     76  5.00
      326    105  1.00
      326    289  1.00
      326    322  1.00
      326    336  1.00
      326    365  4.00
      326    380  5.00
      326    569  1.00
      327    162  2.00
      327    539  5.00
      327    678  1.00
      328    510  1.00
      328    677  1.00
      330     12  5.00
      330    335  5.00
      332     61  1.00
      332    118  3.00
      332    346  5.00
      332    355  4.00
      332    361  4.00
      332    438  3.00
      332    483  3.00
      332    664  1.00
      333    138  6.00
      333    401  5.00
      333    513  3.00
      333    587  5.00
      333    663  4.00
      334     72  6.00
      334    211  6.00
      334    582  3.00
      334    637  5.00
      335    196  5.00
      335    264  2.00
      335    330  5.00
      335    516  4.00
      336      1  3.00
      336    262  3.00
      336    546  4.00
      336    671  4.00
      336    677  3.00
      338     23  1.00
      338    282  3.00
      338    308  1.00
      338    443  4.00
      338    586  5.00
      338    658  4.00
      338    687  5.00
      339    213  2.00
      339    322  3.00
      339    336  1.00
      339    389  2.00
      339    410  2.00
      339    546  2.00
      339    671  1.00
      340    153  6.00
      340    502  3.00
      340    527  2.00
      341     99  2.00
      341    426  1.00
      341    464  1.00
      341    511  2.00
      342    158  1.00
      342    269  1.00
      342    348  3.00
      342    441  1.00
      342    443  1.00
      342    582  1.00
      342    626  2.00
      344    211  4.00
      344    276  3.00
      344    667  6.00
      345    182  1.00
      345    186  1.00
      346     65  2.00
      346    102  4.00
      346    233  1.00
      346    332  2.00
      346    361  3.00
      346    365  3.00
      346    438  2.00
      346    483  2.00
      346    664  3.00
      348      8  4.00
      348    269  3.00
      348    360  2.00
      348    363  3.00
      348    440  2.00
      348    499  3.00
      348    642  3.00
      348    645  3.00
      348    688  2.00
      351    198  2.00
      351    270  1.00
      351    448  3.00
      351    556  1.00
      351    558  6.00
      352     17  1.00
      352     18  1.00
      352     93  1.00
      352    193  3.00
      352    194  1.00
      352    444  5.00
      352    474  1.00
      352    534  1.00
      353      8  1.00
      353     46  4.00
      353     93  1.00
      353    139  1.00
      353    421  5.00
      353    645  2.00
      354    129  1.00
      354    160  5.00
      354    360  2.00
      354    472  1.00
      354    508  1.00
      354    594  3.00
      356     66  1.00
      356    149  2.00
      356    290  1.00
      356    294  1.00
      356    320  3.00
      356    400  1.00
      356    429  1.00
      356    546  1.00
      357     17  2.00
      357    193  3.00
      357    369  2.00
      357    371  6.00
      357    421  1.00
      357    501  2.00
      357    553  3.00
      359     74  1.00
      359    121  1.00
      359    147  1.00
      359    494  3.00
      360    166  6.00
      360    199  3.00
      360    346  2.00
      360    354  2.00
      360    472  6.00
      360    524  5.00
      360    645  2.00
      361     66  5.00
      361     67  5.00
      361    102  3.00
      361    174  2.00
      361    233  5.00
      361    245  3.00
      361    346  6.00
      361    365  6.00
      361    438  5.00
      361    664  5.00
      362    404  6.00
      362    578  2.00
      362    629  6.00
      362    648  2.00
      363     67  3.00
      363    166  6.00
      363    223  4.00
      363    307  2.00
      363    348  4.00
      363    506  4.00
      363    571  4.00
      363    647  1.00
      365    188  1.00
      365    233  1.00
      365    310  1.00
      365    346  1.00
      365    391  1.00
      365    395  1.00
      365    438  1.00
      365    619  1.00
      365    664  1.00
      366     51  6.00
      366    119  5.00
      366    188  3.00
      366    264  5.00
      366    516  5.00
      366    581  6.00
      366    582  3.00
      366    691  3.00
      367     50  1.00
      367    115  5.00
      367    322  3.00
      367    336  3.00
      367    495  3.00
      367    619  2.00
      367    674  4.00
      368    247  3.00
      368    290  1.00
      368    436  3.00
      368    485  3.00
      368    627  1.00
      368    704  2.00
      369    193  3.00
      369    276  1.00
      369    357  3.00
      369    371  2.00
      369    489  4.00
      369    501  3.00
      369    553  4.00
      370    194  1.00
      370    386  5.00
      370    603  4.00
      370    625  2.00
      370    659  3.00
      370    709  5.00
      372    516  2.00
      373     19  1.00
      373     20  1.00
      373     61  5.00
      373     71  1.00
      373    126  2.00
      373    206  4.00
      373    293  3.00
      373    306  1.00
      373    377  3.00
      374    269  1.00
      374    558  1.00
      375    136  2.00
      375    187  4.00
      375    243  3.00
      375    382  3.00
      375    523  5.00
      375    636  4.00
      375    662  1.00
      376     40  4.00
      376    191  4.00
      376    232  3.00
      376    335  2.00
      376    408  2.00
      376    682  2.00
      377     16  2.00
      377     22  3.00
      377    110  3.00
      377    206  3.00
      377    373  3.00
      377    588  2.00
      377    685  2.00
      378     56  4.00
      378     74  2.00
      378    204  1.00
      378    205  3.00
      378    241  1.00
      378    345  2.00
      378    488  2.00
      378    518  2.00
      378    520  2.00
      378    601  2.00
      379     56  3.00
      379    144  3.00
      379    466  1.00
      379    488  1.00
      379    529  4.00
      379    565  2.00
      379    591  2.00
      379    595  3.00
      380     55  3.00
      380     56  2.00
      380    125  4.00
      380    240  5.00
      380    257  1.00
      380    414  1.00
      380    511  2.00
      380    517  2.00
      380    525  5.00
      382    375  1.00
      382    413  1.00
      382    620  1.00
      382    662  1.00
      383    681  4.00
      384    123  3.00
      384    188  3.00
      384    433  3.00
      384    619  4.00
      385    125  2.00
      385    177  1.00
      385    271  4.00
      385    466  3.00
      385    485  1.00
      385    488  1.00
      385    495  2.00
      385    536  4.00
      385    565  1.00
      385    573  3.00
      386    173  3.00
      386    459  3.00
      386    600  6.00
      386    674  3.00
      387      6  1.00
      387     11  1.00
      387     82  2.00
      387    180  1.00
      387    255  1.00
      387    268  1.00
      387    306  3.00
      387    386  1.00
      387    461  1.00
      387    472  1.00
      389     39  1.00
      389    120  3.00
      389    121  1.00
      389    399  2.00
      389    466  2.00
      390     42  2.00
      390    130  1.00
      390    242  3.00
      390    331  1.00
      390    519  2.00
      390    678  5.00
      391     54  5.00
      391     60  2.00
      391    118  3.00
      391    127  6.00
      391    346  2.00
      391    547  2.00
      391    634  3.00
      392    130  2.00
      392    302  2.00
      392    539  3.00
      393     85  5.00
      393    193  3.00
      393    202  2.00
      393    334  2.00
      393    474  2.00
      393    501  1.00
      393    581  3.00
      394     86  1.00
      394    222  2.00
      394    414  1.00
      394    593  1.00
      394    615  1.00
      395    114  3.00
      395    140  1.00
      395    149  6.00
      395    202  1.00
      395    233  2.00
      395    498  6.00
      396     27  4.00
      396    221  5.00
      396    272  3.00
      396    677  5.00
      398    131  3.00
      398    247  1.00
      398    527  1.00
      398    686  1.00
      399    121  1.00
      399    175  1.00
      399    389  1.00
      399    406  1.00
      399    466  2.00
      399    520  1.00
      399    562  1.00
      399    595  1.00
      399    700  2.00
      400     33  1.00
      400    142  1.00
      400    322  1.00
      400    356  1.00
      400    458  1.00
      400    546  1.00
      400    675  1.00
      400    696  2.00
      401    138  4.00
      401    330  1.00
      401    333  6.00
      401    445  2.00
      403    357  3.00
      403    369  1.00
      403    501  4.00
      403    553  3.00
      404     25  1.00
      404     26  1.00
      404    273  4.00
      404    373  1.00
      404    386  1.00
      404    401  1.00
      404    408  1.00
      404    459  1.00
      404    515  3.00
      405      5  1.00
      405    177  1.00
      405    257  2.00
      405    267  2.00
      406     23  4.00
      406    203  2.00
      406    396  1.00
      406    469  1.00
      406    510  3.00
      406    569  2.00
      406    604  3.00
      406    702  2.00
      407     87  4.00
      407     95  3.00
      407    199  1.00
      407    252  2.00
      407    272  3.00
      407    310  4.00
      407    455  3.00
      408    214  2.00
      408    377  3.00
      408    447  5.00
      408    554  2.00
      408    588  1.00
      408    624  2.00
      408    661  6.00
      410    290  2.00
      410    311  3.00
      410    339  1.00
      410    412  5.00
      410    418  1.00
      410    422  1.00
      410    512  3.00
      410    528  6.00
      410    702  2.00
      411    527  2.00
      411    686  3.00
      412     66  5.00
      412    317  5.00
      412    410  3.00
      412    429  3.00
      413    122  4.00
      413    252  4.00
      413    429  5.00
      413    615  5.00
      414    394  1.00
      414    413  5.00
      414    549  1.00
      414    615  1.00
      414    659  2.00
      415    308  3.00
      415    473  6.00
      418    153  3.00
      418    183  3.00
      418    262  6.00
      418    704  6.00
      419     85  2.00
      419     93  5.00
      419    158  4.00
      419    171  4.00
      419    364  4.00
      420    298  5.00
      420    485  5.00
      420    692  5.00
      421     46  4.00
      421     72  1.00
      421     78  1.00
      421    353  3.00
      421    357  1.00
      421    484  1.00
      422     61  3.00
      422    102  2.00
      422    127  2.00
      422    234  4.00
      422    346  3.00
      422    385  2.00
      422    634  3.00
      422    640  2.00
      422    664  3.00
      423    119  2.00
      423    122  2.00
      423    238  2.00
      423    283  2.00
      423    597  2.00
      424     49  4.00
      424     93  4.00
      424    291  3.00
      424    649  2.00
      424    666  6.00
      425    128  6.00
      425    264  3.00
      425    342  3.00
      425    513  6.00
      425    516  4.00
      425    538  6.00
      425    603  4.00
      426     36  2.00
      426    135  1.00
      426    261  4.00
      426    381  4.00
      426    450  1.00
      426    579  2.00
      426    608  4.00
      427     82  1.00
      427    190  6.00
      427    541  5.00
      427    660  6.00
      428     36  1.00
      428     45  1.00
      428     75  1.00
      428    238  1.00
      428    287  2.00
      428    528  1.00
      428    662  1.00
      428    669  5.00
      429     61  2.00
      429     66  6.00
      429    320  1.00
      429    412  1.00
      429    643  1.00
      431    126  6.00
      431    161  3.00
      431    223  3.00
      432     25  2.00
      432    141  2.00
      432    232  2.00
      432    554  6.00
      432    639  2.00
      433     60  2.00
      433    123  4.00
      433    143  4.00
      433    202  3.00
      433    221  2.00
      433    384  3.00
      433    619  4.00
      433    621  2.00
      433    651  4.00
      436     50  3.00
      436    167  4.00
      436    368  5.00
      436    441  6.00
      436    504  4.00
      436    507  4.00
      436    589  4.00
      436    693  6.00
      437     60  2.00
      437     77  2.00
      437    174  2.00
      437    188  5.00
      437    233  3.00
      437    245  4.00
      437    279  5.00
      437    361  1.00
      437    651  3.00
      438     62  4.00
      438     65  4.00
      438     77  5.00
      438    332  2.00
      438    346  6.00
      438    365  3.00
      438    440  3.00
      438    664  5.00
      439      9  1.00
      439    106  6.00
      439    133  1.00
      439    242  1.00
      439    331  1.00
      439    346  1.00
      439    390  1.00
      439    519  1.00
      440     12  4.00
      440     35  4.00
      440    124  2.00
      440    223  1.00
      440    307  4.00
      440    348  4.00
      440    363  1.00
      440    535  5.00
      440    647  6.00
      440    688  5.00
      441     51  3.00
      441    169  5.00
      441    269  4.00
      442     33  3.00
      442    116  2.00
      442    305  4.00
      442    455  3.00
      442    675  2.00
      442    704  1.00
      443    264  3.00
      443    272  5.00
      443    282  2.00
      443    297  3.00
      443    338  5.00
      443    342  2.00
      443    366  2.00
      443    586  6.00
      443    687  5.00
      444     17  5.00
      444     18  1.00
      444     78  1.00
      444    193  5.00
      444    352  6.00
      444    457  1.00
      446     27  2.00
      446    203  2.00
      446    272  5.00
      448    556  6.00
      449    126  4.00
      449    162  2.00
      449    223  2.00
      449    280  6.00
      449    484  2.00
      449    533  2.00
      449    616  2.00
      450    106  3.00
      450    135  2.00
      450    426  3.00
      451     12  3.00
      451     44  2.00
      451     51  1.00
      451     67  2.00
      451    324  6.00
      451    514  5.00
      452     99  2.00
      452    125  2.00
      452    142  1.00
      452    143  1.00
      452    511  2.00
      452    520  2.00
      452    552  2.00
      453    142  1.00
      453    247  1.00
      453    317  5.00
      453    643  2.00
      454     29  1.00
      454     32  2.00
      454    103  1.00
      454    150  4.00
      454    204  6.00
      454    488  3.00
      454    517  1.00
      454    529  1.00
      454    650  2.00
      456    136  1.00
      456    167  1.00
      456    169  1.00
      456    324  1.00
      456    483  1.00
      457     53  5.00
      457     67  1.00
      457     82  1.00
      457    161  2.00
      457    202  2.00
      457    207  2.00
      457    211  1.00
      457    556  1.00
      457    632  4.00
      458     50  1.00
      458    148  1.00
      458    400  1.00
      458    422  3.00
      458    453  2.00
      458    500  3.00
      458    643  3.00
      458    686  2.00
      459    108  2.00
      459    248  1.00
      459    386  3.00
      459    633  2.00
      460    646  2.00
      460    653  1.00
      461     11  3.00
      461     13  1.00
      461     81  1.00
      461    254  1.00
      461    255  2.00
      461    386  2.00
      461    472  1.00
      461    526  1.00
      462      5  2.00
      462    215  2.00
      462    378  1.00
      463     49  1.00
      463     93  2.00
      463    171  2.00
      463    184  1.00
      463    424  1.00
      463    474  2.00
      463    653  1.00
      465     99  3.00
      465    131  4.00
      465    426  1.00
      465    511  4.00
      465    517  3.00
      465    525  2.00
      465    591  1.00
      466      4  1.00
      466     29  1.00
      466     55  1.00
      466    177  1.00
      466    301  1.00
      466    385  2.00
      466    517  1.00
      466    536  1.00
      466    610  1.00
      467    115  3.00
      467    122  1.00
      467    187  3.00
      467    349  5.00
      467    541  1.00
      470     24  2.00
      470    150  1.00
      470    177  1.00
      470    249  2.00
      470    356  1.00
      470    488  1.00
      470    529  2.00
      470    591  1.00
      471     49  4.00
      471    324  3.00
      471    335  2.00
      471    474  3.00
      471    590  4.00
      472    160  2.00
      472    360  6.00
      472    571  4.00
      472    581  4.00
      472    609  4.00
      473    261  2.00
      473    603  1.00
      473    656  2.00
      474     17  1.00
      474    184  1.00
      474    193  1.00
      474    211  6.00
      474    270  1.00
      474    334  3.00
      474    371  1.00
      474    393  1.00
      474    471  1.00
      474    653  1.00
      475    673  3.00
      476    179  1.00
      476    326  2.00
      476    399  5.00
      477     60  6.00
      477     87  1.00
      477    118  5.00
      477    167  6.00
      477    252  1.00
      477    256  1.00
      477    304  6.00
      477    504  6.00
      477    693  3.00
      478     83  3.00
      478     89  3.00
      478    336  5.00
      479     12  3.00
      479     44  1.00
      479    169  6.00
      479    172  1.00
      479    307  4.00
      479    484  4.00
      479    506  1.00
      479    647  1.00
      480    127  2.00
      480    174  3.00
      480    551  2.00
      480    555  5.00
      481     17  4.00
      481    124  2.00
      481    162  1.00
      481    193  4.00
      481    357  5.00
      481    484  1.00
      481    501  5.00
      481    553  1.00
      481    639  3.00
      482     35  3.00
      482    124  1.00
      482    161  2.00
      482    245  1.00
      482    285  3.00
      482    401  1.00
      482    447  3.00
      482    623  4.00
      483     61  5.00
      483    174  6.00
      483    332  3.00
      483    551  6.00
      484    343  5.00
      484    479  4.00
      485     61  1.00
      485    125  2.00
      485    177  5.00
      485    271  3.00
      485    420  6.00
      485    483  5.00
      485    550  5.00
      485    710  5.00
      486    100  1.00
      486    200  1.00
      486    264  1.00
      486    295  1.00
      486    303  2.00
      486    626  1.00
      486    633  1.00
      488    125  2.00
      488    145  1.00
      488    204  4.00
      488    503  1.00
      488    520  1.00
      488    565  4.00
      488    650  3.00
      488    689  1.00
      490     55  3.00
      490     68  3.00
      490    469  4.00
      490    488  1.00
      490    495  3.00
      490    520  3.00
      490    565  4.00
      490    591  5.00
      490    655  1.00
      491     67  2.00
      491    133  3.00
      491    173  2.00
      491    346  4.00
      491    361  2.00
      491    438  3.00
      491    526  3.00
      491    528  3.00
      492      8  2.00
      492     67  2.00
      492     97  6.00
      492    141  1.00
      492    172  2.00
      492    196  4.00
      492    232  2.00
      492    477  4.00
      492    635  4.00
      492    639  1.00
      493     28  2.00
      493    292  2.00
      493    303  4.00
      493    427  1.00
      493    599  1.00
      493    695  4.00
      493    702  4.00
      494    311  5.00
      494    339  4.00
      494    359  4.00
      494    528  3.00
      495    125  1.00
      495    177  1.00
      495    271  1.00
      495    367  3.00
      495    385  1.00
      495    466  1.00
      495    488  2.00
      495    536  1.00
      495    573  1.00
      495    591  1.00
      496     46  2.00
      496     65  5.00
      496    102  5.00
      496    152  3.00
      496    367  3.00
      496    522  3.00
      496    524  3.00
      496    550  2.00
      497      5  1.00
      497     29  1.00
      497    177  1.00
      497    495  1.00
      497    591  1.00
      497    595  1.00
      497    692  1.00
      498    114  5.00
      498    140  1.00
      498    188  2.00
      498    202  1.00
      498    233  3.00
      498    245  2.00
      498    361  1.00
      498    395  5.00
      500    458  6.00
      500    497  3.00
      500    643  6.00
      501      8  4.00
      501     17  4.00
      501    124  3.00
      501    193  4.00
      501    201  3.00
      501    357  6.00
      501    553  5.00
      502    265  2.00
      502    389  2.00
      502    521  3.00
      502    562  2.00
      502    595  2.00
      503    285  4.00
      503    478  4.00
      503    561  3.00
      503    585  3.00
      503    699  5.00
      504     60  6.00
      504     61  2.00
      504    167  3.00
      504    192  3.00
      504    304  5.00
      504    310  3.00
      504    477  6.00
      504    547  5.00
      506     51  1.00
      506    124  1.00
      506    169  3.00
      506    172  2.00
      506    307  2.00
      506    348  1.00
      506    363  2.00
      506    647  1.00
      506    688  1.00
      507     61  4.00
      507    148  5.00
      507    320  4.00
      507    483  2.00
      507    504  5.00
      507    589  6.00
      507    692  4.00
      507    693  5.00
      508    129  5.00
      508    347  5.00
      508    354  3.00
      508    383  1.00
      508    594  6.00
      509     62  2.00
      509    113  4.00
      509    226  5.00
      509    273  2.00
      509    386  1.00
      510    151  1.00
      510    229  1.00
      510    275  1.00
      510    289  1.00
      510    328  1.00
      510    406  3.00
      510    469  5.00
      510    569  2.00
      510    702  2.00
      511     99  3.00
      511    598  4.00
      511    601  5.00
      511    612  5.00
      512    183  2.00
      512    311  4.00
      512    326  1.00
      512    410  4.00
      512    510  1.00
      513    138  2.00
      513    333  2.00
      513    663  6.00
      513    682  2.00
      514    302  2.00
      514    324  1.00
      514    464  1.00
      514    611  6.00
      514    678  1.00
      516    209  5.00
      516    264  5.00
      516    307  1.00
      516    335  5.00
      516    366  6.00
      516    586  3.00
      517     99  5.00
      517    380  1.00
      517    511  4.00
      517    601  6.00
      518     29  3.00
      518     33  2.00
      518    591  1.00
      518    595  1.00
      519    242  2.00
      519    331  1.00
      519    390  2.00
      519    438  1.00
      519    439  2.00
      519    528  4.00
      520     55  2.00
      520    125  3.00
      520    267  1.00
      520    380  2.00
      520    452  3.00
      520    485  2.00
      520    488  1.00
      520    565  2.00
      520    591  1.00
      520    595  2.00
      521    239  4.00
      522     38  6.00
      522    496  3.00
      522    646  6.00
      522    659  2.00
      522    677  3.00
      523    173  3.00
      523    236  6.00
      523    239  5.00
      523    354  5.00
      523    375  6.00
      523    521  4.00
      523    707  3.00
      524    166  6.00
      524    199  1.00
      524    230  3.00
      524    274  2.00
      524    360  6.00
      524    496  3.00
      525    125  4.00
      525    380  5.00
      525    520  2.00
      526     81  5.00
      526    129  5.00
      526    274  3.00
      526    346  2.00
      527    142  2.00
      527    285  3.00
      527    298  1.00
      527    367  1.00
      527    621  3.00
      527    627  2.00
      527    686  3.00
      528     77  6.00
      528    113  1.00
      528    114  1.00
      528    236  1.00
      528    491  1.00
      528    519  1.00
      528    557  5.00
      528    659  2.00
      529    379  4.00
      529    531  2.00
      529    595  4.00
      531     29  2.00
      531    103  3.00
      531    120  2.00
      531    300  3.00
      531    389  2.00
      531    466  2.00
      531    529  2.00
      532      6  2.00
      532    124  1.00
      532    126  1.00
      532    128  4.00
      532    194  1.00
      532    447  1.00
      532    659  1.00
      533    358  3.00
      533    408  2.00
      533    447  3.00
      533    449  1.00
      533    515  5.00
      533    588  2.00
      533    687  4.00
      534    194  3.00
      535     12  4.00
      535     35  3.00
      535    124  6.00
      535    307  2.00
      535    330  1.00
      535    440  3.00
      535    647  3.00
      535    688  5.00
      536    194  1.00
      536    271  5.00
      536    385  3.00
      536    485  2.00
      536    495  2.00
      536    507  2.00
      536    573  6.00
      537    115  4.00
      537    255  1.00
      537    260  2.00
      537    407  6.00
      537    581  6.00
      538     35  2.00
      538     42  3.00
      538     48  2.00
      538     51  1.00
      538    121  3.00
      538    128  5.00
      538    425  6.00
      538    571  3.00
      538    603  4.00
      538    654  4.00
      540     20  1.00
      540    121  2.00
      540    177  1.00
      540    205  1.00
      540    380  2.00
      540    466  1.00
      540    485  1.00
      540    497  2.00
      540    520  1.00
      540    644  1.00
      541    397  2.00
      541    427  4.00
      542    108  2.00
      542    224  6.00
      542    253  6.00
      542    268  3.00
      542    294  4.00
      542    674  3.00
      542    695  1.00
      542    699  1.00
      543     39  1.00
      543    100  2.00
      543    120  1.00
      543    121  6.00
      543    425  2.00
      544    177  1.00
      544    262  1.00
      544    380  1.00
      544    385  1.00
      544    466  1.00
      544    520  1.00
      544    536  1.00
      544    591  1.00
      545      8  1.00
      545    162  4.00
      545    334  1.00
      546     37  2.00
      546    336  2.00
      546    396  2.00
      546    400  2.00
      546    598  6.00
      546    612  6.00
      546    690  1.00
      546    696  2.00
      547     60  6.00
      547    119  4.00
      547    127  4.00
      547    219  5.00
      547    252  4.00
      547    283  3.00
      547    550  1.00
      548     24  1.00
      548    329  3.00
      548    559  2.00
      548    660  1.00
      549     79  4.00
      549    490  1.00
      549    591  3.00
      550     78  2.00
      550    109  1.00
      550    226  5.00
      550    332  1.00
      550    467  1.00
      550    485  6.00
      550    547  1.00
      550    634  1.00
      550    651  5.00
      550    674  2.00
      551     92  6.00
      551    174  6.00
      551    304  4.00
      551    483  6.00
      552    143  3.00
      552    148  6.00
      552    203  4.00
      552    229  3.00
      552    275  5.00
      552    336  2.00
      552    671  4.00
      552    675  3.00
      553      8  6.00
      553     72  1.00
      553     96  1.00
      553    158  4.00
      553    162  1.00
      553    193  2.00
      553    369  3.00
      553    371  2.00
      553    667  4.00
      554     40  1.00
      554     48  1.00
      554    223  2.00
      554    232  2.00
      554    376  2.00
      554    431  1.00
      554    432  6.00
      554    639  1.00
      554    703  1.00
      555    337  4.00
      555    480  4.00
      557     41  1.00
      557     62  1.00
      557     86  1.00
      557    127  1.00
      557    174  1.00
      557    375  1.00
      557    409  1.00
      557    483  1.00
      557    528  1.00
      557    547  1.00
      558     65  2.00
      558    193  3.00
      558    348  3.00
      558    351  6.00
      558    374  2.00
      558    560  4.00
      559     24  4.00
      559     65  2.00
      559    150  6.00
      559    569  2.00
      561    151  2.00
      561    455  1.00
      561    503  2.00
      561    530  2.00
      561    584  6.00
      561    702  3.00
      564    175  4.00
      564    177  2.00
      564    565  4.00
      564    591  3.00
      565     31  1.00
      565     55  1.00
      565    103  1.00
      565    125  1.00
      565    346  5.00
      565    385  1.00
      565    488  2.00
      565    490  1.00
      565    573  1.00
      565    591  3.00
      566      1  1.00
      566     30  1.00
      566    106  6.00
      566    134  1.00
      566    242  1.00
      566    522  1.00
      566    593  2.00
      566    674  1.00
      566    707  1.00
      567     52  3.00
      567    250  2.00
      567    349  2.00
      567    600  2.00
      568     61  1.00
      568     65  6.00
      568    127  3.00
      568    304  3.00
      568    320  3.00
      568    483  1.00
      568    594  4.00
      569    159  3.00
      569    257  1.00
      569    289  6.00
      569    388  5.00
      569    574  2.00
      569    701  3.00
      569    702  4.00
      570     86  2.00
      570    293  2.00
      570    468  4.00
      570    628  3.00
      572      8  1.00
      572     78  2.00
      572     82  4.00
      572    291  1.00
      572    357  2.00
      572    460  2.00
      572    553  1.00
      572    637  2.00
      573    271  4.00
      573    436  3.00
      573    536  4.00
      573    693  5.00
      574     83  3.00
      574    140  2.00
      574    285  5.00
      574    288  6.00
      574    552  3.00
      574    557  1.00
      574    561  1.00
      574    584  1.00
      575    153  2.00
      575    517  3.00
      575    644  6.00
      576    292  1.00
      576    463  1.00
      576    660  1.00
      576    661  3.00
      577     64  2.00
      577    103  2.00
      577    205  3.00
      577    215  1.00
      577    265  2.00
      577    378  1.00
      577    490  1.00
      577    565  1.00
      579     30  5.00
      579     44  2.00
      579     69  1.00
      579     99  1.00
      579    341  1.00
      579    426  4.00
      579    511  2.00
      581     73  3.00
      581    264  5.00
      581    302  2.00
      581    342  4.00
      581    366  6.00
      581    443  2.00
      581    446  1.00
      581    516  5.00
      581    586  6.00
      582      2  1.00
      582     78  3.00
      582    162  1.00
      582    207  4.00
      582    334  4.00
      582    630  6.00
      582    637  6.00
      582    645  1.00
      584     66  2.00
      584    412  2.00
      584    530  6.00
      584    557  2.00
      584    561  6.00
      585      6  1.00
      585    102  1.00
      585    174  1.00
      585    503  6.00
      586    200  2.00
      586    282  1.00
      586    338  5.00
      586    443  6.00
      586    516  3.00
      586    533  1.00
      586    581  6.00
      586    687  5.00
      587    146  6.00
      587    191  3.00
      587    333  6.00
      587    397  5.00
      587    513  4.00
      588     22  3.00
      588     53  6.00
      588    126  4.00
      588    260  3.00
      588    373  1.00
      588    377  2.00
      588    447  5.00
      588    605  2.00
      589     50  1.00
      589    148  1.00
      589    320  1.00
      589    483  1.00
      589    504  1.00
      589    507  6.00
      589    693  6.00
      590    383  1.00
      590    471  4.00
      591     56  3.00
      591    103  1.00
      591    177  1.00
      591    469  2.00
      591    490  2.00
      591    520  1.00
      591    565  3.00
      592     59  1.00
      592    210  1.00
      592    222  1.00
      592    585  2.00
      592    657  1.00
      593     30  3.00
      593    134  4.00
      593    246  2.00
      593    250  4.00
      593    258  3.00
      593    428  2.00
      593    644  6.00
      594    160  6.00
      594    354  3.00
      594    508  4.00
      594    556  3.00
      595     29  6.00
      595    240  3.00
      595    379  5.00
      595    438  1.00
      595    529  5.00
      595    565  1.00
      595    591  1.00
      595    689  6.00
      597    104  2.00
      597    470  6.00
      597    474  2.00
      598    612  6.00
      598    690  1.00
      598    696  1.00
      599    303  4.00
      599    493  1.00
      599    646  1.00
      599    682  1.00
      599    695  1.00
      599    703  1.00
      600    299  4.00
      600    386  6.00
      600    621  1.00
      601    120  2.00
      601    262  4.00
      601    378  2.00
      601    517  6.00
      603    128  6.00
      603    425  6.00
      603    538  4.00
      603    587  3.00
      604     47  1.00
      604    159  4.00
      604    289  3.00
      604    406  4.00
      604    510  1.00
      604    701  1.00
      604    702  1.00
      605    431  2.00
      606     18  5.00
      606     80  4.00
      606    194  1.00
      606    264  1.00
      606    276  1.00
      606    335  1.00
      606    463  3.00
      606    658  1.00
      607    370  3.00
      607    386  1.00
      607    532  3.00
      607    674  3.00
      608    135  2.00
      608    426  2.00
      608    450  1.00
      608    517  2.00
      608    598  2.00
      608    601  2.00
      608    704  2.00
      609     42  6.00
      609     46  4.00
      609     81  3.00
      609    255  1.00
      609    360  5.00
      609    472  5.00
      610      4  2.00
      610     16  3.00
      610     65  4.00
      610    228  3.00
      610    346  3.00
      610    507  3.00
      610    619  3.00
      610    692  3.00
      611     81  2.00
      611    168  5.00
      611    199  4.00
      611    514  6.00
      611    707  4.00
      612    598  6.00
      613     29  1.00
      613    103  3.00
      613    177  2.00
      613    194  1.00
      613    217  2.00
      613    389  2.00
      613    502  1.00
      613    558  3.00
      613    699  2.00
      613    700  6.00
      614     87  5.00
      614    167  5.00
      614    228  3.00
      614    252  2.00
      614    310  2.00
      614    477  5.00
      614    504  3.00
      614    507  3.00
      614    547  1.00
      614    619  1.00
      615     45  3.00
      615    222  3.00
      615    394  1.00
      615    413  4.00
      615    414  1.00
      616    107  1.00
      616    362  2.00
      616    449  1.00
      616    629  1.00
      617    660  6.00
      619    143  6.00
      619    228  3.00
      619    310  5.00
      619    322  2.00
      619    367  3.00
      619    384  2.00
      619    433  2.00
      619    568  3.00
      619    698  4.00
      620     19  5.00
      620     99  2.00
      620    413  1.00
      623     85  3.00
      623     96  1.00
      623    369  3.00
      623    482  3.00
      623    501  3.00
      624     25  1.00
      624    146  3.00
      624    404  3.00
      624    408  2.00
      624    603  5.00
      624    687  3.00
      625     65  5.00
      625     73  2.00
      625    370  3.00
      625    609  5.00
      625    614  3.00
      625    651  5.00
      626    185  4.00
      626    342  1.00
      626    376  1.00
      626    602  1.00
      626    682  1.00
      626    691  1.00
      627     32  2.00
      627    244  3.00
      627    322  1.00
      627    356  2.00
      627    368  1.00
      627    436  1.00
      627    527  2.00
      628     68  3.00
      628    103  5.00
      628    125  5.00
      628    150  3.00
      628    271  3.00
      628    468  6.00
      628    488  4.00
      628    570  3.00
      628    650  3.00
      629    362  6.00
      629    404  2.00
      630     72  3.00
      630    207  6.00
      630    334  6.00
      630    582  6.00
      630    637  6.00
      631     71  1.00
      631    254  1.00
      631    387  1.00
      631    468  1.00
      631    690  5.00
      632      2  4.00
      632    193  4.00
      632    194  4.00
      632    209  2.00
      632    330  5.00
      632    347  5.00
      632    444  2.00
      632    630  2.00
      634    109  6.00
      634    228  1.00
      634    252  3.00
      634    310  2.00
      634    346  2.00
      634    361  3.00
      634    384  2.00
      634    477  2.00
      634    550  4.00
      634    619  2.00
      635     97  5.00
      635    492  5.00
      635    694  2.00
      636     60  1.00
      636    122  1.00
      636    228  1.00
      636    238  1.00
      636    243  1.00
      636    375  3.00
      636    634  1.00
      636    662  1.00
      637     72  2.00
      637    207  6.00
      637    209  5.00
      637    334  6.00
      637    582  5.00
      637    630  6.00
      639     26  1.00
      639     40  2.00
      639     48  1.00
      639    124  1.00
      639    141  4.00
      639    223  1.00
      639    232  5.00
      639    321  1.00
      639    432  2.00
      639    506  1.00
      640    211  1.00
      640    260  6.00
      640    374  1.00
      640    568  5.00
      640    594  2.00
      640    691  1.00
      643     50  1.00
      643     66  1.00
      643    247  1.00
      643    317  1.00
      643    453  1.00
      643    497  5.00
      643    499  1.00
      643    500  4.00
      643    642  2.00
      645    158  6.00
      645    207  1.00
      645    582  1.00
      645    667  6.00
      646     38  2.00
      646    303  5.00
      646    460  4.00
      646    493  1.00
      646    522  6.00
      646    695  2.00
      647     35  1.00
      647    124  1.00
      647    223  1.00
      647    440  6.00
      647    524  1.00
      647    535  4.00
      647    688  3.00
      648     28  1.00
      648     63  2.00
      648     82  2.00
      648    533  3.00
      648    687  2.00
      651     60  3.00
      651    193  4.00
      651    207  5.00
      651    431  2.00
      651    437  5.00
      651    550  5.00
      651    637  4.00
      652     32  1.00
      652    446  6.00
      653    291  1.00
      653    309  4.00
      653    417  5.00
      653    474  2.00
      654    397  4.00
      654    437  6.00
      654    538  3.00
      654    587  4.00
      655    105  1.00
      655    177  1.00
      655    267  2.00
      655    379  1.00
      655    520  1.00
      655    529  3.00
      655    559  1.00
      655    650  3.00
      656    522  1.00
      658     80  5.00
      658     98  6.00
      658    315  3.00
      658    338  3.00
      659      1  3.00
      659     92  1.00
      659    126  1.00
      659    522  2.00
      659    555  3.00
      659    708  3.00
      660     28  1.00
      660    190  4.00
      660    292  1.00
      660    427  4.00
      660    541  3.00
      660    661  4.00
      661    231  2.00
      661    408  5.00
      661    576  2.00
      661    660  4.00
      662    122  3.00
      662    155  3.00
      662    246  3.00
      662    334  3.00
      662    375  1.00
      662    382  1.00
      663     92  6.00
      663     96  1.00
      663    333  4.00
      663    513  5.00
      664     65  1.00
      664    102  1.00
      664    233  1.00
      664    310  1.00
      664    346  1.00
      664    355  1.00
      664    365  1.00
      664    438  1.00
      665    356  1.00
      665    367  1.00
      665    400  1.00
      665    429  1.00
      665    527  1.00
      665    643  1.00
      665    704  1.00
      666     93  3.00
      666    424  6.00
      666    649  3.00
      667      8  6.00
      667    158  5.00
      667    171  3.00
      667    645  3.00
      669     76  1.00
      669    170  1.00
      669    265  1.00
      669    428  5.00
      669    491  1.00
      669    520  1.00
      669    526  1.00
      669    614  1.00
      670     54  1.00
      670    543  1.00
      670    693  1.00
      671    148  3.00
      671    219  1.00
      671    320  2.00
      671    336  3.00
      671    452  2.00
      671    511  2.00
      671    546  4.00
      671    552  2.00
      672     82  3.00
      672    638  4.00
      672    654  3.00
      673     74  1.00
      673    103  1.00
      673    177  1.00
      673    327  1.00
      673    469  1.00
      673    475  2.00
      675     77  3.00
      675    212  1.00
      675    317  4.00
      675    446  2.00
      675    557  2.00
      675    672  2.00
      680     43  1.00
      680    386  1.00
      680    414  4.00
      680    467  1.00
      680    469  4.00
      681     49  4.00
      681    185  6.00
      681    474  1.00
      682     42  3.00
      682     48  1.00
      682     51  1.00
      682    223  1.00
      682    276  6.00
      682    324  2.00
      682    343  3.00
      682    369  4.00
      682    513  5.00
      682    538  2.00
      683    262  1.00
      683    470  2.00
      686    411  3.00
      686    458  3.00
      686    671  4.00
      687    223  2.00
      687    338  2.00
      687    355  2.00
      687    361  2.00
      687    404  2.00
      687    443  2.00
      687    533  2.00
      687    586  2.00
      687    624  2.00
      688     12  1.00
      688     35  6.00
      688    124  1.00
      688    330  1.00
      688    363  1.00
      688    440  2.00
      688    524  1.00
      688    535  5.00
      688    647  1.00
      689    103  6.00
      689    145  3.00
      689    385  2.00
      689    595  5.00
      690      4  4.00
      690    396  1.00
      690    400  1.00
      690    458  2.00
      690    530  2.00
      690    546  2.00
      690    584  2.00
      690    612  2.00
      690    631  3.00
      690    677  1.00
      691    168  6.00
      691    200  2.00
      691    360  4.00
      691    602  3.00
      691    626  4.00
      691    709  3.00
      692     33  1.00
      692     57  3.00
      692    228  3.00
      692    420  2.00
      692    485  3.00
      692    504  2.00
      692    507  1.00
      692    619  1.00
      692    693  3.00
      693    148  4.00
      693    279  3.00
      693    284  4.00
      693    320  2.00
      693    436  5.00
      693    504  2.00
      693    507  5.00
      694     97  3.00
      694    443  1.00
      694    684  5.00
      696     33  1.00
      696    142  1.00
      696    213  6.00
      696    317  3.00
      696    339  1.00
      696    400  4.00
      696    643  1.00
      697    292  6.00
      697    660  6.00
      697    661  5.00
      698     50  3.00
      698    113  1.00
      698    119  1.00
      698    361  2.00
      698    509  1.00
      698    619  4.00
      700    613  6.00
      701    267  6.00
      701    591  3.00
      702     41  1.00
      702    289  2.00
      702    406  1.00
      702    509  1.00
      702    510  4.00
      702    552  1.00
      702    569  5.00
      702    604  2.00
      703      2  2.00
      703     40  2.00
      703     48  2.00
      703    132  2.00
      703    232  2.00
      704    418  5.00
      704    510  2.00
      705     25  1.00
      705     82  1.00
      705    191  1.00
      705    201  1.00
      705    362  3.00
      705    405  2.00
      705    629  1.00
      706     64  1.00
      706    125  1.00
      706    153  1.00
      706    204  5.00
      706    490  2.00
      706    518  1.00
      706    565  1.00
      706    628  1.00
      707    152  2.00
      707    168  5.00
      707    199  5.00
      707    496  4.00
      707    514  1.00
      707    611  4.00
      710     72  2.00
      710    158  2.00
      710    162  2.00
      710    178  1.00
      710    276  3.00
      710    343  3.00
      710    484  2.00
      710    630  1.00