DL
N=542
FORMAT=EDGELIST1
DATA:
        1     57  2.00
        1     95  2.00
        1    155  2.00
        1    202  2.00
        1    315  3.00
        1    401  5.00
        1    446  5.00
        2     74  4.00
        2     77  4.00
        2    151  5.00
        2    180  5.00
        4     19  2.00
        4     99  2.00
        4    161  3.00
        4    190  3.00
        4    233  2.00
        4    375  3.00
        4    484  3.00
        5    267  1.00
        6    184  1.00
        6    245  2.00
        6    352  2.00
        6    442  3.00
        6    500  1.00
        7    291  5.00
        7    375  1.00
        7    524  1.00
        8     60  3.00
        8    212  3.00
        8    226  1.00
        8    237  1.00
        8    316  1.00
        8    356  3.00
        8    357  4.00
        8    513  3.00
        9    483  1.00
       10     90  1.00
       10    245  1.00
       10    306  1.00
       10    352  2.00
       10    413  1.00
       10    500  1.00
       10    506  2.00
       11     42  1.00
       11    229  2.00
       11    309  3.00
       11    382  2.00
       11    424  1.00
       12     75  1.00
       12    193  2.00
       13      3  1.00
       13     97  1.00
       13    150  1.00
       13    154  2.00
       13    238  1.00
       13    306  1.00
       13    366  1.00
       13    398  1.00
       13    428  1.00
       13    430  1.00
       14    158  2.00
       14    184  2.00
       14    374  6.00
       14    405  4.00
       14    413  3.00
       14    457  3.00
       14    466  2.00
       14    486  2.00
       15     85  2.00
       15    161  1.00
       15    246  1.00
       15    333  1.00
       15    482  4.00
       16     73  1.00
       16    115  1.00
       16    142  1.00
       16    496  1.00
       17    105  1.00
       17    196  1.00
       18    103  1.00
       18    107  1.00
       18    298  4.00
       18    343  1.00
       18    458  1.00
       18    479  2.00
       19    156  1.00
       19    161  1.00
       19    239  1.00
       19    360  1.00
       21     98  2.00
       21    178  4.00
       21    193  3.00
       21    489  3.00
       21    497  5.00
       22    121  2.00
       22    164  1.00
       22    475  1.00
       22    493  4.00
       23     47  2.00
       23     97  2.00
       23    132  2.00
       23    181  2.00
       23    330  2.00
       23    371  3.00
       23    372  2.00
       23    471  2.00
       24     50  3.00
       24    102  3.00
       24    188  2.00
       24    284  4.00
       24    331  6.00
       24    385  3.00
       27    371  3.00
       28     32  1.00
       28    213  1.00
       28    450  1.00
       28    538  1.00
       29    240  4.00
       29    252  1.00
       29    292  1.00
       29    330  1.00
       29    355  5.00
       29    372  1.00
       31    134  2.00
       31    136  2.00
       31    330  2.00
       31    453  2.00
       32     37  1.00
       32     38  1.00
       32    283  4.00
       32    450  1.00
       32    460  3.00
       33    388  6.00
       33    432  3.00
       33    469  4.00
       34     97  3.00
       34    280  6.00
       34    292  6.00
       34    330  3.00
       34    363  1.00
       34    370  2.00
       34    372  5.00
       34    423  3.00
       34    517  3.00
       35    110  1.00
       35    540  2.00
       36    171  1.00
       36    204  2.00
       36    235  1.00
       36    383  3.00
       36    464  1.00
       37    391  3.00
       37    526  2.00
       38     59  3.00
       38    238  1.00
       38    267  4.00
       38    283  1.00
       38    523  3.00
       39     81  1.00
       39    113  1.00
       39    349  2.00
       39    516  6.00
       39    532  1.00
       40    409  4.00
       41    312  3.00
       42    256  1.00
       42    286  2.00
       43     14  1.00
       43     31  6.00
       43    124  3.00
       43    136  2.00
       43    251  1.00
       43    312  2.00
       43    413  3.00
       43    454  2.00
       47     97  4.00
       47    132  4.00
       47    315  1.00
       47    339  4.00
       48     86  2.00
       48    344  1.00
       48    357  2.00
       48    358  3.00
       48    404  4.00
       48    439  4.00
       49     83  4.00
       49    198  2.00
       49    416  2.00
       49    503  1.00
       50     24  2.00
       50     57  2.00
       50    117  2.00
       50    331  2.00
       50    438  1.00
       51    113  4.00
       51    161  3.00
       51    215  3.00
       51    311  1.00
       51    327  5.00
       51    336  2.00
       51    343  2.00
       51    360  2.00
       51    485  3.00
       52     25  3.00
       52     93  4.00
       52    171  4.00
       52    275  5.00
       53    103  4.00
       53    109  2.00
       53    449  4.00
       53    462  5.00
       53    476  5.00
       53    477  5.00
       55    142  3.00
       55    252  2.00
       55    271  5.00
       55    330  2.00
       55    363  2.00
       55    433  2.00
       55    463  2.00
       55    496  4.00
       55    527  3.00
       56     94  2.00
       56    101  1.00
       56    157  3.00
       56    210  2.00
       56    277  6.00
       56    368  5.00
       57     50  2.00
       57    289  1.00
       58    181  1.00
       58    244  1.00
       58    257  1.00
       58    288  1.00
       58    311  1.00
       58    470  6.00
       59     38  4.00
       59     62  2.00
       59    150  1.00
       59    217  1.00
       59    310  3.00
       59    331  1.00
       59    494  3.00
       59    500  4.00
       61      3  2.00
       61    158  1.00
       61    265  4.00
       61    288  2.00
       61    315  1.00
       61    343  2.00
       61    528  2.00
       63    351  5.00
       63    439  1.00
       63    493  3.00
       64    129  1.00
       64    175  6.00
       64    217  1.00
       65    126  1.00
       65    128  3.00
       65    175  3.00
       65    431  4.00
       66    262  6.00
       66    304  4.00
       66    419  6.00
       66    432  2.00
       66    469  2.00
       66    476  3.00
       66    477  3.00
       67    215  2.00
       67    472  1.00
       68     38  1.00
       68    278  4.00
       68    386  1.00
       68    523  2.00
       69    112  1.00
       69    209  1.00
       70     52  2.00
       70    216  4.00
       70    233  1.00
       70    275  2.00
       72     82  1.00
       72     98  1.00
       72    132  2.00
       72    243  3.00
       72    312  3.00
       72    330  1.00
       72    414  3.00
       72    416  6.00
       73     29  1.00
       73    109  6.00
       73    201  2.00
       73    280  1.00
       73    330  2.00
       73    355  2.00
       73    471  2.00
       73    496  6.00
       74      2  3.00
       74    180  4.00
       74    245  2.00
       75     82  3.00
       75     98  2.00
       75    124  2.00
       75    144  3.00
       75    159  2.00
       75    180  2.00
       75    207  3.00
       75    217  2.00
       75    385  2.00
       75    527  4.00
       76    307  1.00
       76    332  3.00
       76    348  1.00
       76    455  1.00
       76    491  2.00
       77      2  5.00
       77    180  2.00
       77    193  1.00
       77    248  2.00
       77    252  1.00
       77    342  1.00
       77    418  1.00
       79    243  2.00
       79    292  3.00
       79    398  2.00
       79    454  3.00
       80     48  5.00
       80     88  4.00
       80    307  3.00
       80    508  4.00
       81     39  2.00
       81     80  2.00
       81    211  2.00
       81    349  2.00
       81    516  2.00
       82     95  2.00
       82     98  3.00
       82    118  4.00
       82    124  2.00
       82    169  1.00
       82    199  1.00
       82    359  1.00
       82    397  4.00
       82    527  1.00
       83    426  1.00
       85     15  2.00
       85     36  1.00
       85     48  1.00
       85     80  1.00
       85    190  5.00
       85    333  1.00
       85    361  1.00
       85    482  1.00
       86    195  1.00
       86    476  1.00
       86    522  1.00
       87     82  2.00
       87    236  2.00
       87    300  1.00
       87    355  1.00
       87    359  1.00
       88      7  1.00
       88    204  1.00
       88    208  2.00
       88    254  3.00
       88    319  3.00
       89    104  1.00
       89    168  1.00
       89    194  1.00
       89    402  2.00
       90    241  1.00
       90    343  2.00
       90    413  1.00
       90    432  3.00
       90    448  1.00
       90    457  1.00
       91    191  2.00
       91    212  3.00
       91    287  6.00
       91    340  2.00
       91    377  2.00
       91    393  3.00
       91    432  2.00
       91    522  2.00
       92     29  1.00
       92     38  1.00
       92     43  2.00
       92     67  2.00
       92    100  1.00
       92    236  1.00
       92    366  2.00
       92    454  1.00
       93    133  3.00
       95     75  2.00
       95     82  3.00
       95    118  3.00
       95    124  2.00
       95    207  2.00
       95    315  2.00
       95    397  4.00
       95    496  1.00
       96     76  2.00
       96    108  4.00
       96    127  4.00
       96    138  5.00
       96    348  3.00
       96    438  3.00
       96    542  3.00
       97     47  5.00
       97    115  3.00
       97    132  3.00
       97    167  2.00
       97    330  1.00
       97    339  2.00
       97    463  3.00
       99    120  2.00
       99    212  1.00
       99    343  2.00
       99    354  1.00
       99    393  1.00
       99    432  2.00
      100     74  2.00
      100    141  2.00
      100    179  2.00
      100    386  2.00
      101    143  3.00
      101    350  3.00
      101    389  2.00
      101    448  1.00
      101    518  2.00
      102    237  2.00
      102    287  2.00
      102    331  2.00
      102    336  2.00
      102    388  3.00
      102    468  2.00
      103     53  5.00
      103    109  1.00
      103    206  6.00
      103    336  3.00
      103    476  2.00
      103    477  2.00
      104     16  1.00
      104     62  1.00
      104    252  1.00
      105     17  1.00
      105    114  1.00
      105    424  4.00
      105    434  2.00
      106     73  2.00
      106     97  1.00
      106    104  3.00
      106    167  3.00
      106    202  2.00
      106    280  3.00
      106    318  2.00
      106    494  4.00
      106    503  3.00
      107     18  1.00
      107    120  1.00
      108     96  4.00
      108    206  1.00
      108    242  4.00
      108    338  1.00
      108    361  1.00
      108    407  3.00
      108    419  1.00
      108    449  3.00
      109     53  2.00
      109     66  6.00
      109    462  2.00
      109    476  2.00
      109    477  2.00
      110     35  5.00
      111     47  1.00
      111     58  1.00
      111     61  1.00
      111    129  1.00
      111    158  1.00
      111    188  5.00
      111    217  2.00
      111    331  1.00
      111    470  1.00
      112     40  2.00
      112    209  5.00
      112    282  2.00
      112    326  1.00
      112    409  1.00
      113     51  2.00
      113    119  1.00
      113    177  3.00
      113    356  2.00
      113    396  4.00
      113    516  2.00
      113    532  4.00
      114     79  2.00
      114    188  2.00
      114    193  3.00
      114    331  3.00
      114    384  2.00
      114    470  1.00
      115    251  2.00
      115    330  3.00
      115    520  1.00
      116    118  2.00
      116    308  1.00
      117     24  2.00
      117     50  2.00
      117    141  1.00
      117    148  2.00
      117    386  1.00
      117    398  2.00
      118     82  2.00
      118     98  2.00
      118    124  2.00
      118    397  2.00
      119    224  1.00
      119    311  1.00
      119    345  1.00
      119    360  1.00
      119    468  1.00
      119    513  1.00
      119    522  1.00
      120    262  1.00
      120    477  1.00
      121     25  2.00
      121     73  3.00
      121    244  4.00
      122    430  6.00
      123     27  1.00
      123    133  1.00
      123    261  6.00
      123    266  1.00
      123    469  1.00
      124     75  1.00
      124     82  4.00
      124     98  3.00
      124    118  3.00
      124    207  1.00
      124    527  1.00
      125     87  3.00
      125    415  3.00
      126    150  3.00
      126    176  6.00
      126    260  4.00
      127     96  5.00
      127    266  5.00
      127    332  5.00
      128     62  1.00
      128     65  4.00
      128    175  4.00
      128    202  3.00
      128    244  2.00
      128    248  2.00
      128    385  2.00
      128    534  3.00
      129      2  1.00
      129     61  2.00
      129    201  1.00
      129    265  1.00
      129    454  2.00
      129    481  3.00
      130    224  1.00
      131    444  3.00
      131    509  1.00
      132     47  4.00
      132    249  2.00
      132    315  1.00
      132    420  1.00
      132    471  1.00
      133    208  4.00
      133    323  1.00
      133    376  1.00
      133    483  1.00
      134     12  1.00
      134    162  2.00
      134    196  1.00
      134    207  1.00
      134    431  1.00
      135    174  2.00
      135    211  1.00
      135    226  1.00
      135    275  1.00
      135    349  1.00
      135    447  3.00
      136     97  1.00
      136    217  1.00
      136    308  1.00
      136    315  1.00
      136    417  1.00
      137    177  4.00
      137    191  2.00
      137    233  5.00
      137    248  5.00
      137    252  1.00
      137    327  2.00
      137    338  3.00
      137    390  2.00
      139     84  5.00
      139    304  4.00
      139    334  2.00
      139    476  3.00
      140     51  1.00
      140    212  1.00
      140    297  1.00
      140    314  1.00
      140    328  1.00
      140    336  1.00
      140    361  1.00
      140    488  1.00
      140    513  1.00
      140    522  1.00
      141    112  4.00
      141    310  3.00
      141    363  5.00
      141    474  2.00
      141    506  5.00
      142     55  3.00
      142     73  3.00
      142    271  6.00
      142    330  3.00
      142    463  3.00
      142    471  2.00
      142    496  6.00
      143    350  3.00
      143    389  3.00
      143    448  2.00
      143    518  2.00
      144     24  1.00
      144     75  2.00
      144     82  1.00
      144    124  1.00
      144    207  2.00
      144    440  1.00
      144    534  1.00
      145     98  2.00
      145    118  1.00
      145    302  4.00
      145    305  3.00
      145    414  2.00
      147    246  2.00
      147    465  2.00
      148     24  1.00
      148    117  1.00
      148    317  1.00
      148    373  1.00
      148    398  2.00
      149     28  1.00
      149     38  2.00
      149    154  1.00
      149    267  2.00
      149    538  1.00
      150    126  3.00
      150    372  3.00
      150    489  2.00
      151      2  4.00
      151     74  3.00
      151    128  1.00
      151    134  1.00
      151    180  5.00
      151    398  2.00
      151    430  1.00
      152    238  2.00
      152    503  2.00
      152    504  2.00
      153     73  1.00
      153     98  1.00
      153    124  1.00
      153    323  3.00
      153    421  3.00
      154    486  1.00
      156     19  1.00
      156     23  2.00
      156    102  2.00
      156    218  2.00
      156    336  2.00
      156    361  2.00
      156    439  2.00
      156    524  1.00
      156    525  1.00
      157     56  2.00
      157    277  2.00
      158    108  1.00
      158    201  1.00
      158    413  2.00
      158    486  1.00
      159     58  1.00
      159    124  1.00
      159    192  2.00
      159    193  2.00
      159    244  1.00
      159    384  1.00
      159    470  1.00
      159    503  2.00
      159    531  2.00
      160     60  5.00
      160    142  2.00
      160    314  4.00
      160    330  2.00
      160    343  5.00
      160    504  4.00
      161    264  2.00
      161    333  5.00
      161    361  3.00
      161    537  2.00
      162    134  1.00
      162    456  4.00
      163     82  2.00
      163    218  2.00
      163    439  2.00
      163    512  2.00
      163    515  6.00
      164    241  1.00
      164    293  2.00
      164    313  2.00
      164    439  2.00
      164    489  1.00
      165    195  2.00
      165    212  2.00
      165    237  3.00
      165    287  5.00
      165    340  4.00
      165    469  3.00
      165    479  1.00
      165    522  1.00
      166     16  1.00
      166     62  5.00
      167    201  3.00
      167    330  4.00
      167    355  5.00
      167    363  2.00
      167    420  3.00
      167    421  2.00
      167    517  5.00
      167    520  4.00
      168     12  2.00
      168    284  2.00
      168    353  1.00
      168    381  1.00
      169     82  3.00
      169    118  4.00
      169    124  2.00
      169    168  3.00
      170    196  1.00
      170    342  1.00
      170    378  1.00
      170    424  1.00
      171     52  2.00
      171    333  1.00
      172    131  3.00
      172    427  4.00
      172    481  4.00
      173      4  3.00
      173    123  3.00
      173    228  4.00
      173    279  3.00
      173    307  3.00
      174    135  1.00
      174    211  1.00
      174    226  5.00
      174    349  1.00
      174    447  2.00
      175     64  2.00
      175     65  3.00
      175    118  1.00
      175    128  3.00
      175    202  1.00
      175    268  1.00
      175    285  2.00
      175    312  2.00
      176     29  1.00
      176    167  2.00
      176    230  5.00
      176    355  1.00
      177    113  3.00
      177    137  3.00
      177    356  1.00
      177    476  3.00
      177    477  3.00
      178     21  4.00
      178     47  1.00
      178    230  2.00
      178    236  1.00
      178    252  1.00
      178    453  1.00
      178    489  1.00
      178    517  1.00
      178    520  1.00
      179     72  1.00
      179    150  1.00
      179    243  2.00
      179    324  4.00
      179    416  1.00
      180      2  5.00
      180     13  1.00
      180     77  1.00
      180    151  5.00
      180    181  1.00
      180    288  1.00
      180    413  1.00
      180    470  1.00
      181     23  1.00
      181     29  4.00
      181    240  4.00
      181    308  1.00
      181    330  2.00
      181    355  3.00
      181    471  2.00
      183     72  1.00
      183     99  1.00
      183    176  1.00
      183    178  1.00
      183    238  1.00
      183    282  1.00
      183    335  4.00
      183    432  1.00
      184      3  2.00
      184     14  2.00
      184    374  2.00
      184    486  2.00
      184    523  2.00
      185    263  2.00
      185    275  1.00
      185    286  2.00
      186    241  1.00
      186    529  1.00
      187     10  1.00
      187    145  1.00
      187    221  1.00
      187    244  1.00
      187    381  1.00
      187    434  3.00
      187    503  1.00
      187    504  3.00
      187    523  1.00
      188     24  1.00
      188    114  2.00
      188    217  1.00
      188    331  2.00
      190    161  2.00
      190    225  5.00
      190    287  1.00
      190    361  4.00
      190    421  6.00
      190    478  5.00
      190    482  6.00
      191    258  2.00
      191    287  1.00
      191    323  1.00
      192     47  1.00
      192    132  1.00
      192    193  5.00
      192    384  1.00
      192    531  1.00
      193     58  2.00
      193     77  1.00
      193    132  1.00
      193    159  2.00
      193    192  5.00
      193    384  4.00
      193    531  2.00
      194     11  1.00
      194     38  1.00
      194     89  1.00
      195    109  4.00
      195    160  1.00
      195    205  2.00
      195    287  1.00
      195    313  1.00
      195    336  2.00
      195    360  2.00
      195    390  2.00
      195    469  4.00
      195    488  1.00
      196    170  2.00
      196    207  2.00
      197    208  3.00
      197    211  3.00
      197    232  4.00
      197    233  6.00
      197    246  3.00
      197    465  3.00
      198     96  1.00
      198    275  1.00
      198    375  1.00
      198    540  1.00
      199     82  1.00
      199     98  2.00
      199    163  3.00
      200     60  1.00
      200    160  5.00
      200    345  6.00
      200    358  1.00
      200    377  1.00
      200    488  1.00
      200    513  2.00
      201     53  5.00
      201    212  2.00
      201    257  1.00
      201    340  2.00
      201    370  1.00
      201    420  2.00
      201    421  3.00
      202     38  3.00
      202     98  5.00
      202    115  4.00
      202    251  3.00
      202    271  3.00
      202    318  4.00
      202    426  5.00
      202    494  4.00
      202    527  4.00
      203    326  4.00
      203    387  3.00
      203    458  4.00
      204    286  2.00
      204    319  3.00
      204    349  4.00
      204    536  3.00
      205     48  3.00
      205    127  2.00
      205    314  2.00
      205    338  3.00
      205    339  2.00
      205    488  1.00
      206     53  1.00
      206    103  5.00
      206    108  1.00
      206    476  1.00
      206    477  1.00
      206    539  1.00
      207     75  3.00
      207    196  1.00
      207    440  3.00
      207    527  1.00
      208    133  3.00
      208    197  3.00
      208    211  2.00
      208    226  4.00
      208    233  3.00
      208    246  2.00
      208    316  3.00
      208    349  2.00
      209     69  2.00
      209    112  6.00
      210    467  2.00
      210    487  3.00
      211     81  3.00
      211    174  2.00
      211    197  2.00
      211    233  4.00
      211    316  1.00
      211    346  5.00
      211    447  5.00
      212    201  3.00
      212    335  2.00
      212    336  6.00
      212    358  4.00
      212    393  4.00
      212    488  4.00
      212    532  5.00
      213     28  2.00
      213     32  5.00
      213    447  3.00
      213    450  6.00
      213    538  2.00
      214    273  3.00
      214    283  3.00
      214    455  2.00
      214    529  2.00
      215     67  4.00
      215    221  4.00
      215    331  2.00
      215    384  4.00
      215    413  3.00
      216     70  5.00
      216    279  4.00
      217     75  2.00
      217    129  6.00
      217    454  3.00
      218    314  4.00
      218    433  6.00
      219     69  1.00
      219    209  1.00
      219    369  1.00
      219    402  2.00
      219    467  1.00
      219    511  3.00
      220    266  2.00
      220    512  4.00
      221    132  1.00
      221    193  2.00
      221    247  3.00
      221    252  1.00
      221    300  5.00
      221    315  4.00
      221    339  1.00
      221    496  2.00
      224    297  1.00
      224    311  1.00
      224    344  2.00
      224    358  2.00
      224    360  1.00
      224    396  2.00
      224    488  2.00
      224    513  2.00
      225    153  1.00
      225    190  3.00
      225    376  1.00
      225    478  1.00
      226      8  2.00
      226    174  3.00
      226    208  3.00
      226    534  2.00
      227    113  2.00
      227    311  1.00
      227    479  2.00
      227    491  3.00
      228     76  2.00
      228    347  2.00
      228    348  2.00
      229     11  4.00
      229    105  2.00
      229    202  1.00
      229    231  1.00
      229    238  1.00
      229    382  3.00
      230     47  3.00
      230    167  4.00
      230    176  6.00
      230    178  4.00
      230    252  4.00
      230    342  3.00
      231     42  1.00
      231    155  2.00
      231    159  2.00
      231    305  4.00
      231    411  1.00
      232    137  6.00
      232    264  4.00
      232    338  5.00
      232    537  3.00
      233    133  1.00
      233    197  6.00
      233    208  1.00
      233    211  3.00
      233    246  2.00
      233    349  2.00
      233    465  4.00
      233    483  1.00
      233    516  1.00
      234    184  1.00
      234    523  2.00
      235     15  2.00
      235    375  3.00
      235    464  4.00
      235    495  2.00
      236    178  3.00
      236    181  3.00
      236    240  4.00
      236    355  2.00
      236    370  1.00
      236    463  4.00
      237     99  1.00
      237    311  1.00
      237    333  1.00
      237    360  5.00
      237    361  1.00
      237    522  3.00
      238     38  4.00
      239     19  2.00
      239    377  1.00
      239    384  5.00
      239    485  1.00
      240     29  5.00
      240    181  4.00
      240    292  4.00
      240    330  3.00
      240    355  5.00
      240    423  2.00
      240    517  2.00
      241    297  1.00
      241    354  1.00
      242    108  3.00
      242    161  4.00
      242    264  3.00
      242    407  6.00
      242    449  6.00
      243     72  2.00
      243     79  2.00
      243     82  2.00
      243     98  2.00
      243    114  2.00
      243    276  2.00
      243    373  2.00
      243    416  2.00
      243    451  2.00
      244     58  2.00
      244    121  2.00
      244    187  2.00
      244    257  1.00
      244    265  1.00
      244    315  1.00
      244    470  2.00
      244    495  1.00
      245     10  2.00
      245     73  3.00
      245    280  3.00
      245    330  2.00
      245    413  3.00
      245    496  3.00
      246      8  1.00
      246     15  3.00
      246    113  5.00
      246    232  2.00
      246    233  4.00
      246    327  3.00
      246    356  3.00
      246    465  4.00
      247     87  2.00
      247    148  2.00
      247    236  2.00
      247    249  2.00
      247    300  5.00
      247    316  2.00
      247    330  3.00
      247    355  2.00
      248     97  3.00
      248    115  3.00
      248    136  5.00
      248    252  6.00
      248    280  3.00
      248    330  5.00
      248    355  3.00
      248    420  3.00
      248    453  4.00
      249     23  3.00
      249     31  3.00
      249     43  4.00
      249     55  1.00
      249     98  2.00
      249    124  1.00
      249    247  1.00
      249    355  1.00
      249    489  1.00
      249    527  1.00
      250    113  1.00
      250    191  1.00
      250    323  1.00
      250    327  1.00
      250    532  1.00
      251    115  3.00
      251    330  1.00
      251    359  4.00
      251    372  3.00
      251    487  6.00
      251    520  6.00
      252    248  5.00
      252    300  5.00
      252    311  2.00
      252    314  2.00
      252    453  3.00
      252    472  5.00
      252    496  1.00
      253    282  2.00
      254      7  1.00
      254     88  5.00
      254    204  1.00
      254    411  2.00
      256     38  3.00
      256    196  2.00
      256    317  1.00
      256    431  1.00
      257     90  3.00
      257    306  3.00
      257    413  3.00
      257    420  2.00
      257    469  4.00
      258     19  1.00
      258    191  3.00
      258    212  2.00
      258    333  3.00
      258    482  5.00
      258    532  3.00
      259      3  2.00
      259     84  2.00
      259    109  2.00
      259    477  2.00
      260     12  3.00
      260     47  5.00
      260    193  3.00
      260    276  3.00
      260    301  3.00
      260    363  3.00
      260    423  3.00
      260    471  2.00
      261     27  2.00
      261    123  6.00
      261    266  3.00
      262     66  2.00
      262    139  1.00
      262    304  2.00
      262    343  1.00
      262    432  1.00
      262    477  2.00
      263    185  1.00
      263    286  1.00
      263    333  1.00
      263    375  1.00
      263    456  3.00
      263    499  1.00
      264    161  2.00
      264    338  3.00
      264    357  6.00
      265     61  3.00
      265    244  2.00
      265    388  2.00
      265    398  3.00
      265    528  3.00
      266     15  2.00
      266     25  2.00
      266    123  2.00
      266    127  3.00
      266    220  3.00
      266    439  3.00
      266    512  4.00
      268    318  3.00
      268    330  3.00
      269    161  2.00
      269    333  2.00
      269    335  1.00
      269    343  1.00
      269    359  2.00
      269    360  1.00
      269    489  2.00
      270     26  2.00
      270    384  4.00
      270    391  1.00
      270    451  6.00
      271     55  4.00
      271    142  4.00
      271    167  2.00
      271    489  2.00
      271    496  3.00
      272     48  1.00
      272    190  1.00
      272    311  2.00
      272    357  2.00
      272    452  3.00
      272    482  6.00
      272    537  1.00
      273     96  5.00
      273    183  2.00
      273    205  3.00
      273    241  1.00
      273    351  4.00
      274     18  4.00
      275     52  3.00
      275     70  2.00
      275    205  2.00
      275    422  3.00
      276     49  1.00
      276    192  1.00
      276    193  1.00
      276    308  2.00
      276    363  1.00
      276    420  1.00
      276    426  1.00
      276    472  2.00
      278     68  4.00
      278    186  3.00
      278    306  2.00
      278    325  2.00
      278    400  3.00
      278    501  5.00
      279    137  2.00
      279    177  2.00
      280     73  1.00
      280    330  2.00
      280    359  1.00
      280    420  1.00
      280    471  5.00
      282     95  1.00
      282    112  2.00
      282    209  2.00
      283     32  2.00
      283     49  5.00
      283     58  1.00
      283    202  1.00
      283    416  3.00
      283    427  1.00
      284    370  1.00
      285     34  1.00
      285    175  1.00
      285    215  1.00
      285    315  2.00
      285    398  2.00
      285    486  2.00
      286     42  2.00
      286    185  1.00
      286    204  2.00
      286    263  2.00
      287     91  3.00
      287    191  1.00
      287    314  1.00
      287    340  6.00
      287    388  1.00
      287    432  2.00
      287    469  1.00
      289     55  2.00
      289    142  3.00
      289    178  3.00
      289    252  2.00
      289    271  1.00
      289    330  2.00
      289    363  2.00
      289    370  2.00
      289    423  2.00
      290    410  2.00
      290    460  3.00
      291      7  6.00
      291     15  1.00
      291    328  1.00
      291    432  1.00
      291    524  2.00
      292     34  4.00
      292    142  2.00
      292    181  1.00
      292    240  2.00
      292    252  1.00
      292    330  2.00
      292    355  2.00
      292    363  1.00
      292    453  2.00
      292    486  2.00
      293     99  1.00
      293    164  1.00
      293    296  1.00
      293    479  1.00
      294     62  1.00
      294     78  3.00
      294    187  1.00
      294    196  1.00
      294    434  3.00
      294    504  1.00
      295    102  2.00
      295    357  2.00
      296     99  1.00
      296    141  1.00
      296    293  1.00
      297    343  3.00
      298     18  3.00
      298     35  3.00
      298    110  2.00
      298    186  5.00
      300    247  3.00
      300    252  5.00
      300    315  3.00
      300    328  2.00
      300    330  3.00
      300    517  4.00
      301     12  1.00
      301    355  4.00
      302    154  1.00
      302    231  2.00
      302    380  1.00
      302    487  1.00
      304     66  3.00
      304     99  3.00
      304    205  3.00
      304    262  3.00
      304    297  3.00
      304    313  1.00
      304    432  4.00
      304    476  6.00
      306    370  3.00
      306    413  3.00
      306    432  3.00
      307    228  2.00
      307    234  2.00
      308    314  5.00
      308    420  3.00
      308    423  6.00
      308    471  6.00
      308    489  4.00
      309     11  1.00
      309    207  1.00
      309    321  3.00
      309    378  4.00
      310     59  3.00
      310     65  1.00
      310    392  1.00
      310    486  1.00
      311    191  6.00
      311    232  1.00
      311    258  1.00
      311    287  2.00
      311    323  1.00
      312     41  6.00
      312     72  4.00
      312    175  2.00
      312    454  6.00
      313    360  5.00
      313    469  2.00
      314     60  6.00
      314    311  4.00
      314    343  1.00
      314    423  5.00
      314    513  5.00
      315     47  1.00
      315    167  1.00
      315    300  4.00
      315    420  1.00
      315    421  1.00
      315    457  4.00
      315    471  1.00
      316    108  5.00
      316    208  3.00
      316    211  2.00
      316    237  4.00
      316    264  1.00
      316    357  6.00
      317    373  5.00
      317    436  3.00
      317    451  4.00
      317    480  5.00
      318    106  1.00
      318    202  2.00
      318    267  5.00
      319     88  2.00
      319    321  3.00
      321    156  1.00
      321    204  3.00
      321    319  4.00
      321    508  5.00
      323    153  3.00
      323    191  3.00
      323    483  3.00
      324     72  1.00
      324     98  1.00
      324    134  1.00
      324    179  6.00
      324    243  2.00
      324    283  2.00
      324    416  3.00
      325    163  2.00
      325    218  1.00
      325    266  1.00
      325    287  2.00
      325    293  1.00
      325    356  2.00
      325    439  2.00
      325    510  1.00
      325    542  1.00
      326    183  2.00
      326    203  5.00
      326    387  3.00
      326    521  4.00
      326    535  2.00
      327     15  1.00
      327     51  3.00
      327    102  1.00
      327    113  2.00
      327    250  1.00
      327    485  4.00
      328    237  3.00
      328    300  6.00
      328    340  3.00
      328    477  3.00
      328    532  4.00
      329     96  1.00
      329    182  2.00
      329    470  3.00
      330     60  4.00
      330    115  2.00
      330    248  2.00
      330    292  1.00
      330    300  3.00
      330    423  4.00
      330    453  3.00
      331     24  6.00
      331    102  3.00
      331    114  3.00
      331    188  5.00
      331    352  3.00
      331    402  3.00
      332     76  2.00
      332    307  1.00
      332    348  2.00
      332    491  1.00
      333     15  3.00
      333     19  2.00
      333     86  2.00
      333    161  5.00
      333    171  3.00
      333    258  2.00
      333    361  4.00
      333    476  3.00
      334     84  6.00
      334    304  3.00
      334    438  6.00
      335    183  1.00
      335    212  3.00
      335    311  3.00
      335    336  4.00
      335    343  5.00
      335    462  3.00
      336    160  2.00
      336    212  4.00
      336    335  2.00
      336    393  1.00
      336    432  3.00
      336    462  4.00
      336    488  3.00
      337    284  1.00
      338    137  3.00
      338    205  4.00
      338    232  6.00
      338    339  5.00
      338    537  4.00
      339    209  4.00
      339    308  3.00
      339    471  4.00
      340     48  4.00
      340    287  6.00
      340    344  3.00
      340    357  4.00
      340    393  4.00
      341     11  1.00
      341    283  1.00
      341    309  3.00
      342    150  4.00
      342    193  4.00
      342    230  3.00
      342    289  3.00
      343    297  6.00
      343    311  6.00
      343    335  5.00
      343    393  6.00
      344    224  3.00
      344    237  1.00
      344    328  1.00
      344    336  1.00
      344    358  1.00
      344    399  3.00
      344    488  1.00
      345     53  4.00
      345    103  2.00
      345    200  6.00
      345    216  3.00
      345    248  1.00
      345    462  3.00
      345    469  1.00
      345    488  2.00
      346    208  1.00
      346    211  4.00
      346    226  1.00
      346    232  1.00
      346    233  4.00
      346    275  1.00
      346    323  1.00
      346    357  1.00
      346    483  1.00
      347    287  1.00
      347    316  1.00
      347    413  1.00
      347    429  1.00
      347    512  1.00
      348     76  3.00
      348     96  3.00
      348    226  2.00
      348    332  3.00
      348    435  4.00
      349     39  2.00
      349    133  1.00
      349    204  2.00
      349    233  2.00
      349    516  6.00
      351     63  4.00
      351    476  1.00
      351    477  1.00
      352     59  3.00
      352     69  1.00
      352    219  2.00
      352    325  1.00
      352    331  2.00
      352    402  1.00
      352    413  1.00
      353    168  1.00
      353    381  2.00
      353    526  2.00
      354     99  1.00
      354    241  1.00
      354    297  1.00
      354    343  1.00
      354    365  1.00
      355     29  6.00
      355     98  1.00
      355    240  5.00
      355    292  3.00
      355    330  1.00
      355    496  2.00
      355    517  1.00
      356     51  4.00
      356    108  2.00
      356    113  3.00
      356    161  3.00
      356    195  3.00
      356    246  2.00
      356    250  2.00
      356    361  1.00
      357    264  4.00
      357    295  2.00
      357    316  4.00
      357    393  2.00
      358    212  2.00
      358    287  2.00
      358    488  4.00
      359     44  1.00
      359    330  3.00
      359    370  1.00
      359    471  5.00
      359    489  6.00
      359    520  4.00
      360    311  3.00
      360    343  3.00
      360    468  3.00
      360    513  2.00
      361     51  1.00
      361    195  2.00
      361    237  1.00
      361    356  1.00
      362     40  1.00
      364    316  2.00
      364    375  2.00
      364    532  2.00
      366     43  1.00
      366    145  4.00
      366    414  3.00
      368     56  4.00
      369    157  2.00
      369    368  2.00
      369    457  2.00
      369    467  3.00
      370    308  5.00
      370    363  4.00
      370    404  4.00
      370    423  2.00
      370    471  6.00
      371     23  1.00
      371     29  1.00
      371     82  2.00
      371    115  1.00
      371    224  1.00
      371    330  3.00
      372    115  4.00
      372    201  1.00
      372    251  4.00
      372    330  1.00
      372    370  1.00
      372    420  5.00
      372    471  1.00
      373    153  1.00
      373    168  1.00
      373    243  1.00
      374     14  1.00
      374     57  1.00
      374    184  1.00
      374    259  1.00
      374    306  1.00
      374    413  1.00
      374    433  1.00
      374    457  1.00
      374    523  1.00
      375     15  2.00
      375    383  4.00
      375    417  2.00
      375    482  2.00
      375    508  2.00
      376    190  2.00
      376    426  3.00
      376    484  4.00
      377    200  3.00
      378    170  2.00
      378    196  2.00
      378    217  2.00
      378    238  2.00
      378    309  2.00
      379      3  2.00
      379    141  2.00
      379    219  2.00
      379    259  2.00
      379    402  2.00
      380    355  1.00
      380    385  1.00
      380    411  2.00
      380    420  1.00
      380    424  1.00
      380    487  4.00
      380    498  1.00
      380    527  2.00
      382    229  1.00
      382    431  1.00
      382    487  1.00
      383    375  2.00
      384    114  2.00
      384    215  1.00
      384    239  1.00
      384    322  1.00
      384    451  4.00
      384    528  1.00
      385     24  2.00
      385     67  2.00
      385    114  1.00
      385    142  1.00
      385    193  4.00
      385    276  4.00
      385    370  2.00
      385    423  1.00
      385    472  1.00
      385    534  4.00
      386     67  1.00
      386    128  1.00
      386    472  2.00
      386    534  3.00
      387    183  1.00
      387    203  4.00
      387    326  4.00
      388     33  6.00
      388     75  1.00
      388    102  4.00
      388    120  1.00
      388    262  1.00
      388    287  1.00
      388    476  1.00
      388    477  1.00
      390     15  3.00
      390    195  4.00
      390    205  3.00
      390    336  3.00
      390    485  1.00
      390    536  1.00
      391      2  1.00
      391     37  1.00
      391    151  1.00
      391    162  1.00
      392     59  4.00
      392    140  5.00
      392    410  6.00
      393    224  4.00
      393    311  5.00
      393    513  2.00
      395     48  2.00
      395    120  2.00
      395    485  4.00
      397     75  1.00
      397     82  6.00
      397     98  5.00
      397    118  5.00
      397    124  5.00
      397    207  1.00
      397    244  1.00
      397    489  1.00
      398      2  3.00
      398     79  3.00
      398    148  3.00
      398    244  3.00
      398    265  5.00
      398    337  1.00
      399    336  2.00
      399    344  5.00
      400    278  2.00
      400    501  4.00
      401      1  5.00
      401     14  1.00
      401     65  2.00
      401    192  3.00
      401    193  3.00
      401    433  1.00
      401    446  4.00
      403    184  2.00
      403    425  2.00
      403    442  1.00
      403    523  2.00
      404    330  1.00
      404    363  4.00
      404    370  5.00
      404    471  6.00
      405     14  6.00
      405     61  4.00
      405    265  4.00
      405    288  3.00
      405    528  4.00
      406     48  4.00
      406    218  3.00
      406    287  1.00
      406    311  1.00
      406    439  3.00
      407    120  1.00
      407    242  4.00
      407    449  4.00
      407    476  1.00
      407    477  1.00
      408     25  1.00
      408    349  1.00
      409     40  4.00
      409    112  3.00
      409    157  1.00
      409    210  1.00
      411     98  1.00
      411    101  2.00
      411    118  1.00
      411    318  1.00
      411    380  4.00
      412    104  1.00
      412    454  1.00
      412    459  3.00
      412    492  5.00
      413     14  2.00
      413     90  2.00
      413    257  2.00
      413    303  2.00
      413    306  2.00
      413    370  2.00
      413    421  2.00
      413    457  2.00
      413    471  2.00
      414     57  1.00
      414     72  1.00
      414     75  1.00
      414    145  1.00
      414    192  1.00
      414    366  1.00
      414    471  1.00
      415     12  3.00
      415    111  3.00
      415    114  2.00
      415    125  2.00
      415    176  2.00
      415    392  3.00
      415    417  4.00
      416     49  1.00
      416     72  3.00
      416    243  5.00
      416    283  3.00
      417    125  1.00
      417    154  1.00
      417    248  1.00
      417    278  3.00
      417    375  2.00
      418     16  3.00
      418    142  3.00
      418    471  6.00
      418    472  3.00
      418    489  4.00
      418    496  3.00
      419     66  6.00
      419    139  3.00
      419    262  5.00
      419    432  3.00
      419    449  4.00
      420    115  5.00
      420    201  2.00
      420    370  1.00
      420    421  1.00
      420    520  3.00
      421    190  2.00
      421    201  3.00
      421    410  3.00
      423    314  4.00
      423    330  4.00
      423    363  2.00
      424     72  4.00
      424     82  1.00
      424    105  3.00
      424    252  2.00
      424    370  1.00
      424    380  2.00
      424    416  3.00
      425    184  1.00
      425    302  1.00
      425    403  1.00
      426    191  1.00
      426    202  5.00
      426    376  3.00
      428     13  1.00
      428    155  2.00
      428    181  2.00
      428    398  2.00
      428    413  2.00
      429     99  1.00
      429    241  1.00
      429    458  3.00
      431     65  6.00
      431    134  2.00
      431    302  1.00
      431    382  1.00
      431    487  6.00
      432    287  3.00
      432    297  3.00
      432    304  3.00
      432    336  4.00
      432    343  4.00
      432    462  2.00
      432    477  3.00
      433     14  3.00
      433     67  3.00
      433    215  1.00
      433    218  5.00
      433    315  1.00
      433    413  2.00
      433    439  5.00
      433    496  2.00
      434    105  2.00
      434    187  1.00
      434    294  1.00
      435    348  4.00
      436    114  1.00
      436    267  3.00
      436    317  2.00
      437    220  4.00
      438     84  3.00
      438    259  2.00
      438    334  5.00
      438    419  2.00
      439    163  2.00
      439    218  6.00
      439    224  3.00
      439    482  1.00
      439    536  2.00
      440    144  1.00
      440    196  1.00
      440    207  1.00
      442      6  3.00
      442     10  3.00
      442    115  1.00
      442    142  1.00
      442    248  1.00
      442    355  1.00
      442    403  1.00
      442    411  3.00
      442    496  1.00
      443     20  1.00
      443     51  1.00
      443    329  1.00
      443    521  1.00
      444    131  3.00
      444    173  5.00
      446      1  3.00
      446    516  3.00
      447     24  1.00
      447    135  2.00
      447    174  3.00
      447    204  1.00
      447    211  5.00
      447    349  2.00
      449     53  3.00
      449    120  1.00
      449    242  5.00
      449    407  5.00
      449    462  1.00
      450    213  6.00
      450    402  6.00
      450    538  1.00
      451    153  2.00
      451    154  2.00
      451    270  6.00
      451    317  5.00
      451    384  6.00
      453     97  3.00
      453    248  4.00
      453    252  4.00
      453    292  4.00
      453    315  4.00
      453    330  3.00
      453    496  2.00
      454     72  4.00
      454     75  3.00
      454    312  6.00
      454    434  2.00
      455    529  1.00
      456    162  2.00
      456    323  3.00
      456    483  2.00
      456    498  2.00
      457     14  2.00
      457     90  3.00
      457    315  5.00
      457    343  2.00
      458    203  3.00
      458    326  3.00
      458    429  6.00
      459    293  5.00
      459    352  1.00
      459    402  1.00
      459    412  4.00
      459    492  1.00
      462     53  3.00
      462     60  1.00
      462    212  1.00
      462    328  1.00
      462    336  6.00
      462    345  1.00
      462    432  3.00
      462    488  1.00
      463     29  3.00
      463    236  4.00
      463    240  3.00
      463    359  3.00
      463    370  1.00
      463    372  3.00
      464     93  1.00
      464    103  1.00
      464    171  1.00
      464    383  2.00
      464    449  1.00
      464    482  1.00
      464    503  4.00
      466     40  1.00
      466    210  2.00
      466    409  2.00
      467     40  3.00
      467    210  4.00
      467    278  3.00
      467    466  3.00
      468    311  5.00
      468    343  1.00
      468    360  3.00
      468    469  1.00
      468    513  6.00
      469    257  6.00
      469    311  2.00
      469    313  3.00
      469    314  3.00
      469    360  5.00
      469    468  2.00
      469    513  2.00
      470     58  5.00
      470    244  3.00
      470    257  1.00
      471    201  3.00
      471    280  5.00
      471    359  6.00
      471    363  3.00
      471    370  6.00
      471    420  4.00
      471    421  5.00
      471    423  4.00
      471    520  5.00
      472    115  1.00
      472    150  1.00
      472    252  3.00
      472    280  2.00
      472    300  1.00
      472    308  2.00
      472    418  1.00
      472    471  3.00
      472    496  2.00
      475    120  1.00
      475    400  4.00
      475    522  3.00
      476     99  1.00
      476    139  3.00
      476    262  2.00
      476    304  4.00
      476    358  1.00
      476    388  1.00
      476    432  2.00
      476    477  3.00
      478     15  1.00
      478     93  1.00
      478    190  5.00
      478    291  3.00
      478    482  2.00
      478    532  2.00
      479     40  6.00
      479    282  2.00
      480    317  3.00
      480    373  6.00
      480    494  4.00
      481     10  1.00
      481     77  1.00
      481    129  3.00
      481    158  1.00
      481    180  1.00
      481    217  2.00
      482    190  5.00
      482    258  4.00
      483      9  1.00
      483    133  2.00
      483    208  2.00
      483    264  1.00
      483    323  3.00
      483    346  2.00
      483    357  1.00
      483    456  2.00
      483    498  1.00
      484     33  1.00
      484    275  1.00
      484    376  4.00
      484    388  1.00
      485    113  1.00
      485    239  1.00
      485    327  2.00
      485    360  1.00
      485    395  2.00
      486     14  1.00
      486    292  4.00
      486    306  1.00
      487     65  2.00
      487    243  1.00
      487    251  3.00
      487    380  3.00
      487    431  2.00
      488    195  4.00
      488    358  5.00
      488    377  2.00
      489     21  3.00
      489    115  2.00
      489    145  2.00
      489    330  4.00
      489    359  5.00
      489    363  1.00
      489    423  3.00
      489    471  4.00
      489    527  5.00
      491    108  2.00
      491    120  3.00
      491    262  2.00
      491    287  2.00
      491    407  3.00
      492     89  1.00
      492    104  1.00
      492    412  2.00
      493     22  1.00
      493     48  1.00
      493    121  1.00
      493    205  1.00
      493    475  1.00
      494     38  2.00
      494     59  4.00
      494    202  3.00
      494    288  1.00
      494    451  6.00
      495     21  1.00
      495    111  1.00
      495    114  1.00
      495    244  1.00
      495    331  1.00
      495    470  1.00
      495    503  1.00
      496     55  5.00
      496    142  6.00
      496    330  3.00
      496    339  3.00
      496    355  3.00
      496    423  1.00
      496    471  3.00
      497     21  3.00
      497    150  1.00
      497    289  2.00
      497    331  1.00
      498    133  1.00
      498    380  2.00
      498    411  1.00
      498    456  5.00
      498    483  1.00
      499     70  1.00
      500      6  3.00
      500     10  1.00
      500     12  1.00
      500    167  1.00
      500    184  2.00
      500    267  5.00
      500    318  1.00
      501     71  2.00
      501    109  1.00
      501    278  5.00
      501    354  1.00
      501    400  4.00
      503    159  1.00
      503    193  1.00
      503    260  1.00
      503    531  1.00
      504    187  2.00
      505    329  3.00
      506    190  2.00
      506    352  3.00
      507      6  1.00
      507     90  1.00
      507    241  1.00
      507    343  1.00
      507    413  1.00
      507    432  2.00
      507    457  1.00
      507    539  5.00
      508    321  5.00
      508    375  2.00
      509    126  1.00
      509    131  1.00
      509    151  1.00
      509    231  1.00
      509    240  1.00
      509    283  1.00
      509    353  1.00
      509    431  1.00
      510     48  2.00
      510     99  3.00
      510    103  2.00
      510    107  2.00
      510    120  2.00
      510    208  2.00
      510    218  3.00
      510    395  2.00
      510    449  3.00
      511    219  2.00
      511    306  1.00
      511    402  2.00
      511    413  1.00
      512     25  1.00
      512    220  6.00
      512    266  1.00
      512    449  1.00
      512    471  1.00
      513     60  4.00
      513    297  1.00
      513    311  6.00
      513    360  3.00
      513    468  6.00
      514     82  2.00
      514    199  4.00
      514    271  3.00
      514    330  2.00
      514    342  3.00
      515    161  1.00
      515    531  2.00
      516     39  3.00
      516    113  2.00
      516    349  1.00
      516    446  4.00
      516    532  1.00
      517    240  1.00
      517    248  2.00
      517    300  4.00
      517    315  1.00
      517    330  3.00
      517    355  1.00
      517    477  1.00
      518    143  3.00
      518    210  2.00
      519    230  1.00
      519    460  2.00
      519    489  1.00
      520    115  3.00
      520    251  3.00
      520    359  3.00
      520    371  1.00
      520    453  1.00
      520    471  4.00
      520    489  3.00
      520    517  2.00
      521    182  3.00
      521    326  3.00
      521    535  1.00
      523     38  4.00
      523     73  2.00
      523    322  2.00
      523    496  1.00
      524     19  2.00
      524    102  1.00
      524    156  1.00
      524    291  3.00
      524    377  1.00
      524    426  2.00
      525     19  1.00
      525    156  1.00
      525    216  2.00
      525    361  2.00
      525    524  2.00
      526    105  1.00
      526    168  2.00
      527     55  4.00
      527     75  2.00
      527    489  3.00
      529    186  4.00
      529    273  1.00
      529    343  3.00
      529    479  2.00
      531    159  2.00
      531    192  1.00
      531    193  3.00
      531    377  3.00
      531    503  1.00
      531    515  4.00
      532    113  4.00
      532    328  2.00
      532    360  3.00
      532    488  3.00
      532    513  3.00
      533    316  2.00
      533    388  2.00
      533    542  2.00
      534    128  1.00
      534    217  1.00
      534    226  1.00
      534    385  1.00
      534    386  3.00
      535    183  2.00
      535    326  2.00
      535    458  1.00
      536      7  3.00
      536    204  2.00
      536    318  2.00
      536    375  4.00
      536    437  2.00
      536    464  4.00
      536    482  2.00
      537      3  1.00
      537     99  2.00
      537    161  2.00
      537    237  1.00
      537    273  2.00
      537    338  4.00
      537    471  3.00
      538     28  3.00
      538     32  1.00
      538    213  2.00
      538    450  2.00
      539     71  2.00
      539    206  2.00
      539    313  2.00
      539    522  2.00
      540    458  1.00
      541     11  1.00
      541    154  1.00
      541    199  1.00
      541    427  1.00
      542      3  1.00
      542     61  2.00
      542     96  2.00
      542    503  2.00
