DL
n=586
FORMAT=EDGELIST1
DATA:
        1    159  1.00
        1    163  2.00
        1    208  2.00
        1    210  2.00
        1    211  1.00
        1    322  1.00
        1    455  3.00
        1    459  1.00
        1    469  3.00
        2    129  1.00
        2    251  2.00
        2    277  1.00
        2    287  1.00
        2    312  2.00
        2    354  1.00
        3    247  2.00
        3    318  2.00
        3    420  2.00
        3    426  2.00
        3    438  1.00
        3    448  3.00
        3    532  1.00
        4    215  3.00
        4    295  2.00
        4    310  1.00
        4    328  5.00
        5     23  3.00
        5    125  1.00
        5    165  4.00
        5    265  3.00
        5    327  1.00
        5    354  6.00
        5    365  1.00
        5    391  1.00
        5    477  1.00
        5    549  4.00
        6     62  5.00
        6    126  4.00
        6    127  3.00
        6    168  6.00
        6    237  2.00
        6    256  5.00
        6    297  6.00
        6    355  5.00
        6    439  5.00
        6    532  5.00
        7    478  1.00
        8     82  5.00
        8    203  1.00
        8    326  1.00
        8    434  1.00
        8    438  2.00
        8    448  3.00
        8    464  4.00
        8    541  2.00
        8    543  2.00
        9     47  6.00
        9     60  2.00
        9    232  1.00
        9    277  4.00
        9    349  3.00
        9    361  4.00
        9    389  1.00
        9    433  3.00
       10     26  4.00
       10    100  4.00
       10    220  3.00
       10    234  3.00
       10    315  2.00
       10    357  4.00
       10    374  4.00
       10    432  4.00
       10    517  6.00
       11    111  4.00
       12     75  3.00
       12    313  2.00
       12    366  3.00
       12    394  2.00
       13     54  6.00
       13     68  6.00
       13    102  4.00
       13    107  5.00
       13    125  5.00
       13    357  6.00
       13    383  4.00
       13    522  5.00
       13    526  6.00
       13    552  3.00
       14     65  3.00
       14    179  1.00
       14    223  1.00
       14    413  1.00
       14    428  2.00
       14    470  4.00
       14    498  2.00
       14    520  4.00
       14    521  3.00
       15    163  4.00
       15    305  5.00
       15    469  4.00
       15    484  6.00
       15    498  1.00
       15    507  4.00
       16    210  5.00
       16    305  6.00
       19    108  4.00
       19    109  4.00
       19    139  3.00
       19    412  1.00
       21      4  1.00
       21    148  2.00
       21    328  1.00
       21    372  5.00
       21    506  5.00
       22     17  1.00
       22     77  1.00
       22    131  4.00
       22    141  1.00
       22    160  1.00
       22    218  1.00
       22    319  1.00
       22    386  1.00
       22    400  1.00
       22    412  1.00
       23    104  1.00
       23    129  1.00
       23    143  1.00
       23    152  6.00
       23    202  1.00
       23    265  3.00
       23    289  3.00
       23    308  5.00
       23    353  1.00
       23    449  3.00
       24     19  5.00
       24    109  6.00
       24    160  4.00
       24    412  4.00
       25    123  2.00
       25    247  2.00
       25    274  1.00
       25    331  3.00
       25    365  2.00
       25    426  2.00
       25    462  3.00
       25    475  1.00
       26     32  6.00
       26    154  4.00
       26    217  4.00
       26    289  1.00
       26    358  5.00
       26    447  4.00
       27     37  4.00
       27    164  1.00
       27    183  1.00
       27    218  5.00
       27    294  1.00
       27    319  1.00
       27    365  4.00
       27    407  4.00
       27    549  1.00
       28     42  3.00
       28     46  1.00
       28    271  1.00
       28    299  2.00
       28    306  3.00
       28    325  3.00
       28    474  2.00
       29      7  1.00
       29    159  3.00
       29    333  4.00
       29    335  3.00
       31    381  1.00
       31    554  4.00
       32     26  2.00
       32     77  2.00
       32    154  2.00
       32    447  4.00
       33    100  1.00
       33    174  2.00
       33    236  1.00
       33    398  1.00
       33    438  1.00
       33    528  1.00
       33    541  1.00
       33    554  1.00
       35    505  1.00
       36     99  3.00
       36    104  6.00
       36    178  2.00
       36    179  3.00
       36    294  3.00
       36    350  3.00
       36    399  5.00
       36    450  2.00
       37     55  2.00
       37     77  2.00
       37    141  1.00
       37    200  1.00
       37    205  1.00
       37    365  1.00
       37    407  3.00
       37    460  4.00
       37    530  1.00
       39     54  5.00
       39     84  3.00
       39    315  3.00
       39    368  5.00
       39    375  2.00
       40    102  1.00
       40    129  1.00
       40    197  1.00
       40    440  1.00
       40    480  1.00
       40    525  1.00
       41     53  2.00
       41    147  5.00
       41    216  2.00
       41    495  6.00
       42     28  2.00
       42     31  4.00
       42     46  2.00
       42    100  1.00
       42    203  1.00
       42    306  5.00
       42    398  1.00
       43     41  1.00
       43    147  1.00
       43    151  2.00
       43    153  1.00
       43    197  4.00
       43    202  2.00
       43    216  3.00
       43    243  6.00
       43    467  3.00
       44     19  3.00
       44     77  1.00
       44     93  6.00
       44    149  2.00
       44    189  1.00
       44    218  4.00
       44    395  2.00
       44    460  4.00
       44    530  1.00
       44    549  1.00
       45    123  2.00
       45    175  3.00
       45    218  1.00
       45    219  1.00
       45    361  2.00
       45    433  2.00
       45    462  2.00
       45    501  2.00
       45    534  2.00
       46     28  1.00
       46    181  4.00
       46    256  6.00
       46    299  3.00
       46    326  4.00
       46    434  3.00
       46    541  1.00
       47      9  5.00
       47     21  1.00
       47    123  1.00
       47    148  2.00
       47    219  1.00
       47    277  4.00
       47    361  4.00
       47    389  1.00
       47    433  2.00
       48    222  6.00
       48    336  1.00
       49    115  3.00
       49    123  5.00
       49    132  4.00
       49    142  3.00
       49    160  2.00
       49    186  4.00
       49    192  4.00
       49    339  3.00
       50    249  2.00
       50    488  4.00
       51     45  1.00
       51     49  2.00
       51    328  1.00
       51    330  1.00
       51    372  3.00
       51    480  2.00
       51    482  3.00
       52    104  3.00
       52    164  6.00
       52    254  1.00
       52    286  4.00
       52    294  4.00
       52    327  3.00
       52    449  6.00
       52    508  3.00
       53    112  1.00
       53    171  3.00
       53    392  3.00
       53    479  4.00
       54     13  6.00
       54     39  1.00
       54     68  6.00
       54     70  1.00
       54    107  5.00
       54    368  4.00
       54    414  6.00
       54    526  5.00
       54    552  2.00
       55     17  4.00
       55     58  5.00
       55    138  4.00
       55    165  3.00
       55    183  5.00
       55    365  5.00
       55    395  3.00
       55    460  5.00
       56     82  2.00
       56    174  2.00
       56    213  4.00
       56    247  5.00
       56    322  4.00
       56    373  2.00
       56    420  6.00
       56    554  4.00
       58     55  6.00
       58    149  3.00
       58    183  6.00
       58    188  3.00
       58    205  3.00
       58    365  6.00
       58    391  3.00
       58    415  2.00
       58    530  6.00
       59    198  6.00
       59    247  5.00
       59    409  6.00
       59    415  6.00
       59    427  5.00
       59    438  6.00
       59    541  6.00
       60    148  4.00
       60    312  6.00
       60    341  5.00
       60    499  4.00
       60    506  5.00
       60    537  6.00
       61     59  2.00
       61    100  2.00
       61    115  3.00
       61    237  1.00
       61    284  1.00
       61    334  2.00
       61    351  3.00
       61    427  1.00
       61    457  1.00
       62      6  5.00
       62    119  1.00
       62    168  3.00
       62    297  5.00
       62    355  3.00
       62    439  2.00
       62    532  1.00
       64     18  1.00
       64     71  1.00
       64    210  2.00
       64    363  1.00
       64    411  2.00
       64    458  1.00
       64    540  2.00
       65    211  1.00
       65    223  1.00
       65    267  2.00
       65    344  1.00
       65    413  2.00
       65    476  2.00
       65    498  3.00
       65    521  1.00
       66     86  1.00
       66    509  3.00
       67     95  3.00
       67    114  2.00
       67    168  1.00
       67    214  5.00
       67    370  2.00
       68     13  6.00
       68     54  5.00
       68    107  4.00
       68    125  5.00
       68    357  2.00
       68    496  3.00
       68    553  1.00
       69    364  5.00
       69    388  6.00
       69    422  6.00
       69    502  6.00
       70     39  1.00
       70     54  1.00
       70    107  4.00
       70    125  1.00
       70    188  1.00
       70    368  6.00
       70    420  1.00
       70    453  2.00
       70    552  6.00
       70    553  2.00
       71     49  1.00
       71    132  2.00
       71    258  1.00
       71    308  2.00
       71    458  2.00
       73    276  5.00
       73    277  3.00
       73    278  5.00
       73    291  6.00
       74     36  2.00
       74    223  3.00
       74    286  2.00
       74    346  1.00
       74    347  1.00
       74    350  2.00
       74    386  1.00
       75    203  1.00
       75    321  1.00
       76     18  5.00
       76     86  5.00
       76    124  5.00
       76    167  6.00
       76    238  6.00
       76    257  5.00
       76    394  5.00
       77    141  6.00
       77    149  3.00
       77    154  3.00
       77    205  4.00
       77    327  2.00
       77    395  6.00
       77    477  3.00
       77    533  4.00
       77    546  3.00
       78     79  5.00
       78     84  3.00
       78     89  2.00
       78    276  2.00
       78    291  4.00
       78    374  6.00
       78    436  4.00
       78    490  6.00
       80    437  3.00
       80    518  5.00
       81     26  1.00
       81    121  2.00
       81    137  1.00
       81    261  1.00
       81    270  2.00
       81    331  1.00
       81    484  2.00
       82      8  6.00
       82    318  4.00
       82    326  2.00
       82    438  1.00
       82    440  2.00
       82    448  6.00
       82    464  4.00
       83     56  2.00
       83    147  1.00
       83    322  1.00
       83    420  2.00
       83    475  1.00
       83    529  1.00
       84     39  3.00
       84    169  4.00
       84    289  6.00
       84    315  6.00
       84    442  1.00
       84    446  2.00
       84    504  4.00
       84    538  4.00
       85     17  5.00
       85    302  2.00
       85    385  3.00
       85    395  1.00
       85    400  2.00
       85    407  3.00
       85    505  2.00
       85    506  4.00
       85    537  1.00
       86     18  3.00
       86     50  2.00
       86     72  2.00
       86     76  3.00
       86    167  3.00
       86    250  4.00
       86    257  6.00
       86    264  4.00
       86    509  3.00
       87     68  2.00
       87    173  2.00
       87    357  1.00
       87    379  5.00
       87    396  6.00
       87    442  5.00
       87    505  6.00
       87    526  6.00
       88    129  2.00
       88    290  6.00
       89    112  2.00
       89    245  1.00
       90     89  2.00
       90     92  4.00
       90     99  1.00
       90    112  5.00
       90    245  6.00
       91     77  2.00
       91    109  3.00
       91    149  4.00
       91    165  4.00
       91    365  5.00
       91    395  6.00
       91    460  4.00
       91    533  5.00
       91    546  1.00
       92    519  6.00
       93     37  2.00
       93     44  6.00
       93     77  4.00
       93    165  2.00
       93    227  5.00
       93    268  4.00
       93    395  4.00
       93    460  2.00
       93    533  6.00
       93    549  2.00
       94    116  2.00
       94    138  5.00
       94    273  4.00
       94    391  1.00
       94    400  2.00
       94    505  1.00
       94    560  1.00
       95     67  4.00
       95    127  1.00
       95    214  2.00
       95    256  3.00
       95    370  2.00
       95    482  1.00
       95    542  1.00
       96    239  1.00
       96    243  1.00
       96    248  1.00
       96    403  1.00
       96    423  1.00
       97     37  1.00
       97     77  1.00
       97    404  3.00
       97    461  2.00
       97    472  6.00
       97    477  5.00
       97    523  6.00
       97    533  2.00
       97    547  6.00
       98     13  4.00
       98     44  2.00
       98     54  3.00
       98    112  4.00
       98    289  1.00
       98    379  5.00
       98    524  2.00
       98    526  5.00
       98    539  2.00
       98    552  3.00
       99     13  1.00
       99     36  4.00
       99     84  2.00
       99    104  1.00
       99    223  3.00
       99    245  4.00
       99    286  1.00
      100    306  3.00
      101    378  3.00
      101    395  2.00
      102     98  2.00
      102    107  4.00
      102    125  3.00
      102    173  6.00
      102    188  5.00
      102    265  3.00
      102    538  6.00
      103    135  1.00
      103    208  1.00
      103    259  3.00
      103    423  1.00
      103    443  3.00
      103    479  1.00
      104     36  6.00
      104     89  2.00
      104    112  3.00
      104    164  2.00
      104    179  2.00
      104    294  4.00
      104    450  1.00
      105     60  5.00
      105    128  1.00
      105    350  1.00
      105    372  6.00
      106    122  3.00
      106    443  2.00
      106    468  2.00
      106    498  1.00
      107     13  4.00
      107     54  3.00
      107    102  2.00
      107    125  4.00
      107    209  1.00
      107    223  3.00
      107    375  1.00
      107    522  3.00
      107    526  1.00
      107    552  2.00
      108     24  6.00
      108     77  3.00
      108    140  5.00
      108    149  3.00
      108    165  3.00
      108    205  2.00
      108    395  3.00
      108    412  4.00
      108    460  4.00
      108    530  1.00
      109     19  4.00
      109     24  5.00
      109     77  1.00
      109    160  3.00
      109    395  3.00
      109    412  3.00
      109    460  3.00
      110    118  2.00
      110    177  3.00
      110    238  1.00
      110    300  3.00
      110    301  2.00
      110    491  6.00
      112     89  5.00
      112     98  3.00
      112    171  2.00
      112    235  2.00
      112    245  2.00
      112    450  2.00
      112    508  5.00
      113     36  4.00
      113     52  1.00
      113    188  6.00
      113    286  6.00
      113    386  3.00
      113    399  3.00
      113    449  2.00
      113    538  2.00
      114     46  1.00
      114    167  3.00
      114    198  2.00
      114    236  5.00
      114    351  2.00
      114    362  3.00
      114    384  3.00
      114    427  5.00
      114    434  3.00
      115      6  1.00
      115     61  2.00
      115    119  1.00
      115    168  1.00
      115    262  2.00
      115    281  1.00
      115    321  1.00
      115    373  2.00
      115    393  1.00
      115    438  1.00
      116     57  6.00
      116    142  3.00
      116    397  5.00
      117    123  2.00
      117    142  2.00
      117    157  2.00
      117    371  1.00
      117    489  1.00
      117    513  2.00
      118    110  3.00
      118    177  4.00
      118    238  3.00
      118    300  3.00
      118    301  3.00
      118    394  1.00
      118    491  3.00
      119     59  4.00
      119    100  2.00
      119    115  3.00
      119    203  3.00
      119    271  5.00
      120      1  2.00
      120    134  1.00
      120    255  2.00
      120    452  5.00
      120    492  1.00
      120    525  6.00
      121     22  3.00
      121     81  3.00
      121    208  1.00
      121    522  2.00
      121    545  2.00
      122    144  5.00
      122    164  1.00
      122    178  2.00
      122    223  1.00
      122    235  1.00
      122    428  2.00
      122    468  1.00
      122    498  1.00
      123     45  2.00
      123    117  3.00
      123    230  2.00
      123    331  2.00
      123    361  4.00
      123    433  6.00
      124     12  2.00
      124     18  2.00
      124     69  2.00
      124     76  3.00
      124    167  3.00
      124    238  3.00
      124    394  4.00
      124    507  3.00
      125     13  6.00
      125     68  6.00
      125    102  2.00
      125    107  6.00
      125    294  2.00
      125    375  1.00
      125    404  3.00
      125    522  3.00
      125    538  5.00
      125    552  6.00
      126      6  6.00
      126     61  1.00
      126     62  2.00
      126    127  4.00
      126    168  4.00
      126    297  1.00
      126    355  3.00
      126    364  4.00
      126    439  5.00
      126    532  1.00
      127      6  4.00
      127    130  1.00
      127    214  1.00
      127    288  1.00
      127    297  2.00
      127    355  2.00
      127    370  3.00
      127    439  3.00
      127    542  1.00
      128    253  4.00
      128    320  4.00
      128    553  2.00
      129    143  5.00
      129    152  3.00
      129    188  2.00
      129    202  5.00
      129    216  4.00
      129    308  2.00
      129    347  2.00
      129    378  2.00
      129    495  3.00
      130      6  1.00
      130     62  1.00
      130    214  2.00
      130    256  1.00
      130    299  1.00
      130    307  3.00
      130    325  4.00
      130    355  1.00
      130    434  2.00
      130    543  2.00
      131     22  6.00
      131    148  5.00
      131    160  3.00
      131    199  3.00
      131    319  3.00
      131    400  2.00
      131    412  3.00
      131    487  3.00
      131    506  4.00
      131    537  6.00
      132     49  3.00
      133      6  1.00
      133     59  1.00
      133     69  1.00
      133    226  1.00
      133    364  1.00
      133    409  1.00
      133    410  1.00
      133    482  2.00
      133    491  1.00
      134     98  3.00
      134    112  2.00
      134    136  4.00
      134    224  2.00
      134    392  2.00
      134    500  4.00
      135     52  2.00
      135    103  2.00
      135    188  3.00
      135    219  2.00
      135    294  1.00
      135    538  2.00
      137     21  1.00
      137    138  5.00
      137    148  1.00
      137    282  2.00
      137    319  3.00
      137    381  2.00
      137    506  6.00
      137    537  2.00
      138     17  3.00
      138     55  2.00
      138     94  4.00
      138    391  1.00
      138    400  3.00
      138    505  2.00
      138    560  5.00
      139     19  2.00
      139     24  4.00
      139     77  2.00
      139    160  3.00
      139    201  1.00
      139    204  1.00
      139    302  1.00
      139    339  3.00
      139    395  2.00
      140     25  1.00
      140     77  1.00
      140    108  4.00
      140    139  4.00
      140    160  3.00
      140    273  1.00
      140    358  2.00
      140    412  2.00
      140    450  3.00
      140    460  3.00
      141     77  6.00
      141    395  2.00
      142     63  5.00
      142    116  4.00
      142    295  6.00
      142    397  6.00
      143    104  1.00
      143    129  6.00
      143    211  6.00
      143    224  4.00
      143    235  6.00
      143    294  6.00
      143    347  1.00
      143    378  4.00
      143    531  1.00
      144    106  3.00
      144    242  4.00
      144    315  2.00
      144    413  1.00
      144    468  4.00
      144    470  1.00
      144    498  2.00
      145    309  2.00
      145    366  6.00
      145    509  3.00
      146     81  1.00
      146     96  4.00
      146    197  3.00
      147     41  5.00
      147    202  4.00
      147    216  4.00
      147    445  1.00
      147    495  1.00
      148     21  5.00
      148    137  1.00
      148    319  2.00
      148    506  6.00
      148    537  4.00
      149     55  1.00
      149     77  4.00
      149    183  1.00
      149    319  1.00
      149    395  4.00
      149    414  5.00
      149    460  5.00
      149    477  5.00
      149    530  1.00
      150    267  1.00
      150    497  3.00
      151     43  3.00
      151     78  2.00
      151    134  4.00
      151    216  2.00
      151    358  4.00
      151    490  2.00
      152     23  6.00
      152    129  2.00
      152    136  1.00
      152    308  2.00
      152    378  5.00
      153    197  6.00
      153    221  2.00
      153    403  6.00
      153    467  6.00
      153    510  6.00
      154     26  5.00
      154     32  5.00
      154     87  4.00
      154    173  2.00
      154    217  6.00
      154    358  3.00
      154    447  4.00
      154    545  6.00
      154    549  4.00
      155     87  3.00
      155    125  6.00
      155    173  2.00
      155    357  3.00
      155    417  6.00
      155    442  5.00
      155    526  3.00
      155    552  4.00
      156     73  1.00
      156    199  1.00
      156    291  6.00
      156    332  6.00
      156    487  1.00
      156    559  6.00
      157    117  3.00
      157    371  1.00
      157    489  1.00
      157    513  4.00
      158    145  2.00
      158    384  2.00
      158    435  1.00
      158    440  2.00
      159     25  2.00
      159     29  3.00
      159     43  2.00
      159    248  2.00
      159    260  2.00
      159    312  2.00
      159    335  5.00
      159    418  4.00
      159    432  2.00
      159    478  2.00
      160     19  6.00
      160     77  1.00
      160    108  6.00
      160    139  5.00
      160    140  4.00
      160    268  1.00
      160    395  3.00
      160    412  5.00
      160    415  2.00
      160    417  1.00
      161    102  4.00
      161    107  1.00
      161    181  1.00
      161    237  1.00
      161    262  2.00
      161    373  5.00
      161    393  1.00
      161    409  1.00
      161    420  1.00
      161    447  1.00
      162    166  1.00
      162    173  1.00
      162    276  3.00
      162    358  2.00
      162    483  3.00
      162    493  3.00
      163    255  1.00
      163    461  1.00
      163    469  2.00
      164     52  6.00
      164    104  2.00
      164    112  2.00
      164    113  2.00
      164    179  2.00
      164    286  2.00
      164    367  2.00
      164    449  5.00
      164    508  2.00
      165     55  1.00
      165     58  1.00
      165     91  4.00
      165    205  4.00
      165    268  3.00
      165    354  2.00
      165    395  6.00
      165    407  2.00
      165    505  1.00
      165    530  2.00
      166     48  1.00
      166    125  1.00
      166    222  1.00
      166    248  6.00
      166    378  2.00
      166    496  1.00
      167     76  6.00
      167    124  6.00
      167    127  2.00
      167    238  6.00
      168      6  6.00
      168    126  3.00
      168    256  3.00
      168    297  2.00
      168    325  1.00
      168    351  2.00
      168    355  5.00
      168    439  5.00
      169     39  3.00
      169     65  3.00
      169    206  3.00
      169    211  1.00
      169    240  4.00
      169    315  2.00
      169    375  3.00
      169    446  6.00
      169    504  4.00
      170     50  1.00
      170     72  1.00
      170    344  1.00
      170    481  6.00
      170    492  1.00
      171     53  1.00
      171    112  2.00
      171    223  3.00
      171    254  5.00
      171    294  1.00
      171    327  1.00
      171    392  4.00
      171    450  1.00
      172    100  2.00
      172    114  2.00
      172    115  2.00
      172    119  3.00
      172    198  2.00
      172    238  3.00
      173     87  2.00
      173    102  5.00
      173    107  3.00
      173    206  1.00
      173    383  1.00
      173    396  2.00
      173    479  5.00
      173    504  2.00
      173    526  2.00
      174    198  4.00
      174    317  2.00
      174    326  1.00
      174    427  1.00
      174    434  1.00
      174    438  1.00
      174    528  1.00
      174    541  4.00
      175      5  1.00
      175     45  6.00
      175     91  1.00
      175    218  2.00
      175    227  3.00
      175    302  3.00
      175    319  1.00
      175    359  6.00
      175    407  5.00
      176     43  3.00
      176    405  3.00
      176    465  3.00
      177    110  2.00
      177    118  1.00
      177    300  2.00
      177    301  1.00
      177    491  3.00
      178     36  1.00
      178    286  1.00
      178    350  5.00
      178    425  3.00
      179     36  3.00
      179     52  5.00
      179    104  5.00
      179    164  4.00
      179    254  3.00
      179    367  4.00
      179    408  1.00
      180    193  2.00
      180    249  2.00
      180    342  2.00
      180    431  3.00
      180    491  2.00
      181     46  5.00
      181    161  4.00
      181    172  1.00
      181    262  4.00
      181    393  4.00
      181    409  2.00
      181    434  4.00
      181    473  4.00
      182    344  2.00
      182    428  3.00
      182    507  2.00
      182    511  2.00
      182    536  3.00
      183     54  2.00
      183     55  6.00
      183     58  6.00
      183    149  2.00
      183    188  2.00
      183    200  2.00
      183    270  2.00
      183    365  6.00
      184    190  4.00
      184    220  1.00
      184    373  5.00
      184    376  3.00
      184    516  4.00
      185     74  3.00
      185    534  3.00
      187    112  3.00
      187    136  6.00
      187    152  5.00
      187    429  6.00
      187    508  6.00
      188    102  3.00
      188    129  1.00
      188    135  3.00
      188    216  1.00
      188    265  5.00
      188    375  3.00
      188    379  1.00
      188    538  6.00
      189     58  1.00
      189    100  1.00
      189    350  2.00
      189    391  2.00
      189    415  6.00
      189    417  4.00
      189    549  3.00
      189    560  4.00
      190     48  3.00
      190    222  4.00
      191    193  2.00
      191    239  4.00
      192     49  3.00
      192    287  5.00
      192    343  3.00
      192    363  2.00
      192    531  5.00
      193    112  1.00
      193    113  1.00
      193    151  1.00
      193    152  1.00
      193    191  2.00
      193    219  1.00
      193    239  1.00
      193    521  1.00
      194    141  5.00
      194    268  3.00
      194    546  6.00
      195     31  4.00
      195     76  6.00
      195    124  4.00
      195    130  4.00
      195    157  3.00
      195    297  1.00
      195    362  4.00
      195    409  1.00
      195    411  4.00
      196     72  3.00
      196    145  1.00
      196    228  2.00
      196    250  6.00
      196    290  1.00
      196    342  2.00
      196    363  1.00
      196    369  1.00
      197     40  2.00
      197     43  6.00
      197    153  5.00
      197    374  2.00
      197    403  5.00
      197    465  6.00
      197    510  6.00
      198    115  1.00
      198    174  3.00
      198    307  1.00
      198    401  1.00
      198    410  2.00
      198    434  2.00
      198    438  1.00
      198    473  2.00
      198    532  1.00
      198    541  5.00
      199    131  2.00
      199    277  3.00
      199    278  2.00
      199    291  5.00
      199    323  4.00
      199    381  2.00
      199    487  3.00
      200     37  4.00
      200     55  3.00
      200     58  4.00
      200    183  3.00
      200    205  2.00
      200    267  3.00
      200    391  5.00
      200    395  3.00
      200    415  3.00
      200    450  3.00
      201     60  3.00
      201     61  2.00
      201    139  1.00
      201    212  4.00
      201    274  1.00
      201    312  2.00
      201    319  1.00
      201    354  3.00
      201    487  1.00
      201    559  2.00
      202     41  3.00
      202    103  1.00
      202    129  4.00
      202    188  1.00
      202    216  4.00
      202    378  3.00
      202    381  4.00
      203    100  4.00
      203    225  3.00
      203    271  2.00
      203    282  2.00
      203    321  2.00
      203    474  4.00
      204    175  1.00
      204    194  4.00
      204    268  3.00
      204    391  1.00
      204    414  6.00
      204    461  1.00
      204    477  1.00
      204    546  3.00
      204    549  4.00
      205     77  4.00
      205    125  2.00
      205    165  5.00
      205    268  2.00
      205    395  6.00
      205    407  1.00
      205    477  1.00
      205    530  6.00
      205    552  6.00
      206     13  1.00
      206     39  1.00
      206    169  4.00
      206    173  1.00
      206    240  3.00
      206    261  1.00
      206    375  5.00
      206    446  3.00
      206    525  1.00
      206    529  6.00
      208    103  3.00
      208    135  2.00
      208    259  6.00
      208    379  2.00
      208    423  4.00
      208    455  2.00
      208    479  2.00
      208    505  2.00
      209    519  3.00
      209    560  1.00
      210      1  3.00
      210     47  1.00
      210     64  2.00
      210    208  5.00
      210    305  2.00
      210    363  2.00
      210    400  1.00
      210    455  3.00
      210    458  2.00
      211    104  2.00
      211    143  6.00
      211    209  1.00
      211    223  1.00
      211    378  5.00
      211    498  4.00
      212    201  5.00
      212    354  2.00
      213      3  4.00
      213     31  2.00
      213     56  4.00
      213    252  5.00
      213    420  4.00
      214     67  6.00
      214     95  3.00
      214    168  1.00
      214    198  1.00
      214    330  5.00
      214    370  5.00
      214    456  4.00
      214    482  3.00
      215     11  4.00
      215    337  5.00
      215    437  4.00
      216     41  4.00
      216     43  2.00
      216    147  2.00
      216    151  2.00
      216    188  2.00
      216    202  3.00
      216    243  2.00
      216    495  3.00
      217     26  4.00
      217     32  1.00
      217     77  1.00
      217    154  5.00
      217    358  2.00
      217    447  2.00
      217    545  2.00
      217    549  6.00
      218     17  2.00
      218     27  4.00
      218     77  3.00
      218    101  1.00
      218    183  3.00
      218    189  2.00
      218    365  1.00
      218    395  1.00
      218    415  2.00
      218    460  2.00
      219     21  4.00
      219     41  2.00
      219     45  2.00
      219     47  1.00
      219    147  3.00
      219    202  3.00
      219    216  3.00
      219    243  3.00
      219    264  2.00
      219    356  2.00
      220    233  4.00
      220    284  6.00
      220    322  3.00
      220    336  4.00
      220    373  3.00
      220    376  4.00
      220    390  6.00
      220    516  3.00
      220    529  4.00
      221     53  2.00
      221    315  2.00
      221    320  6.00
      221    336  4.00
      221    465  2.00
      221    467  5.00
      221    516  1.00
      222     48  6.00
      223    178  3.00
      223    209  5.00
      223    254  3.00
      223    327  1.00
      223    350  5.00
      223    386  1.00
      224     89  1.00
      224    102  3.00
      224    112  3.00
      224    235  6.00
      224    450  2.00
      224    508  3.00
      225     46  1.00
      225     56  1.00
      225     79  1.00
      225    100  1.00
      225    203  1.00
      225    247  1.00
      225    306  1.00
      225    326  1.00
      225    398  1.00
      225    420  1.00
      226    114  1.00
      226    306  1.00
      226    362  1.00
      226    474  1.00
      227    127  6.00
      227    361  6.00
      228     72  1.00
      228     76  1.00
      228    196  1.00
      228    264  1.00
      228    342  1.00
      229    122  2.00
      229    429  2.00
      229    495  5.00
      230    123  2.00
      230    177  2.00
      230    199  1.00
      230    287  2.00
      230    300  2.00
      230    301  2.00
      230    433  2.00
      231     12  1.00
      231    394  2.00
      231    512  5.00
      232    444  6.00
      232    501  5.00
      233    207  1.00
      233    213  1.00
      233    220  2.00
      233    284  1.00
      233    377  1.00
      233    427  3.00
      233    438  1.00
      233    528  3.00
      233    541  4.00
      234     41  2.00
      234    278  2.00
      234    291  2.00
      234    358  3.00
      234    442  2.00
      234    455  2.00
      234    551  2.00
      235     89  2.00
      235    112  2.00
      235    224  6.00
      235    450  4.00
      235    508  2.00
      236    114  2.00
      236    225  1.00
      236    331  2.00
      236    419  3.00
      236    427  2.00
      236    475  3.00
      237    161  5.00
      237    262  4.00
      237    387  6.00
      237    419  2.00
      237    430  4.00
      237    473  4.00
      238     18  2.00
      238     76  6.00
      238    124  3.00
      238    167  2.00
      238    180  3.00
      238    342  2.00
      238    431  1.00
      239    191  5.00
      240    169  4.00
      240    188  1.00
      240    206  1.00
      240    222  1.00
      240    375  2.00
      240    390  1.00
      240    446  4.00
      242     65  3.00
      242    144  4.00
      242    179  1.00
      242    211  3.00
      242    224  2.00
      242    229  1.00
      242    468  4.00
      242    470  3.00
      242    498  3.00
      243     43  4.00
      243    153  5.00
      243    197  6.00
      243    219  2.00
      243    467  4.00
      243    510  6.00
      244     31  2.00
      244    167  1.00
      244    384  1.00
      244    463  1.00
      245     52  2.00
      245     89  4.00
      245     90  6.00
      245     99  4.00
      245    112  5.00
      245    368  6.00
      245    460  4.00
      245    508  2.00
      246    214  1.00
      246    297  1.00
      247      3  2.00
      247     56  6.00
      247    318  1.00
      247    420  6.00
      247    448  2.00
      248    166  6.00
      248    222  3.00
      248    261  4.00
      248    375  2.00
      248    496  3.00
      249     50  5.00
      249    180  2.00
      249    244  2.00
      249    465  2.00
      249    488  2.00
      250      7  2.00
      250     29  2.00
      250     86  3.00
      250    196  6.00
      250    219  1.00
      250    260  1.00
      250    342  2.00
      250    347  2.00
      250    391  1.00
      251    128  1.00
      251    320  1.00
      252     28  1.00
      252    100  1.00
      252    119  1.00
      252    321  1.00
      253    128  6.00
      253    466  4.00
      254     52  3.00
      254    164  3.00
      254    171  6.00
      254    179  6.00
      254    223  2.00
      254    267  1.00
      254    327  6.00
      254    378  2.00
      254    386  5.00
      254    476  2.00
      255      7  1.00
      255    120  1.00
      255    163  1.00
      255    212  3.00
      255    461  4.00
      255    525  2.00
      256     62  2.00
      256    297  2.00
      256    355  2.00
      257     18  5.00
      257     76  3.00
      257    214  3.00
      257    238  4.00
      257    264  4.00
      257    309  3.00
      257    458  3.00
      258    372  2.00
      259     91  1.00
      259    103  4.00
      259    135  1.00
      259    208  5.00
      259    423  3.00
      259    447  1.00
      259    538  2.00
      260    188  1.00
      260    211  1.00
      260    245  1.00
      260    289  1.00
      260    375  3.00
      260    390  1.00
      260    404  1.00
      260    449  1.00
      260    522  1.00
      261     48  5.00
      261    496  6.00
      262    264  2.00
      262    292  2.00
      262    322  2.00
      262    393  6.00
      262    457  2.00
      262    473  4.00
      263     95  1.00
      263    214  1.00
      263    370  1.00
      263    456  5.00
      264     11  2.00
      264     76  2.00
      264     86  5.00
      264    219  2.00
      264    228  4.00
      264    257  4.00
      264    366  5.00
      264    369  4.00
      264    458  2.00
      265    102  3.00
      265    107  3.00
      265    125  4.00
      265    188  5.00
      265    348  3.00
      265    359  1.00
      265    442  1.00
      265    522  1.00
      265    538  5.00
      266     43  2.00
      266    216  1.00
      266    274  2.00
      266    282  1.00
      266    312  2.00
      266    349  2.00
      266    366  1.00
      266    381  2.00
      266    537  1.00
      268     55  2.00
      268     58  1.00
      268     77  2.00
      268    165  2.00
      268    200  2.00
      268    205  1.00
      268    365  2.00
      268    391  5.00
      268    395  2.00
      268    530  5.00
      269     56  1.00
      269    394  1.00
      269    420  1.00
      269    448  1.00
      269    464  6.00
      270     58  2.00
      270    107  1.00
      270    165  2.00
      270    183  2.00
      270    188  2.00
      270    386  6.00
      270    395  5.00
      270    449  3.00
      270    530  5.00
      271     46  2.00
      271    100  2.00
      271    119  5.00
      271    203  2.00
      271    321  2.00
      272    142  2.00
      272    192  2.00
      272    509  2.00
      273     21  3.00
      273     63  4.00
      273     94  4.00
      273    116  4.00
      275      1  5.00
      275     29  1.00
      275    102  3.00
      275    112  4.00
      275    166  1.00
      275    245  2.00
      275    478  3.00
      275    479  1.00
      275    522  1.00
      275    538  2.00
      276     73  2.00
      276     78  2.00
      276    162  3.00
      276    308  2.00
      276    374  3.00
      276    436  4.00
      276    490  3.00
      276    498  3.00
      277     47  4.00
      277     73  3.00
      277    131  4.00
      277    156  3.00
      277    199  5.00
      277    291  5.00
      277    323  5.00
      277    487  6.00
      278     53  2.00
      278     73  5.00
      278    151  2.00
      278    156  4.00
      278    199  3.00
      278    291  6.00
      278    332  3.00
      278    429  6.00
      278    487  3.00
      278    559  3.00
      279    239  1.00
      279    472  1.00
      280    329  4.00
      280    344  3.00
      280    507  5.00
      280    509  4.00
      281    115  1.00
      281    161  6.00
      281    262  1.00
      281    373  5.00
      281    387  1.00
      281    393  4.00
      282     21  1.00
      282    131  1.00
      282    137  5.00
      282    148  2.00
      282    319  5.00
      282    354  3.00
      282    381  4.00
      282    506  4.00
      282    537  6.00
      284    169  2.00
      284    220  6.00
      284    336  4.00
      284    376  3.00
      284    390  6.00
      284    448  2.00
      284    529  3.00
      286     52  2.00
      286     74  2.00
      286    113  4.00
      286    179  1.00
      286    386  3.00
      286    449  6.00
      286    450  1.00
      287    192  5.00
      287    230  2.00
      287    343  3.00
      287    478  4.00
      287    542  5.00
      288    127  3.00
      288    370  1.00
      288    410  2.00
      288    438  1.00
      289     84  5.00
      289     98  1.00
      289    125  2.00
      289    315  5.00
      289    358  1.00
      289    443  3.00
      289    504  6.00
      289    538  2.00
      290     88  5.00
      290    167  1.00
      290    196  2.00
      290    342  2.00
      290    369  3.00
      290    483  2.00
      290    514  2.00
      291     73  6.00
      291     78  6.00
      291    156  6.00
      291    277  6.00
      291    278  6.00
      291    283  5.00
      291    487  5.00
      291    559  5.00
      294     36  3.00
      294     52  4.00
      294    104  4.00
      294    224  1.00
      294    235  3.00
      294    245  1.00
      294    404  3.00
      294    450  4.00
      294    508  1.00
      295      4  4.00
      295    116  3.00
      295    142  6.00
      295    273  2.00
      295    328  5.00
      295    397  6.00
      295    451  2.00
      296    241  1.00
      296    445  6.00
      297      6  6.00
      297     62  6.00
      297    168  2.00
      297    256  1.00
      297    355  6.00
      297    439  3.00
      297    532  1.00
      298     50  1.00
      298    123  1.00
      298    257  2.00
      298    337  3.00
      298    405  1.00
      298    437  3.00
      298    488  1.00
      299     28  3.00
      299     46  5.00
      299    203  3.00
      299    306  4.00
      299    307  3.00
      299    325  5.00
      299    326  1.00
      299    410  2.00
      299    438  1.00
      299    474  6.00
      300    110  4.00
      300    118  1.00
      300    177  2.00
      300    301  3.00
      300    420  2.00
      300    472  2.00
      301    110  2.00
      301    118  1.00
      301    177  1.00
      301    300  1.00
      302    142  2.00
      302    385  2.00
      302    400  3.00
      302    438  2.00
      302    506  3.00
      302    518  4.00
      302    535  6.00
      302    561  5.00
      303     28  1.00
      303    115  4.00
      303    236  1.00
      303    398  1.00
      303    427  1.00
      303    556  3.00
      304     45  4.00
      304     55  1.00
      304    183  3.00
      304    200  1.00
      304    210  4.00
      304    302  1.00
      304    462  1.00
      304    477  1.00
      305     16  1.00
      305    210  3.00
      306     28  3.00
      306     42  5.00
      306     46  1.00
      306    100  4.00
      306    203  3.00
      306    271  1.00
      306    299  4.00
      306    398  3.00
      306    426  2.00
      306    474  4.00
      307     28  2.00
      307     42  2.00
      307     46  1.00
      307     59  1.00
      307    100  2.00
      307    299  6.00
      307    410  2.00
      307    426  1.00
      307    474  2.00
      307    543  5.00
      308    129  3.00
      308    152  3.00
      308    216  3.00
      308    347  1.00
      308    353  3.00
      308    374  3.00
      309      3  2.00
      309     17  1.00
      309     25  1.00
      309     58  1.00
      309    183  1.00
      309    236  2.00
      309    438  1.00
      309    477  1.00
      309    529  4.00
      309    533  1.00
      310     39  3.00
      310    445  2.00
      310    453  1.00
      310    461  5.00
      310    483  6.00
      310    553  2.00
      311    458  5.00
      311    463  2.00
      311    512  1.00
      312     60  6.00
      312    201  2.00
      312    202  2.00
      312    218  3.00
      312    323  2.00
      312    389  4.00
      312    409  2.00
      312    459  2.00
      312    490  2.00
      312    537  6.00
      313     12  3.00
      313    124  5.00
      313    394  3.00
      314     66  3.00
      314     72  3.00
      314    145  3.00
      314    228  3.00
      314    437  3.00
      314    509  2.00
      315     39  2.00
      315     65  6.00
      315     84  6.00
      315    106  2.00
      315    169  3.00
      315    289  6.00
      315    352  2.00
      315    357  2.00
      315    476  2.00
      315    538  2.00
      316     69  2.00
      316    119  2.00
      316    127  2.00
      316    370  2.00
      316    388  2.00
      316    502  2.00
      317     65  2.00
      317    169  2.00
      317    174  3.00
      317    178  1.00
      317    179  2.00
      317    206  3.00
      317    497  1.00
      318      3  4.00
      318    247  1.00
      318    448  3.00
      318    541  1.00
      319    137  2.00
      319    282  5.00
      319    506  3.00
      319    537  3.00
      320    128  6.00
      320    151  2.00
      320    211  2.00
      320    221  6.00
      320    336  6.00
      320    450  2.00
      320    454  6.00
      320    553  6.00
      321    100  3.00
      321    174  2.00
      321    203  3.00
      321    271  3.00
      321    326  1.00
      321    387  1.00
      321    474  2.00
      322     56  5.00
      322     83  2.00
      322    100  1.00
      322    160  6.00
      322    262  3.00
      322    420  5.00
      322    473  3.00
      323    199  3.00
      323    277  4.00
      323    278  2.00
      323    429  2.00
      323    487  3.00
      324    280  3.00
      324    329  5.00
      324    472  6.00
      324    509  6.00
      325     62  1.00
      325    115  1.00
      325    297  1.00
      325    351  2.00
      325    410  2.00
      327     36  3.00
      327    113  3.00
      327    178  1.00
      327    254  6.00
      327    386  1.00
      327    399  4.00
      327    408  2.00
      328      4  6.00
      328    295  5.00
      328    337  3.00
      329    169  6.00
      329    280  6.00
      329    295  6.00
      329    344  6.00
      329    405  6.00
      329    413  6.00
      329    493  5.00
      330     66  1.00
      330     95  1.00
      330    214  4.00
      330    221  3.00
      330    456  2.00
      330    527  4.00
      331     25  4.00
      331    123  2.00
      331    236  3.00
      331    341  2.00
      331    366  2.00
      331    426  3.00
      331    462  1.00
      331    475  3.00
      332     73  1.00
      332    156  6.00
      332    199  1.00
      332    278  2.00
      332    291  5.00
      332    323  1.00
      332    487  1.00
      332    559  6.00
      333     29  6.00
      333     39  5.00
      333    188  2.00
      333    375  3.00
      333    498  3.00
      334     46  3.00
      334     61  1.00
      334    172  1.00
      334    261  5.00
      334    262  1.00
      334    393  1.00
      334    420  1.00
      334    450  2.00
      334    532  4.00
      334    534  1.00
      335     29  2.00
      335    146  2.00
      335    159  5.00
      335    184  2.00
      335    208  1.00
      335    259  1.00
      335    418  3.00
      335    455  1.00
      336     48  1.00
      336     70  1.00
      336    229  1.00
      336    315  1.00
      336    317  1.00
      336    465  2.00
      336    515  3.00
      336    553  4.00
      337    137  1.00
      337    142  1.00
      337    215  3.00
      337    295  3.00
      337    298  3.00
      337    328  2.00
      337    354  1.00
      337    397  3.00
      337    437  3.00
      338     32  1.00
      338     81  3.00
      338     98  2.00
      338    102  2.00
      338    188  2.00
      338    504  2.00
      338    509  2.00
      340     31  1.00
      340     75  2.00
      340    174  1.00
      340    233  1.00
      340    464  1.00
      340    474  1.00
      340    528  1.00
      340    556  1.00
      341     25  1.00
      341     60  2.00
      341    116  1.00
      341    273  1.00
      341    295  1.00
      341    296  1.00
      341    397  1.00
      341    506  1.00
      342    180  2.00
      342    431  2.00
      343     49  3.00
      343    192  2.00
      343    210  2.00
      343    219  1.00
      343    287  2.00
      343    293  1.00
      343    328  1.00
      343    478  1.00
      343    539  3.00
      344     39  1.00
      344     65  3.00
      344    169  5.00
      344    241  1.00
      344    280  5.00
      344    446  5.00
      344    498  3.00
      344    544  5.00
      345     18  3.00
      345    195  4.00
      345    438  4.00
      345    529  5.00
      346     15  1.00
      346    372  1.00
      346    484  6.00
      347    113  2.00
      347    152  2.00
      347    178  1.00
      347    223  2.00
      347    254  2.00
      347    399  4.00
      347    476  2.00
      348    102  4.00
      348    107  2.00
      348    125  2.00
      348    188  4.00
      348    265  3.00
      348    365  2.00
      348    404  3.00
      348    538  2.00
      348    552  2.00
      349      9  2.00
      349     43  2.00
      349    266  2.00
      349    372  2.00
      350     36  3.00
      350    178  5.00
      350    223  4.00
      350    347  1.00
      350    367  6.00
      350    386  1.00
      350    408  6.00
      351      6  4.00
      351     59  3.00
      351     61  6.00
      351    114  4.00
      351    115  6.00
      351    119  3.00
      351    168  4.00
      351    419  3.00
      351    427  3.00
      351    473  3.00
      352    171  1.00
      352    262  6.00
      352    292  6.00
      352    347  1.00
      352    393  1.00
      352    449  1.00
      352    473  1.00
      352    476  1.00
      352    516  6.00
      353     37  2.00
      353    308  3.00
      353    347  2.00
      353    400  2.00
      353    407  3.00
      354    148  2.00
      354    201  2.00
      354    518  2.00
      355      6  4.00
      355     62  5.00
      355    168  3.00
      355    256  2.00
      355    297  5.00
      355    374  2.00
      355    439  4.00
      355    532  1.00
      355    543  1.00
      355    550  1.00
      356    202  1.00
      356    216  1.00
      356    219  2.00
      356    243  2.00
      356    297  3.00
      356    308  1.00
      356    441  3.00
      356    467  1.00
      356    534  2.00
      357     13  6.00
      357     54  2.00
      357     68  3.00
      357     84  3.00
      357    155  2.00
      357    221  3.00
      357    315  3.00
      357    522  1.00
      357    526  1.00
      358    173  5.00
      358    289  1.00
      358    308  3.00
      358    374  6.00
      358    404  2.00
      358    460  5.00
      358    504  4.00
      359      5  1.00
      359     55  1.00
      359     84  1.00
      359    149  2.00
      359    183  3.00
      359    365  2.00
      359    417  1.00
      359    505  3.00
      359    530  1.00
      360    162  1.00
      360    317  2.00
      360    357  1.00
      360    358  1.00
      360    379  2.00
      360    404  2.00
      360    465  1.00
      360    509  1.00
      361     45  3.00
      361     47  3.00
      361    123  5.00
      361    389  1.00
      361    433  5.00
      362      3  1.00
      362    114  1.00
      362    122  1.00
      362    297  1.00
      362    322  2.00
      362    384  1.00
      362    426  4.00
      362    427  4.00
      362    475  1.00
      362    529  3.00
      363    437  1.00
      363    514  1.00
      363    539  2.00
      364     69  4.00
      364    133  6.00
      364    256  1.00
      364    321  1.00
      364    388  4.00
      364    475  1.00
      364    502  2.00
      365     55  6.00
      365     58  4.00
      365    183  6.00
      365    270  2.00
      365    395  2.00
      365    415  1.00
      365    505  3.00
      366     21  1.00
      366    145  6.00
      366    264  5.00
      367    179  3.00
      367    408  6.00
      368     70  6.00
      368    112  1.00
      368    245  5.00
      368    552  3.00
      369     41  2.00
      369     76  2.00
      369     93  2.00
      369    264  3.00
      369    290  3.00
      369    461  2.00
      369    477  3.00
      369    539  2.00
      370     95  2.00
      370    126  4.00
      370    127  5.00
      370    214  4.00
      370    410  1.00
      370    429  3.00
      370    439  4.00
      370    482  2.00
      371    117  1.00
      371    157  1.00
      371    351  1.00
      371    463  1.00
      371    473  6.00
      372     21  6.00
      372    105  5.00
      372    148  1.00
      372    219  1.00
      372    346  1.00
      373    115  2.00
      373    161  6.00
      373    190  6.00
      373    220  5.00
      373    390  5.00
      373    420  5.00
      373    428  3.00
      373    468  1.00
      373    516  4.00
      373    529  6.00
      374    436  6.00
      375     39  1.00
      375     84  1.00
      375    169  4.00
      375    206  5.00
      375    240  1.00
      375    260  3.00
      375    408  1.00
      375    446  2.00
      375    504  1.00
      376    267  4.00
      376    529  5.00
      377    426  6.00
      378    103  1.00
      378    143  6.00
      378    191  1.00
      378    211  6.00
      378    254  3.00
      378    267  2.00
      378    399  1.00
      379     54  1.00
      379     87  2.00
      379     98  3.00
      379    102  1.00
      379    188  1.00
      379    208  1.00
      379    358  1.00
      379    396  1.00
      379    442  5.00
      379    526  1.00
      380    132  2.00
      380    160  2.00
      380    186  3.00
      380    199  2.00
      380    302  3.00
      380    319  2.00
      380    339  3.00
      380    372  4.00
      380    424  4.00
      380    461  3.00
      381    131  1.00
      381    137  3.00
      381    148  1.00
      381    202  4.00
      381    216  2.00
      381    224  4.00
      381    282  3.00
      381    506  1.00
      381    537  4.00
      382     26  2.00
      382     32  3.00
      382     54  2.00
      382    234  1.00
      382    447  3.00
      382    545  1.00
      382    549  2.00
      383     13  4.00
      383    102  1.00
      383    107  3.00
      383    125  3.00
      383    173  2.00
      383    522  6.00
      383    552  1.00
      384    435  6.00
      385     44  1.00
      385     55  1.00
      385     93  2.00
      385    218  1.00
      385    268  1.00
      385    302  2.00
      385    400  2.00
      385    506  1.00
      385    535  2.00
      385    549  1.00
      386    113  3.00
      386    267  2.00
      386    268  4.00
      386    270  6.00
      386    286  6.00
      386    399  3.00
      386    449  3.00
      387      8  4.00
      387     82  3.00
      387    100  1.00
      387    115  2.00
      387    225  1.00
      387    237  4.00
      387    438  1.00
      387    448  1.00
      387    464  3.00
      387    554  1.00
      388     69  6.00
      388    118  1.00
      388    124  2.00
      388    271  1.00
      388    313  5.00
      388    438  1.00
      388    502  5.00
      388    510  6.00
      389     22  2.00
      389    212  1.00
      389    218  4.00
      389    277  1.00
      389    312  3.00
      389    323  2.00
      389    487  1.00
      389    542  1.00
      389    559  3.00
      390    194  3.00
      390    220  6.00
      390    260  1.00
      390    264  2.00
      390    267  1.00
      390    284  6.00
      390    404  6.00
      390    496  4.00
      390    553  5.00
      391     54  2.00
      391     58  3.00
      391    138  1.00
      391    200  3.00
      391    268  6.00
      391    365  2.00
      391    395  3.00
      391    461  3.00
      391    477  5.00
      391    546  3.00
      392     53  4.00
      392     92  3.00
      392    171  5.00
      392    235  2.00
      392    308  1.00
      392    450  2.00
      393    161  1.00
      393    237  2.00
      393    262  6.00
      393    292  3.00
      393    457  3.00
      393    473  2.00
      394     12  1.00
      394    269  1.00
      394    322  4.00
      394    448  5.00
      394    464  1.00
      395     44  1.00
      395     77  5.00
      395    149  2.00
      395    165  6.00
      395    205  5.00
      395    268  4.00
      395    365  1.00
      395    460  1.00
      395    477  1.00
      395    530  6.00
      396     70  3.00
      396     87  6.00
      396    173  3.00
      396    442  4.00
      396    505  4.00
      396    526  3.00
      397     63  6.00
      397    116  3.00
      397    142  6.00
      397    295  5.00
      397    535  3.00
      397    561  3.00
      398     28  1.00
      398     42  1.00
      398     46  1.00
      398    203  1.00
      398    225  1.00
      398    306  2.00
      398    326  1.00
      398    474  1.00
      399     36  3.00
      399    113  3.00
      399    179  3.00
      399    211  1.00
      399    286  3.00
      399    294  1.00
      399    327  3.00
      399    386  3.00
      399    408  5.00
      400    138  3.00
      400    204  3.00
      400    505  3.00
      400    560  6.00
      401     42  3.00
      401     46  1.00
      401    198  2.00
      401    306  4.00
      401    325  4.00
      401    434  1.00
      401    438  1.00
      401    474  6.00
      403     43  4.00
      403    153  2.00
      403    197  1.00
      403    467  5.00
      403    510  3.00
      404    260  3.00
      404    348  1.00
      404    358  3.00
      404    390  6.00
      404    442  3.00
      404    477  6.00
      405    191  3.00
      405    465  6.00
      406     41  1.00
      406     43  2.00
      406    147  1.00
      406    151  2.00
      406    216  1.00
      406    467  5.00
      407     37  4.00
      407     55  3.00
      407    183  2.00
      407    294  1.00
      407    365  5.00
      407    395  2.00
      407    460  4.00
      407    530  1.00
      408     74  2.00
      408    178  5.00
      408    327  2.00
      408    350  6.00
      408    367  5.00
      408    399  5.00
      409     59  5.00
      409     98  3.00
      409    187  3.00
      409    189  2.00
      409    326  4.00
      409    419  4.00
      409    434  6.00
      409    439  2.00
      410    198  4.00
      410    203  3.00
      410    321  3.00
      410    427  3.00
      410    438  2.00
      410    473  2.00
      411     64  2.00
      411    195  2.00
      411    540  2.00
      411    555  1.00
      412     24  5.00
      412    108  4.00
      412    109  4.00
      412    140  3.00
      412    160  3.00
      412    319  2.00
      412    322  1.00
      412    414  2.00
      412    561  1.00
      413     65  1.00
      413    209  1.00
      413    278  1.00
      413    283  1.00
      413    476  1.00
      413    498  2.00
      414     54  5.00
      414     55  2.00
      414     58  2.00
      414    149  5.00
      414    204  2.00
      414    365  1.00
      414    395  2.00
      414    417  5.00
      414    505  2.00
      414    549  5.00
      415     58  2.00
      415    100  2.00
      415    178  3.00
      415    183  2.00
      415    189  5.00
      415    203  2.00
      415    350  2.00
      415    391  2.00
      415    408  2.00
      415    417  3.00
      417     39  4.00
      417     98  1.00
      417    189  4.00
      417    404  3.00
      417    415  4.00
      418      7  1.00
      418     29  1.00
      418    159  5.00
      418    335  4.00
      418    383  2.00
      419     59  4.00
      419    100  4.00
      419    114  4.00
      419    236  4.00
      419    237  4.00
      419    322  2.00
      419    351  6.00
      419    409  2.00
      419    410  2.00
      419    427  3.00
      420     56  6.00
      420     82  4.00
      420    138  6.00
      420    213  4.00
      420    247  5.00
      420    322  6.00
      420    373  3.00
      420    554  4.00
      421      4  5.00
      421     60  5.00
      421     63  5.00
      421     94  1.00
      421    138  2.00
      421    142  1.00
      421    328  5.00
      421    530  5.00
      422     69  4.00
      422    364  2.00
      422    388  2.00
      422    502  3.00
      423    103  3.00
      423    135  3.00
      423    208  3.00
      423    259  4.00
      423    479  3.00
      424      9  1.00
      424    397  2.00
      424    485  3.00
      424    514  2.00
      425    178  4.00
      426    114  3.00
      426    362  4.00
      426    377  2.00
      426    384  4.00
      427    100  2.00
      427    114  4.00
      427    115  1.00
      427    174  2.00
      427    207  2.00
      427    253  2.00
      427    362  5.00
      427    410  4.00
      427    541  2.00
      427    556  1.00
      428    459  5.00
      428    544  3.00
      429     73  4.00
      429     98  3.00
      429    151  4.00
      429    187  5.00
      429    217  4.00
      429    221  2.00
      429    276  3.00
      429    278  6.00
      429    291  3.00
      429    508  3.00
      432    517  5.00
      433     45  1.00
      433     47  1.00
      433    117  2.00
      433    123  5.00
      433    153  3.00
      433    175  1.00
      433    219  1.00
      433    361  5.00
      433    389  1.00
      434    172  4.00
      434    198  3.00
      434    409  2.00
      435    464  1.00
      436     78  2.00
      436    276  4.00
      436    374  6.00
      436    490  4.00
      436    503  2.00
      437    215  1.00
      437    298  3.00
      437    337  3.00
      438     59  1.00
      438    119  1.00
      438    198  1.00
      438    233  1.00
      438    321  1.00
      438    373  1.00
      438    420  1.00
      438    472  1.00
      438    541  1.00
      439      6  6.00
      439     62  4.00
      439    126  4.00
      439    168  5.00
      439    256  3.00
      439    355  5.00
      439    549  5.00
      440    384  2.00
      440    435  3.00
      441    237  1.00
      441    283  1.00
      441    318  3.00
      441    356  2.00
      441    362  3.00
      441    410  1.00
      441    534  3.00
      441    544  1.00
      442     54  5.00
      442     70  5.00
      442     87  4.00
      442    155  5.00
      442    173  2.00
      442    188  2.00
      442    348  2.00
      442    358  4.00
      442    379  6.00
      442    526  3.00
      443    103  5.00
      443    106  4.00
      443    211  2.00
      443    261  1.00
      443    408  3.00
      443    468  2.00
      443    521  2.00
      444     60  1.00
      444    175  1.00
      444    232  6.00
      444    400  2.00
      444    487  2.00
      444    501  2.00
      444    530  4.00
      445    241  6.00
      445    296  6.00
      445    315  2.00
      446     65  2.00
      446    169  6.00
      446    211  1.00
      446    229  2.00
      446    248  1.00
      446    261  2.00
      446    280  2.00
      446    344  5.00
      446    375  3.00
      446    413  1.00
      447     26  4.00
      447     32  5.00
      447    154  2.00
      447    217  2.00
      448      8  2.00
      448     28  3.00
      448     82  3.00
      448    100  2.00
      448    394  4.00
      448    438  1.00
      448    464  3.00
      448    475  1.00
      449     23  3.00
      449     52  6.00
      449    112  2.00
      449    152  3.00
      449    164  6.00
      449    286  6.00
      449    399  2.00
      450     36  2.00
      450     89  4.00
      450    104  4.00
      450    112  4.00
      450    224  4.00
      450    235  6.00
      450    294  2.00
      450    508  3.00
      451    317  5.00
      452      7  1.00
      452     51  1.00
      452     85  2.00
      452    120  5.00
      452    212  1.00
      452    255  2.00
      452    322  1.00
      452    395  1.00
      452    526  2.00
      453     22  2.00
      453     70  2.00
      453    107  1.00
      453    310  2.00
      453    368  1.00
      453    394  5.00
      453    552  2.00
      454    150  2.00
      454    320  4.00
      454    336  2.00
      454    358  3.00
      455      1  4.00
      455    208  2.00
      455    210  3.00
      455    234  2.00
      455    515  2.00
      455    526  2.00
      456     95  5.00
      456    214  4.00
      456    263  4.00
      456    370  1.00
      457     28  3.00
      457     46  2.00
      457     59  2.00
      457     99  2.00
      457    262  3.00
      457    306  4.00
      457    393  3.00
      458     18  1.00
      458     71  1.00
      458    167  1.00
      458    257  3.00
      458    311  1.00
      459    312  1.00
      459    428  5.00
      460     19  3.00
      460     24  3.00
      460     55  2.00
      460     77  3.00
      460    149  4.00
      460    395  3.00
      460    530  2.00
      460    549  2.00
      461     77  1.00
      461     93  1.00
      461    141  1.00
      461    200  1.00
      461    204  1.00
      461    268  1.00
      461    391  4.00
      461    477  2.00
      461    533  1.00
      462     25  3.00
      462    131  1.00
      462    199  3.00
      462    219  1.00
      462    331  2.00
      462    391  1.00
      462    435  2.00
      462    487  1.00
      462    554  1.00
      463     21  3.00
      463    114  2.00
      463    145  2.00
      463    238  5.00
      463    297  2.00
      463    362  3.00
      463    363  4.00
      463    366  2.00
      463    559  2.00
      464      8  6.00
      464     82  5.00
      464    225  1.00
      464    318  3.00
      464    326  1.00
      464    438  2.00
      464    448  4.00
      464    543  2.00
      465     39  1.00
      465     54  1.00
      465    221  1.00
      465    336  3.00
      466    128  4.00
      466    253  4.00
      466    336  3.00
      466    492  3.00
      467     43  1.00
      467    153  6.00
      467    197  2.00
      467    221  3.00
      467    403  1.00
      467    510  4.00
      468     39  3.00
      468    106  5.00
      468    122  5.00
      468    144  5.00
      468    242  6.00
      468    497  4.00
      469      1  2.00
      469     15  1.00
      469    163  1.00
      469    208  1.00
      469    211  1.00
      469    376  1.00
      469    498  1.00
      470    144  2.00
      470    242  2.00
      470    498  2.00
      471    113  1.00
      472     97  5.00
      472    239  1.00
      472    279  1.00
      472    523  6.00
      472    547  6.00
      473     46  1.00
      473     59  1.00
      473    161  3.00
      473    181  2.00
      473    237  4.00
      473    262  4.00
      473    387  3.00
      473    393  3.00
      473    409  1.00
      473    434  3.00
      474     28  2.00
      474     42  2.00
      474     46  2.00
      474    203  3.00
      474    299  5.00
      474    306  3.00
      474    307  2.00
      475     79  2.00
      475    236  3.00
      475    306  3.00
      475    331  3.00
      475    387  3.00
      475    426  5.00
      475    427  2.00
      475    438  2.00
      475    440  2.00
      476     65  3.00
      476    283  6.00
      477      5  1.00
      477     60  3.00
      477     77  3.00
      477    149  5.00
      477    200  3.00
      477    205  3.00
      477    391  4.00
      477    395  3.00
      477    404  6.00
      477    530  3.00
      478      1  1.00
      478     40  3.00
      478    137  2.00
      478    197  2.00
      478    287  5.00
      478    322  5.00
      478    356  3.00
      478    366  1.00
      478    517  3.00
      478    525  4.00
      479     53  5.00
      479     98  2.00
      479    103  4.00
      479    107  2.00
      479    125  4.00
      479    135  2.00
      480    255  4.00
      480    382  3.00
      482      6  2.00
      482     95  2.00
      482    168  1.00
      482    214  2.00
      482    256  2.00
      482    370  2.00
      483     32  1.00
      483    162  5.00
      483    465  1.00
      484     13  2.00
      484     15  6.00
      484     98  4.00
      484    346  6.00
      484    357  1.00
      484    526  1.00
      486     38  3.00
      486    168  2.00
      486    318  2.00
      486    439  2.00
      486    482  5.00
      487    156  2.00
      487    277  5.00
      487    278  5.00
      487    291  5.00
      487    323  5.00
      487    355  2.00
      487    429  6.00
      487    434  5.00
      487    444  3.00
      487    462  1.00
      488     50  4.00
      488    295  1.00
      488    298  1.00
      488    337  1.00
      488    397  1.00
      488    509  1.00
      489    117  2.00
      489    238  1.00
      489    280  1.00
      489    371  1.00
      489    473  1.00
      490     60  2.00
      490     78  6.00
      490    291  4.00
      490    436  4.00
      491     20  4.00
      491    110  5.00
      491    114  2.00
      491    177  4.00
      491    300  4.00
      491    384  3.00
      491    420  4.00
      491    473  2.00
      492    466  5.00
      493    162  6.00
      494     46  2.00
      494     59  1.00
      494    168  1.00
      494    214  2.00
      494    299  2.00
      494    325  2.00
      494    370  1.00
      494    410  1.00
      494    419  1.00
      494    473  3.00
      495     41  6.00
      495    229  3.00
      496    166  3.00
      496    248  3.00
      496    261  6.00
      496    390  4.00
      496    546  3.00
      497    150  4.00
      497    468  2.00
      498     65  5.00
      498    211  5.00
      498    413  3.00
      498    495  1.00
      499      4  5.00
      499     25  4.00
      499     60  1.00
      499    309  2.00
      499    331  3.00
      499    397  5.00
      499    536  3.00
      500    134  5.00
      500    136  3.00
      500    335  3.00
      500    525  6.00
      501    232  5.00
      502     69  6.00
      502    118  4.00
      502    297  6.00
      502    306  3.00
      502    364  2.00
      502    388  5.00
      502    475  4.00
      502    556  4.00
      504    107  1.00
      504    125  1.00
      504    169  4.00
      504    173  1.00
      504    188  1.00
      504    289  6.00
      504    358  5.00
      504    522  1.00
      505     17  2.00
      505     55  2.00
      505     87  5.00
      505    138  2.00
      505    365  4.00
      505    415  1.00
      505    417  2.00
      505    420  3.00
      506     21  5.00
      506    137  5.00
      506    148  5.00
      506    319  4.00
      506    537  3.00
      507    124  1.00
      507    280  5.00
      507    329  5.00
      507    493  2.00
      507    535  1.00
      507    536  3.00
      508     52  2.00
      508     89  3.00
      508    112  6.00
      508    224  3.00
      508    235  3.00
      508    245  2.00
      508    450  2.00
      509     41  2.00
      509     68  5.00
      509     86  3.00
      509    112  2.00
      509    145  4.00
      509    280  6.00
      509    502  5.00
      510     40  2.00
      510     43  4.00
      510    153  6.00
      510    197  5.00
      510    216  1.00
      510    374  2.00
      510    467  4.00
      511    209  3.00
      511    223  3.00
      511    286  4.00
      511    367  3.00
      511    498  4.00
      512     12  1.00
      512    231  4.00
      513    115  1.00
      513    117  2.00
      513    157  5.00
      513    371  1.00
      513    373  1.00
      513    472  3.00
      513    523  1.00
      513    547  2.00
      514     72  1.00
      514    290  1.00
      514    363  1.00
      514    437  1.00
      515    292  4.00
      515    336  3.00
      516    220  1.00
      516    262  2.00
      516    281  1.00
      516    288  4.00
      516    352  6.00
      516    373  3.00
      516    390  2.00
      516    420  1.00
      516    428  2.00
      517     26  5.00
      517     78  3.00
      517    374  6.00
      517    432  6.00
      517    436  1.00
      517    439  2.00
      517    490  1.00
      518     93  3.00
      518    302  2.00
      518    354  1.00
      518    506  2.00
      519     92  4.00
      519    179  2.00
      519    209  4.00
      519    223  1.00
      519    386  1.00
      519    392  2.00
      519    413  1.00
      520     65  3.00
      520    241  1.00
      520    413  1.00
      520    521  5.00
      521    169  4.00
      521    520  6.00
      522     13  1.00
      522     70  1.00
      522    107  3.00
      522    357  1.00
      522    375  1.00
      522    383  5.00
      522    396  1.00
      522    552  4.00
      523     97  6.00
      523    157  2.00
      523    198  2.00
      523    322  3.00
      523    404  3.00
      523    472  6.00
      523    473  1.00
      523    477  3.00
      523    547  5.00
      524     33  1.00
      524    174  1.00
      524    288  1.00
      524    345  1.00
      524    438  1.00
      524    464  1.00
      524    520  5.00
      524    521  2.00
      525     39  2.00
      525    120  4.00
      525    255  4.00
      525    459  2.00
      525    478  4.00
      526     13  6.00
      526     54  6.00
      526     87  5.00
      526     98  5.00
      526    155  3.00
      526    379  3.00
      527     88  1.00
      527    112  1.00
      527    330  5.00
      527    478  2.00
      528    174  1.00
      528    207  1.00
      528    233  2.00
      528    427  1.00
      528    541  2.00
      529    122  1.00
      529    161  1.00
      529    206  4.00
      529    220  1.00
      529    322  1.00
      529    362  1.00
      529    373  4.00
      529    376  4.00
      529    390  1.00
      530     58  6.00
      530    107  1.00
      530    148  2.00
      530    165  3.00
      530    205  5.00
      530    268  6.00
      530    365  1.00
      530    395  5.00
      530    460  2.00
      531     41  2.00
      531     78  3.00
      531    147  3.00
      531    358  3.00
      531    374  5.00
      531    436  2.00
      531    490  1.00
      532     56  1.00
      532     79  5.00
      532    115  4.00
      532    127  1.00
      532    203  3.00
      532    334  2.00
      532    355  3.00
      532    420  1.00
      532    439  1.00
      532    529  1.00
      533     77  3.00
      533     91  6.00
      533     93  6.00
      533    141  3.00
      533    149  4.00
      533    165  3.00
      533    395  3.00
      533    417  2.00
      533    460  4.00
      533    477  4.00
      534     60  3.00
      534    112  3.00
      534    291  3.00
      534    429  4.00
      534    444  4.00
      534    487  3.00
      534    508  4.00
      535     57  1.00
      535    100  1.00
      535    142  1.00
      535    148  1.00
      535    211  1.00
      535    302  6.00
      535    385  1.00
      535    397  2.00
      535    518  1.00
      536    182  2.00
      536    280  2.00
      536    305  3.00
      536    498  1.00
      536    507  5.00
      536    509  2.00
      537     60  3.00
      537    108  1.00
      537    131  4.00
      537    148  5.00
      537    199  2.00
      537    280  6.00
      537    312  2.00
      537    319  4.00
      537    354  3.00
      537    381  4.00
      538     92  5.00
      538    102  4.00
      538    107  1.00
      538    125  3.00
      538    169  2.00
      538    188  5.00
      538    265  3.00
      538    289  3.00
      538    340  1.00
      538    479  2.00
      539    287  3.00
      539    343  3.00
      540     64  2.00
      541     42  2.00
      541     59  1.00
      541    100  1.00
      541    101  1.00
      541    174  3.00
      541    198  5.00
      541    213  1.00
      541    233  3.00
      541    427  2.00
      541    438  1.00
      542      6  2.00
      542     95  2.00
      542    127  4.00
      542    167  2.00
      542    214  1.00
      542    287  6.00
      542    297  1.00
      542    370  2.00
      542    388  5.00
      542    438  5.00
      543     46  1.00
      543     62  1.00
      543    237  2.00
      543    299  6.00
      543    307  4.00
      543    457  1.00
      544    209  2.00
      544    428  6.00
      544    446  6.00
      545     26  2.00
      545    103  2.00
      545    154  6.00
      545    217  4.00
      545    549  3.00
      546     77  2.00
      546    194  5.00
      546    204  2.00
      546    268  3.00
      546    391  2.00
      546    395  3.00
      546    461  3.00
      546    477  1.00
      547     97  4.00
      547    124  1.00
      547    472  6.00
      547    491  1.00
      547    523  6.00
      548    180  2.00
      548    280  5.00
      548    324  4.00
      548    329  5.00
      548    344  3.00
      548    397  2.00
      548    431  2.00
      548    446  2.00
      549      5  3.00
      549     26  4.00
      549     55  1.00
      549    154  5.00
      549    217  6.00
      549    414  3.00
      549    460  2.00
      549    479  4.00
      549    545  3.00
      550    130  1.00
      550    203  1.00
      550    225  1.00
      550    325  2.00
      550    355  1.00
      550    401  1.00
      550    434  1.00
      550    439  1.00
      550    543  1.00
      551     53  3.00
      551    146  1.00
      551    234  5.00
      551    508  2.00
      552     13  1.00
      552     54  1.00
      552     70  4.00
      552    102  1.00
      552    107  3.00
      552    125  4.00
      552    205  5.00
      552    522  5.00
      553     54  1.00
      553     68  1.00
      553    128  3.00
      553    336  6.00
      553    516  1.00
      554      3  2.00
      554     56  3.00
      554    420  3.00
      555     44  2.00
      555    204  4.00
      555    395  1.00
      555    414  1.00
      556    114  2.00
      556    167  2.00
      557    118  3.00
      557    177  1.00
      557    301  1.00
      558     73  1.00
      558    127  1.00
      558    276  1.00
      558    278  1.00
      558    374  1.00
      559    149  2.00
      559    156  5.00
      559    291  4.00
      559    332  5.00
      559    433  3.00
      559    487  4.00
      560      5  3.00
      560    101  3.00
      560    138  6.00
      560    175  2.00
      560    189  4.00
      560    365  3.00
      560    415  5.00
      561    148  3.00
      561    302  6.00
      561    535  5.00
      562     57  2.00
      562    232  2.00
      562    568  1.00
      562    574  1.00
      562    576  1.00
      562    577  1.00
      562    580  1.00
      562    585  1.00
      562    586  1.00
      563    562  1.00
      563    565  1.00
      563    572  6.00
      563    578  4.00
      563    582  1.00
      564    562  1.00
      564    568  1.00
      564    571  2.00
      564    574  1.00
      564    576  1.00
      564    577  1.00
      564    580  2.00
      564    581  2.00
      564    584  2.00
      564    585  1.00
      565    464  2.00
      565    568  1.00
      565    570  6.00
      565    571  2.00
      565    573  1.00
      565    574  3.00
      565    576  2.00
      565    579  5.00
      565    580  2.00
      566    565  1.00
      566    568  1.00
      566    574  1.00
      566    576  2.00
      566    577  1.00
      566    580  1.00
      566    584  3.00
      566    585  1.00
      566    586  1.00
      567    317  1.00
      567    520  2.00
      567    570  1.00
      567    576  6.00
      567    577  1.00
      567    578  1.00
      567    584  2.00
      568    566  2.00
      568    571  3.00
      568    574  2.00
      568    577  1.00
      568    579  1.00
      568    580  5.00
      568    581  3.00
      568    586  1.00
      569    567  6.00
      569    568  1.00
      569    570  2.00
      569    573  3.00
      569    575  3.00
      569    576  6.00
      569    577  1.00
      569    583  4.00
      569    585  2.00
      570    566  1.00
      570    567  2.00
      570    568  1.00
      570    569  3.00
      570    571  1.00
      570    574  1.00
      570    576  1.00
      570    577  1.00
      570    580  1.00
      570    585  1.00
      571    565  1.00
      571    566  2.00
      571    568  1.00
      571    574  1.00
      571    576  2.00
      571    577  1.00
      571    580  1.00
      571    584  2.00
      571    585  1.00
      571    586  1.00
      572    562  1.00
      572    563  4.00
      572    568  1.00
      572    571  1.00
      572    576  1.00
      572    578  1.00
      572    580  1.00
      572    582  1.00
      572    584  1.00
      572    585  1.00
      573    565  3.00
      573    566  2.00
      573    567  3.00
      573    568  1.00
      573    569  3.00
      573    570  3.00
      573    575  4.00
      573    577  1.00
      573    581  1.00
      573    585  5.00
      574    562  2.00
      574    576  1.00
      574    577  4.00
      574    579  2.00
      574    586  4.00
      575    567  2.00
      575    569  2.00
      575    573  3.00
      575    578  1.00
      575    581  1.00
      575    583  1.00
      575    584  1.00
      576    566  2.00
      576    567  6.00
      576    568  1.00
      576    569  6.00
      576    577  1.00
      576    580  1.00
      576    584  1.00
      576    585  1.00
      576    586  2.00
      577    562  1.00
      577    566  1.00
      577    568  2.00
      577    574  5.00
      577    576  2.00
      577    579  3.00
      577    580  4.00
      577    584  1.00
      577    585  1.00
      577    586  3.00
      578    566  1.00
      578    567  1.00
      578    569  1.00
      578    572  3.00
      578    573  1.00
      578    575  1.00
      578    581  1.00
      578    583  1.00
      579    552  1.00
      579    565  4.00
      579    568  1.00
      579    574  4.00
      579    576  4.00
      579    577  4.00
      579    580  1.00
      579    584  1.00
      579    585  1.00
      579    586  4.00
      580    562  1.00
      580    566  1.00
      580    568  2.00
      580    571  1.00
      580    574  4.00
      580    576  1.00
      580    577  2.00
      580    581  3.00
      580    585  1.00
      580    586  1.00
      581    566  1.00
      581    567  1.00
      581    568  1.00
      581    569  1.00
      581    570  1.00
      581    580  1.00
      581    584  1.00
      581    585  1.00
      582    159  1.00
      582    288  1.00
      582    563  2.00
      582    569  2.00
      582    572  2.00
      583    566  4.00
      583    567  5.00
      583    569  5.00
      583    570  1.00
      583    573  1.00
      583    575  1.00
      583    576  2.00
      583    581  1.00
      583    585  3.00
      584    566  1.00
      584    567  1.00
      584    568  1.00
      584    574  1.00
      584    576  1.00
      584    577  1.00
      584    579  1.00
      584    580  2.00
      584    581  2.00
      584    585  2.00
      585    565  1.00
      585    566  1.00
      585    568  1.00
      585    574  2.00
      585    576  1.00
      585    577  1.00
      585    580  1.00
      585    581  2.00
      585    584  1.00
      585    586  1.00
      586    112  1.00
      586    562  1.00
      586    568  1.00
      586    574  4.00
      586    576  3.00
      586    577  3.00
      586    579  3.00
      586    580  3.00
      586    584  1.00
      586    585  1.00