DL
N=647
FORMAT=EDGELIST1
DATA:
        3     51  1.00
        3     87  1.00
        3    293  1.00
        3    443  1.00
        4    134  3.00
        4    226  5.00
        4    259  5.00
        4    357  3.00
        5    188  4.00
        5    291  4.00
        5    317  6.00
        5    330  3.00
        6     12  5.00
        6     84  5.00
        6     87  5.00
        6    369  5.00
        6    398  5.00
        9     87  3.00
        9    122  4.00
        9    143  2.00
       12      6  3.00
       12     34  6.00
       12     37  3.00
       12    169  2.00
       12    217  3.00
       12    279  5.00
       12    299  2.00
       14     47  6.00
       14    204  6.00
       15     26  3.00
       15     46  1.00
       15    185  2.00
       15    201  1.00
       15    385  6.00
       15    386  1.00
       16    100  2.00
       16    454  3.00
       17    227  6.00
       17    442  1.00
       18     67  1.00
       18     83  3.00
       18    208  1.00
       18    236  5.00
       18    412  1.00
       19    197  3.00
       19    261  2.00
       19    274  5.00
       20     97  1.00
       20    138  6.00
       20    152  3.00
       20    175  2.00
       23    242  1.00
       23    289  1.00
       23    444  1.00
       24     32  3.00
       24     92  2.00
       24    228  2.00
       25    263  6.00
       25    344  2.00
       25    354  4.00
       26     15  5.00
       26    185  2.00
       26    385  5.00
       26    386  2.00
       27      3  1.00
       27    293  4.00
       27    464  1.00
       28    182  1.00
       28    200  1.00
       28    230  2.00
       28    399  1.00
       29     33  2.00
       29    193  1.00
       29    200  6.00
       29    442  3.00
       30    202  2.00
       30    347  3.00
       30    403  6.00
       30    418  2.00
       31     36  1.00
       31     77  2.00
       31    183  1.00
       31    213  4.00
       31    246  5.00
       31    253  3.00
       31    254  5.00
       31    280  2.00
       31    328  1.00
       31    386  2.00
       32     24  1.00
       32    228  5.00
       32    308  1.00
       32    373  1.00
       33    112  2.00
       33    160  1.00
       33    240  1.00
       33    417  1.00
       37      6  2.00
       37     10  4.00
       37     12  4.00
       37    259  3.00
       37    386  4.00
       37    392  6.00
       37    445  4.00
       38     31  6.00
       38    144  5.00
       38    254  5.00
       38    256  5.00
       38    303  5.00
       38    408  6.00
       38    425  5.00
       38    444  3.00
       39     50  1.00
       39    173  1.00
       41    442  6.00
       41    446  6.00
       43    161  6.00
       43    182  6.00
       43    342  6.00
       43    435  6.00
       44    192  1.00
       48    195  1.00
       48    248  1.00
       48    284  2.00
       48    471  3.00
       49    435  6.00
       50     39  4.00
       51      3  2.00
       51     87  6.00
       51    293  5.00
       51    361  4.00
       51    443  2.00
       52    166  6.00
       52    231  1.00
       52    247  1.00
       52    257  2.00
       52    312  1.00
       52    437  1.00
       54     27  2.00
       54    206  2.00
       56    203  3.00
       58    101  3.00
       58    220  6.00
       60    445  4.00
       61     10  5.00
       61     59  5.00
       61     93  5.00
       61    429  4.00
       62     40  4.00
       63    259  4.00
       65    403  5.00
       65    418  2.00
       66     15  1.00
       66    303  1.00
       67     18  1.00
       67     29  1.00
       67     83  1.00
       67    178  1.00
       68    127  2.00
       68    324  2.00
       69     84  1.00
       69    147  2.00
       69    179  3.00
       69    408  4.00
       69    463  2.00
       70    160  3.00
       71     31  4.00
       71    117  1.00
       71    202  1.00
       71    211  6.00
       71    250  1.00
       71    408  5.00
       71    414  1.00
       71    434  1.00
       71    444  4.00
       72     84  2.00
       72    164  2.00
       72    183  2.00
       72    224  1.00
       73     96  5.00
       73    122  4.00
       74    112  6.00
       74    237  3.00
       75     20  3.00
       75    122  2.00
       75    268  3.00
       75    330  2.00
       75    454  3.00
       77     31  2.00
       77    171  3.00
       77    238  1.00
       77    272  1.00
       77    300  1.00
       77    328  1.00
       77    365  5.00
       78    218  1.00
       78    345  6.00
       78    349  6.00
       78    474  2.00
       79    172  3.00
       80    446  6.00
       81    154  1.00
       81    353  2.00
       81    360  2.00
       83     63  5.00
       85    226  4.00
       85    259  3.00
       85    287  5.00
       85    305  4.00
       86     44  2.00
       86     83  3.00
       86    335  3.00
       86    447  2.00
       86    450  2.00
       87      7  2.00
       87    293  2.00
       87    338  2.00
       87    464  2.00
       89     83  2.00
       89    148  1.00
       89    362  2.00
       89    366  5.00
       89    425  4.00
       92    144  3.00
       92    163  4.00
       92    306  3.00
       92    408  1.00
       92    444  2.00
       92    458  1.00
       93     42  1.00
       93    266  1.00
       93    290  1.00
       93    386  1.00
       93    408  1.00
       93    452  1.00
       94    212  2.00
       95      9  1.00
       95     87  1.00
       95    161  3.00
       95    427  1.00
       97     79  1.00
       97     94  1.00
       97    175  1.00
       97    200  2.00
       97    223  1.00
       97    295  2.00
       97    418  1.00
      100    242  3.00
      100    246  1.00
      100    405  4.00
      101     58  5.00
      102    111  4.00
      102    165  3.00
      103     92  2.00
      103    144  4.00
      103    273  2.00
      103    284  2.00
      103    414  2.00
      105    441  3.00
      107      9  1.00
      107    427  1.00
      108    144  1.00
      108    258  1.00
      109    292  5.00
      110     24  3.00
      110    105  2.00
      110    194  2.00
      110    225  2.00
      110    301  3.00
      110    466  2.00
      111     53  2.00
      111    102  2.00
      111    139  2.00
      111    166  2.00
      111    365  1.00
      111    367  4.00
      112     29  1.00
      112     74  6.00
      112    197  2.00
      112    237  2.00
      112    383  1.00
      112    442  2.00
      113    223  1.00
      113    323  1.00
      114    191  2.00
      116    170  2.00
      116    225  2.00
      116    257  2.00
      116    391  1.00
      117     71  1.00
      117    382  5.00
      117    475  2.00
      118    199  5.00
      118    226  2.00
      118    300  2.00
      120    127  2.00
      120    437  2.00
      122      9  2.00
      122     73  6.00
      122     95  2.00
      122     96  4.00
      122    342  1.00
      123    377  1.00
      123    379  1.00
      124    378  5.00
      125    164  6.00
      127     38  2.00
      127     68  1.00
      127    120  1.00
      127    157  5.00
      127    229  1.00
      127    257  1.00
      127    320  1.00
      127    419  1.00
      127    437  4.00
      129    267  3.00
      129    362  4.00
      129    433  2.00
      130    207  1.00
      130    259  2.00
      130    374  2.00
      132    414  4.00
      132    434  3.00
      134      4  1.00
      134     37  1.00
      134    146  1.00
      134    194  1.00
      134    226  1.00
      134    259  5.00
      134    357  3.00
      134    466  1.00
      134    467  1.00
      135    202  6.00
      136    204  1.00
      136    275  1.00
      136    321  1.00
      137    288  1.00
      137    366  1.00
      138     20  6.00
      138    152  2.00
      138    207  2.00
      138    362  2.00
      138    399  2.00
      139    132  1.00
      139    340  1.00
      139    367  4.00
      140     84  2.00
      140    111  2.00
      140    160  3.00
      140    253  2.00
      140    312  3.00
      140    367  2.00
      140    378  2.00
      140    391  1.00
      140    444  2.00
      141     37  1.00
      141    134  1.00
      141    194  1.00
      141    281  2.00
      141    357  6.00
      141    392  1.00
      141    399  4.00
      141    445  2.00
      142    126  1.00
      142    147  1.00
      142    179  2.00
      142    186  5.00
      142    278  1.00
      142    355  1.00
      142    402  1.00
      142    462  6.00
      143    249  5.00
      144     92  6.00
      144    103  3.00
      144    104  4.00
      144    163  3.00
      144    250  3.00
      144    306  5.00
      146    223  1.00
      146    467  1.00
      147     84  5.00
      147     87  2.00
      147    126  4.00
      147    158  3.00
      147    179  6.00
      147    303  6.00
      147    355  4.00
      148    112  1.00
      149    250  6.00
      151    144  3.00
      151    305  2.00
      151    308  3.00
      155    412  1.00
      156    295  3.00
      156    415  1.00
      156    418  2.00
      157      6  3.00
      157     12  5.00
      157     77  2.00
      157     84  4.00
      157    278  5.00
      157    313  3.00
      157    419  3.00
      157    431  5.00
      158    144  4.00
      158    151  2.00
      158    163  2.00
      158    213  1.00
      158    244  2.00
      158    250  2.00
      158    308  3.00
      158    408  3.00
      159     87  2.00
      159    286  2.00
      159    322  2.00
      159    461  1.00
      161     82  5.00
      163     93  4.00
      163    158  2.00
      163    250  2.00
      163    306  5.00
      163    408  4.00
      164     10  3.00
      164     84  3.00
      164    125  6.00
      164    313  2.00
      166      2  2.00
      166     52  4.00
      166    243  1.00
      166    471  1.00
      167     53  4.00
      167    431  4.00
      168     33  2.00
      168    192  3.00
      168    237  3.00
      168    362  5.00
      170     37  3.00
      170    259  2.00
      171     76  1.00
      171    215  1.00
      171    272  5.00
      171    292  1.00
      171    312  1.00
      171    386  1.00
      171    391  4.00
      171    449  1.00
      173     23  2.00
      173    289  1.00
      174     44  1.00
      174    138  2.00
      174    156  1.00
      174    200  3.00
      174    440  1.00
      174    442  1.00
      175     82  4.00
      175    350  5.00
      175    351  5.00
      176     17  1.00
      176    212  1.00
      176    228  1.00
      176    315  2.00
      179      7  3.00
      179     69  3.00
      179     87  2.00
      179    147  5.00
      179    164  4.00
      179    225  3.00
      179    463  4.00
      181     71  1.00
      181    469  1.00
      182     43  4.00
      182    261  5.00
      182    342  4.00
      182    399  5.00
      182    435  4.00
      183     72  1.00
      183    254  1.00
      185     10  1.00
      185     15  1.00
      185    255  2.00
      185    285  1.00
      185    295  1.00
      185    344  2.00
      185    385  1.00
      186    126  1.00
      186    142  5.00
      186    147  1.00
      186    278  1.00
      186    355  2.00
      186    402  2.00
      186    425  1.00
      186    462  1.00
      187    280  1.00
      187    362  1.00
      190    321  6.00
      192    281  3.00
      194     59  3.00
      194     68  2.00
      194    323  3.00
      194    399  3.00
      195    248  4.00
      195    325  1.00
      196    258  6.00
      197    112  4.00
      197    234  1.00
      197    361  6.00
      197    383  6.00
      197    442  3.00
      198    124  1.00
      198    149  1.00
      198    243  1.00
      198    367  1.00
      199    118  4.00
      199    312  2.00
      200     29  6.00
      200    189  1.00
      200    206  1.00
      200    442  1.00
      202     82  3.00
      202    135  6.00
      203     96  1.00
      203    226  1.00
      203    288  1.00
      203    399  1.00
      203    455  4.00
      205    182  2.00
      205    202  2.00
      205    435  2.00
      206     27  3.00
      208     18  1.00
      208    412  1.00
      208    467  2.00
      209    263  2.00
      209    303  2.00
      210    271  2.00
      211     12  6.00
      211     71  6.00
      213     23  2.00
      213     92  1.00
      213    144  6.00
      213    242  4.00
      213    250  2.00
      213    306  1.00
      213    408  2.00
      213    444  1.00
      214      7  1.00
      214     84  1.00
      214     87  1.00
      214    427  1.00
      214    439  1.00
      216     23  4.00
      216     87  2.00
      216    144  5.00
      216    164  1.00
      216    355  3.00
      216    398  4.00
      217     12  3.00
      217    253  1.00
      217    279  1.00
      217    299  5.00
      217    373  3.00
      217    396  1.00
      218    336  1.00
      220     58  1.00
      220    191  1.00
      220    306  1.00
      223    268  1.00
      223    282  4.00
      224     72  1.00
      224     84  1.00
      224    260  2.00
      224    266  5.00
      225    147  3.00
      225    157  6.00
      225    164  2.00
      225    179  4.00
      225    269  5.00
      225    356  2.00
      225    431  6.00
      226      4  3.00
      226    162  6.00
      226    259  5.00
      226    415  1.00
      227     17  5.00
      228     32  1.00
      228    226  1.00
      228    287  1.00
      228    308  1.00
      228    373  1.00
      229     64  4.00
      229    339  6.00
      230     28  4.00
      230     57  3.00
      232     47  1.00
      232     77  1.00
      232    129  1.00
      232    393  2.00
      234      7  1.00
      234     87  1.00
      234    338  1.00
      234    370  2.00
      235    138  5.00
      236      5  4.00
      236     43  4.00
      236    182  4.00
      236    342  3.00
      236    435  4.00
      237     74  5.00
      237    112  1.00
      238    134  4.00
      238    199  1.00
      238    328  2.00
      238    424  5.00
      239    208  1.00
      239    222  1.00
      239    230  1.00
      239    369  1.00
      240    375  4.00
      241     48  1.00
      241    356  2.00
      242     23  3.00
      242     31  6.00
      242    213  5.00
      242    253  3.00
      242    408  1.00
      243    118  3.00
      244     75  5.00
      244    158  3.00
      244    165  1.00
      244    288  1.00
      247     52  1.00
      247     93  1.00
      247    257  1.00
      247    269  1.00
      247    437  2.00
      249    143  3.00
      250     23  2.00
      250    213  2.00
      250    242  2.00
      253    105  1.00
      253    217  2.00
      253    248  1.00
      253    299  2.00
      253    359  6.00
      253    373  1.00
      254     31  6.00
      254     36  1.00
      254     72  1.00
      254    183  1.00
      254    224  1.00
      254    462  1.00
      254    463  2.00
      256     31  2.00
      256     38  2.00
      256    289  2.00
      256    303  5.00
      257     52  1.00
      257    437  2.00
      258    128  1.00
      258    144  2.00
      258    151  5.00
      258    196  5.00
      258    429  2.00
      259      4  3.00
      259    134  6.00
      259    162  3.00
      259    226  4.00
      259    415  5.00
      260     87  1.00
      260    107  2.00
      263    209  4.00
      263    344  6.00
      265    355  2.00
      265    408  2.00
      266     42  1.00
      266     92  2.00
      266     93  2.00
      266    224  6.00
      266    303  2.00
      266    408  2.00
      266    444  2.00
      267    337  6.00
      267    363  4.00
      268    585  1.00
      269     92  1.00
      269    201  3.00
      269    395  2.00
      271    171  2.00
      271    210  5.00
      271    329  1.00
      272    171  5.00
      273    182  1.00
      273    291  1.00
      273    470  1.00
      274      9  1.00
      274     19  2.00
      274    197  3.00
      274    366  1.00
      274    402  1.00
      274    442  1.00
      274    447  2.00
      275    136  1.00
      278     10  6.00
      278     34  4.00
      278     60  2.00
      278     84  2.00
      278    185  1.00
      278    313  2.00
      278    392  1.00
      278    445  4.00
      280     47  1.00
      280     86  3.00
      280    187  2.00
      280    362  1.00
      280    450  2.00
      280    463  2.00
      281    141  2.00
      281    192  3.00
      281    383  2.00
      282    223  3.00
      283    130  2.00
      283    145  4.00
      283    362  3.00
      283    366  1.00
      284     92  2.00
      284    306  2.00
      285    143  2.00
      286     20  3.00
      286    159  1.00
      286    254  1.00
      286    322  3.00
      287     85  2.00
      289    256  5.00
      290     52  2.00
      291      5  1.00
      291    182  1.00
      291    317  6.00
      292    109  2.00
      292    384  1.00
      292    428  4.00
      293      7  5.00
      293     51  4.00
      293     87  6.00
      293    464  6.00
      299     12  2.00
      299    217  6.00
      299    373  3.00
      299    415  5.00
      300     26  1.00
      300    118  1.00
      300    226  1.00
      300    238  4.00
      300    259  1.00
      300    301  2.00
      300    328  1.00
      300    385  1.00
      300    415  1.00
      301    118  5.00
      301    130  2.00
      301    141  3.00
      301    300  2.00
      301    415  3.00
      302     48  3.00
      302    218  2.00
      302    448  2.00
      303     25  2.00
      303    147  3.00
      303    158  3.00
      303    179  2.00
      303    209  2.00
      303    355  4.00
      303    425  2.00
      304    247  3.00
      304    431  6.00
      305      4  1.00
      305     10  2.00
      305     46  3.00
      305    226  2.00
      305    278  2.00
      305    392  2.00
      305    445  2.00
      306     92  4.00
      306    144  5.00
      306    438  4.00
      307      7  2.00
      307      9  1.00
      307     84  2.00
      307     87  2.00
      307    133  1.00
      307    136  3.00
      307    159  1.00
      307    270  3.00
      307    282  2.00
      307    313  3.00
      308     12  3.00
      308     34  5.00
      308     85  1.00
      308    228  3.00
      308    465  1.00
      311    154  3.00
      311    372  3.00
      312     31  2.00
      312    252  2.00
      312    352  2.00
      312    373  2.00
      313    201  4.00
      313    234  4.00
      313    372  6.00
      313    386  3.00
      313    392  3.00
      313    445  2.00
      317      5  1.00
      317     57  2.00
      317     83  1.00
      317    179  2.00
      317    182  6.00
      317    291  6.00
      317    369  2.00
      317    398  2.00
      318    163  3.00
      318    216  2.00
      318    369  3.00
      318    404  5.00
      318    452  6.00
      319      5  2.00
      319    234  2.00
      319    390  6.00
      319    399  1.00
      319    440  3.00
      321     79  1.00
      321    172  1.00
      321    190  6.00
      322    312  1.00
      322    391  1.00
      322    417  1.00
      328     50  1.00
      328    238  1.00
      328    300  1.00
      328    411  2.00
      330      5  3.00
      332    222  1.00
      332    412  1.00
      333    233  1.00
      333    440  1.00
      338      7  4.00
      338     17  3.00
      338     87  4.00
      338    197  1.00
      338    464  4.00
      340    139  1.00
      341    343  1.00
      342     43  2.00
      342     73  3.00
      342    122  2.00
      342    161  2.00
      342    182  2.00
      342    261  2.00
      342    435  2.00
      344    185  2.00
      344    209  1.00
      344    263  6.00
      344    386  1.00
      345     78  6.00
      345    296  1.00
      349     78  5.00
      349    296  3.00
      349    315  3.00
      349    474  3.00
      349    476  3.00
      351    161  5.00
      351    175  6.00
      351    350  6.00
      352    439  6.00
      355    105  3.00
      355    147  2.00
      355    179  2.00
      355    303  3.00
      355    357  2.00
      355    408  2.00
      356     81  4.00
      356     92  2.00
      357    134  3.00
      358    144  1.00
      358    456  1.00
      359    105  1.00
      359    253  4.00
      360    353  5.00
      360    357  3.00
      361     29  3.00
      361     54  2.00
      361    197  5.00
      361    200  2.00
      361    227  3.00
      361    383  5.00
      361    409  3.00
      361    445  2.00
      364      3  1.00
      364     51  1.00
      364    293  1.00
      365     77  6.00
      365    171  2.00
      365    238  1.00
      365    272  1.00
      365    359  3.00
      366    165  1.00
      367    111  1.00
      367    139  2.00
      367    140  5.00
      367    198  1.00
      370    234  3.00
      372     46  1.00
      372    313  6.00
      372    392  4.00
      372    399  1.00
      373     12  2.00
      373     37  2.00
      373    217  3.00
      373    228  3.00
      373    299  3.00
      373    415  2.00
      378     59  1.00
      378    142  6.00
      380    171  2.00
      380    312  2.00
      382     55  2.00
      382    117  6.00
      382    202  1.00
      382    347  2.00
      382    399  2.00
      383    197  5.00
      383    227  1.00
      383    234  1.00
      383    361  5.00
      384    101  1.00
      384    284  3.00
      384    428  2.00
      385     15  6.00
      385     26  5.00
      385     84  1.00
      385    140  1.00
      385    185  6.00
      385    312  1.00
      385    386  4.00
      386    201  6.00
      386    313  4.00
      386    385  4.00
      388     87  1.00
      388    293  1.00
      388    375  1.00
      389      5  1.00
      389     43  1.00
      389     83  1.00
      389    505  1.00
      389    549  2.00
      389    625  1.00
      391    171  1.00
      391    209  1.00
      391    312  3.00
      391    380  1.00
      392     37  6.00
      392    112  2.00
      392    227  2.00
      392    313  4.00
      392    372  4.00
      392    445  3.00
      393     47  5.00
      393     79  1.00
      393    232  3.00
      393    243  2.00
      393    362  2.00
      393    399  1.00
      395     12  3.00
      395    179  4.00
      395    269  5.00
      395    355  4.00
      396     78  5.00
      396    202  1.00
      396    205  1.00
      396    217  2.00
      396    330  1.00
      396    392  4.00
      396    460  3.00
      398      6  4.00
      398     12  2.00
      398     87  2.00
      398    192  2.00
      398    279  2.00
      398    369  4.00
      399     41  2.00
      399     83  2.00
      399    182  6.00
      399    194  4.00
      399    442  2.00
      399    443  5.00
      400    329  4.00
      403     30  5.00
      403    192  1.00
      403    202  3.00
      403    281  2.00
      403    418  3.00
      404    452  4.00
      404    570  4.00
      405    100  4.00
      406      6  3.00
      406    117  3.00
      406    291  6.00
      406    317  6.00
      406    369  4.00
      406    382  2.00
      408     92  2.00
      408     93  2.00
      408    163  4.00
      408    213  2.00
      408    444  4.00
      409     21  2.00
      409    375  2.00
      409    442  4.00
      411     97  1.00
      411    168  1.00
      411    280  1.00
      411    295  1.00
      411    466  1.00
      413    450  5.00
      414    132  4.00
      414    434  4.00
      415    118  1.00
      415    130  1.00
      415    217  5.00
      415    226  1.00
      415    259  3.00
      415    299  5.00
      415    301  2.00
      415    373  1.00
      416     17  2.00
      416     40  5.00
      416     55  2.00
      416     57  2.00
      416     67  2.00
      416    178  2.00
      416    399  2.00
      419    127  2.00
      419    187  2.00
      419    280  2.00
      419    295  2.00
      419    463  2.00
      421    386  2.00
      424    259  1.00
      424    372  1.00
      424    377  1.00
      424    386  1.00
      425     38  5.00
      425     89  2.00
      425    148  3.00
      425    303  1.00
      425    339  1.00
      427     87  1.00
      427    293  2.00
      427    370  3.00
      427    464  1.00
      428    384  1.00
      430     12  2.00
      430     34  3.00
      430     37  3.00
      430    278  6.00
      430    445  2.00
      431    147  3.00
      431    157  3.00
      431    179  2.00
      431    225  4.00
      431    269  2.00
      431    304  2.00
      431    395  2.00
      432    629  2.00
      433    129  1.00
      433    362  1.00
      434     71  2.00
      434    106  2.00
      434    132  3.00
      434    312  1.00
      434    414  4.00
      435     43  5.00
      435    182  5.00
      435    236  2.00
      435    342  6.00
      437     52  2.00
      437    127  3.00
      437    157  2.00
      437    247  1.00
      437    257  2.00
      437    269  1.00
      437    419  1.00
      438     31  3.00
      438     38  6.00
      438    163  4.00
      438    306  5.00
      438    408  5.00
      438    473  2.00
      439    352  5.00
      440     87  5.00
      440    234  2.00
      440    338  3.00
      440    464  5.00
      441    105  3.00
      441    459  5.00
      442     29  2.00
      442    112  1.00
      442    197  2.00
      442    200  1.00
      442    338  1.00
      442    409  2.00
      443     51  1.00
      443     83  5.00
      443    227  3.00
      443    338  1.00
      443    399  4.00
      444    163  2.00
      444    408  4.00
      445     10  2.00
      445     37  2.00
      445     60  5.00
      445     84  4.00
      445    278  2.00
      445    392  4.00
      446     41  3.00
      446    409  5.00
      447     30  1.00
      447     81  1.00
      447     95  6.00
      447    274  1.00
      447    454  3.00
      448    216  4.00
      448    218  2.00
      450     79  1.00
      450    138  1.00
      450    175  3.00
      450    447  1.00
      451     42  2.00
      451    240  3.00
      452    318  5.00
      452    334  4.00
      452    335  4.00
      452    570  4.00
      453    459  1.00
      453    469  1.00
      455     67  4.00
      455    203  3.00
      458     31  1.00
      458     92  3.00
      458     93  2.00
      458    163  1.00
      458    408  2.00
      458    444  2.00
      459    392  1.00
      459    441  6.00
      459    445  3.00
      460    435  3.00
      462     84  2.00
      462    142  6.00
      462    164  2.00
      462    186  3.00
      462    224  2.00
      462    254  2.00
      462    266  3.00
      463    127  1.00
      463    142  4.00
      463    179  4.00
      463    186  4.00
      463    187  3.00
      463    280  2.00
      463    295  2.00
      464     26  1.00
      464     51  1.00
      464     87  1.00
      464    197  1.00
      464    293  1.00
      464    338  1.00
      464    385  1.00
      465     31  2.00
      465    105  2.00
      465    144  4.00
      465    163  4.00
      465    355  6.00
      465    408  3.00
      465    438  2.00
      466     89  1.00
      466    147  1.00
      466    187  1.00
      466    267  1.00
      466    281  1.00
      466    418  2.00
      467     29  1.00
      467    145  1.00
      467    200  2.00
      467    204  6.00
      467    450  1.00
      468    453  1.00
      468    469  1.00
      469     24  1.00
      469    422  1.00
      470    273  1.00
      471     48  3.00
      471    470  2.00
      473    438  2.00
      475     83  2.00
      475    117  2.00
      475    202  2.00
      475    330  2.00
      475    382  2.00
      477    614  1.00
      478    495  4.00
      478    519  4.00
      478    569  6.00
      478    590  4.00
      478    631  2.00
      478    647  3.00
      479    532  6.00
      480    532  5.00
      480    585  1.00
      480    610  1.00
      480    622  2.00
      480    630  1.00
      480    632  2.00
      481    497  3.00
      481    521  1.00
      481    575  3.00
      481    592  3.00
      482    555  1.00
      482    558  1.00
      487    466  2.00
      487    614  2.00
      488    500  3.00
      488    518  4.00
      489     29  4.00
      490    494  6.00
      491    486  6.00
      491    504  5.00
      491    513  2.00
      491    520  2.00
      491    550  6.00
      491    555  3.00
      491    569  3.00
      491    585  2.00
      492    482  2.00
      492    513  4.00
      492    531  4.00
      492    539  5.00
      492    546  4.00
      492    552  1.00
      492    558  2.00
      493    497  2.00
      493    610  1.00
      493    613  1.00
      494    486  2.00
      494    490  6.00
      494    549  1.00
      494    574  1.00
      494    625  1.00
      494    632  3.00
      494    641  2.00
      495    482  1.00
      495    519  5.00
      495    533  2.00
      495    555  3.00
      495    569  2.00
      495    585  2.00
      495    626  2.00
      496    500  3.00
      496    607  4.00
      497    482  2.00
      497    491  2.00
      497    493  2.00
      497    508  4.00
      497    550  1.00
      497    555  2.00
      497    558  2.00
      497    569  4.00
      498    588  5.00
      498    636  1.00
      499    478  1.00
      499    509  1.00
      499    511  2.00
      499    561  4.00
      499    587  5.00
      499    635  1.00
      500    488  3.00
      500    496  3.00
      500    553  4.00
      500    607  3.00
      500    634  1.00
      501    416  1.00
      501    491  1.00
      501    513  1.00
      501    535  1.00
      501    585  1.00
      501    642  2.00
      503    514  4.00
      504    495  1.00
      504    533  1.00
      504    569  2.00
      504    585  2.00
      504    642  1.00
      505    486  2.00
      505    549  3.00
      505    559  3.00
      505    579  5.00
      505    625  6.00
      505    641  4.00
      506    604  1.00
      506    618  2.00
      507    502  1.00
      507    616  1.00
      507    643  3.00
      508    534  1.00
      508    557  1.00
      508    574  3.00
      508    593  1.00
      508    594  4.00
      508    615  1.00
      508    626  1.00
      509    517  1.00
      509    519  1.00
      509    521  4.00
      509    544  1.00
      509    574  4.00
      509    610  1.00
      509    622  4.00
      509    638  6.00
      510    579  4.00
      511    499  2.00
      511    539  2.00
      511    602  1.00
      512    515  1.00
      512    562  3.00
      512    581  1.00
      512    587  3.00
      512    608  3.00
      513    492  6.00
      513    531  6.00
      513    569  3.00
      513    585  4.00
      514    503  4.00
      514    505  3.00
      514    555  5.00
      514    579  3.00
      514    615  4.00
      515    512  1.00
      515    521  2.00
      515    533  1.00
      515    561  3.00
      515    590  2.00
      515    592  2.00
      515    601  3.00
      515    627  1.00
      515    647  2.00
      517    537  6.00
      517    618  1.00
      518    488  5.00
      518    500  2.00
      518    522  1.00
      518    553  1.00
      518    580  1.00
      518    607  1.00
      519    491  3.00
      519    495  6.00
      519    521  3.00
      519    555  3.00
      519    585  2.00
      519    626  2.00
      520    482  2.00
      520    495  1.00
      520    504  1.00
      520    531  5.00
      520    555  1.00
      520    558  2.00
      520    569  1.00
      520    627  1.00
      521    491  2.00
      521    497  1.00
      521    515  1.00
      521    583  1.00
      521    592  3.00
      521    601  1.00
      524    581  3.00
      525    554  1.00
      525    565  1.00
      525    576  1.00
      525    596  2.00
      526    496  1.00
      526    500  1.00
      526    596  4.00
      526    634  3.00
      527    523  2.00
      527    554  2.00
      527    576  2.00
      527    633  2.00
      528    549  1.00
      528    559  2.00
      528    579  1.00
      528    639  1.00
      528    646  1.00
      530    532  2.00
      530    586  2.00
      530    593  2.00
      531    492  3.00
      531    497  1.00
      531    513  1.00
      531    520  3.00
      531    539  1.00
      531    546  1.00
      531    552  1.00
      531    602  1.00
      532    479  4.00
      532    480  1.00
      532    530  2.00
      533    482  2.00
      533    505  1.00
      533    549  1.00
      533    550  2.00
      533    555  2.00
      533    558  2.00
      533    569  1.00
      533    625  1.00
      533    627  2.00
      534    486  1.00
      534    489  1.00
      534    505  1.00
      534    508  1.00
      534    549  1.00
      534    579  1.00
      534    635  1.00
      534    641  1.00
      535    482  5.00
      535    610  6.00
      535    636  4.00
      538    563  1.00
      539    482  2.00
      539    492  5.00
      539    513  3.00
      539    546  5.00
      539    550  2.00
      539    558  2.00
      539    569  2.00
      539    585  2.00
      539    627  2.00
      540    620  5.00
      540    632  1.00
      541    614  2.00
      542    524  4.00
      542    578  1.00
      542    583  1.00
      542    610  4.00
      543    506  1.00
      543    604  1.00
      543    629  1.00
      543    643  1.00
      545    490  1.00
      545    549  1.00
      545    574  1.00
      545    619  1.00
      545    625  1.00
      545    626  1.00
      545    632  1.00
      545    635  1.00
      546    478  1.00
      546    513  3.00
      546    539  5.00
      546    550  1.00
      546    555  1.00
      546    558  1.00
      546    569  4.00
      546    585  2.00
      546    629  1.00
      547    310  1.00
      547    550  2.00
      547    627  2.00
      548    606  2.00
      548    622  2.00
      548    638  2.00
      548    639  2.00
      548    645  2.00
      549    486  2.00
      549    490  2.00
      549    505  4.00
      549    521  3.00
      549    557  3.00
      549    579  5.00
      549    625  6.00
      549    641  5.00
      550    482  1.00
      550    491  2.00
      550    495  1.00
      550    496  1.00
      550    501  1.00
      550    552  3.00
      550    555  1.00
      550    558  1.00
      551    509  1.00
      551    517  1.00
      551    603  1.00
      551    604  1.00
      551    643  1.00
      553    496  2.00
      553    500  1.00
      554    508  1.00
      554    525  1.00
      554    527  4.00
      554    557  1.00
      554    576  2.00
      554    630  1.00
      554    633  2.00
      556    571  1.00
      556    609  3.00
      557    606  6.00
      557    625  2.00
      558    482  1.00
      558    610  1.00
      559    486  1.00
      559    522  1.00
      559    528  1.00
      559    549  1.00
      559    579  3.00
      559    625  1.00
      559    641  1.00
      561    499  2.00
      561    515  2.00
      561    575  2.00
      561    587  3.00
      561    609  1.00
      561    647  1.00
      562    575  5.00
      562    583  1.00
      562    627  2.00
      562    636  5.00
      562    637  1.00
      563    604  1.00
      565    525  1.00
      565    528  1.00
      565    638  2.00
      566    504  1.00
      566    507  3.00
      568    487  1.00
      568    536  4.00
      568    604  1.00
      568    629  1.00
      569    482  1.00
      569    495  1.00
      569    502  1.00
      569    504  1.00
      569    533  1.00
      569    550  1.00
      569    557  3.00
      569    585  1.00
      569    610  3.00
      569    632  1.00
      570    404  3.00
      570    452  4.00
      570    632  3.00
      571    407  5.00
      571    535  3.00
      571    556  6.00
      574    490  1.00
      574    494  1.00
      574    549  1.00
      574    632  3.00
      575    481  2.00
      575    482  2.00
      575    495  1.00
      575    513  1.00
      575    521  2.00
      575    550  4.00
      575    552  4.00
      575    555  2.00
      575    598  1.00
      575    602  5.00
      576    525  4.00
      576    527  2.00
      576    554  3.00
      576    557  3.00
      576    633  2.00
      577    528  1.00
      577    638  1.00
      579    455  1.00
      579    489  1.00
      579    505  4.00
      579    522  1.00
      579    528  1.00
      579    549  6.00
      579    559  3.00
      579    625  4.00
      579    641  4.00
      580    486  4.00
      580    489  1.00
      580    522  3.00
      580    630  2.00
      581    524  5.00
      582    480  1.00
      582    642  3.00
      583    432  2.00
      583    505  3.00
      583    636  2.00
      583    637  1.00
      584    503  1.00
      584    508  1.00
      584    530  2.00
      584    557  1.00
      584    622  1.00
      584    623  1.00
      584    645  1.00
      585    491  2.00
      585    495  1.00
      585    504  1.00
      585    533  3.00
      585    552  3.00
      585    555  2.00
      585    558  2.00
      585    569  1.00
      585    610  1.00
      586    544  3.00
      586    635  1.00
      587    499  3.00
      587    512  2.00
      587    561  2.00
      587    647  1.00
      588    483  1.00
      588    498  4.00
      589    535  1.00
      589    588  2.00
      589    600  5.00
      589    610  1.00
      589    637  5.00
      590    491  2.00
      590    497  3.00
      590    500  5.00
      590    515  2.00
      590    521  3.00
      590    533  2.00
      590    601  6.00
      591    509  2.00
      592    515  1.00
      592    521  1.00
      592    575  1.00
      592    590  1.00
      592    601  1.00
      592    647  1.00
      593    533  2.00
      593    549  2.00
      593    594  1.00
      593    632  1.00
      594    508  6.00
      594    533  2.00
      594    572  6.00
      594    592  6.00
      594    593  3.00
      594    622  1.00
      594    630  1.00
      594    632  1.00
      596    615  1.00
      596    634  5.00
      598    524  3.00
      598    585  3.00
      598    610  3.00
      599    535  4.00
      599    583  2.00
      599    613  2.00
      599    636  2.00
      600    479  5.00
      601    314  4.00
      602    575  3.00
      603    614  1.00
      603    638  4.00
      604    506  1.00
      604    511  2.00
      604    618  1.00
      604    643  1.00
      606    486  2.00
      606    505  1.00
      606    549  2.00
      606    557  6.00
      606    610  3.00
      606    625  1.00
      606    632  3.00
      606    645  2.00
      607    496  1.00
      607    500  2.00
      607    518  1.00
      607    522  1.00
      607    528  1.00
      607    596  1.00
      608    484  1.00
      608    512  3.00
      608    581  1.00
      608    609  1.00
      610    513  4.00
      610    569  4.00
      610    585  4.00
      610    606  3.00
      610    619  5.00
      610    632  4.00
      610    645  2.00
      612    325  2.00
      613    492  1.00
      613    534  2.00
      613    539  1.00
      613    546  1.00
      613    622  1.00
      615    519  3.00
      615    596  2.00
      615    641  3.00
      618    506  1.00
      618    517  2.00
      618    544  1.00
      618    604  1.00
      620    489  1.00
      620    540  4.00
      620    557  1.00
      620    593  3.00
      620    594  3.00
      620    622  1.00
      621    486  1.00
      621    489  3.00
      621    505  1.00
      621    534  1.00
      621    559  1.00
      621    579  1.00
      621    641  1.00
      622    480  3.00
      622    585  1.00
      622    610  2.00
      622    615  3.00
      622    619  2.00
      622    623  3.00
      622    630  1.00
      622    645  2.00
      623    514  4.00
      623    523  3.00
      623    557  3.00
      623    574  3.00
      623    622  4.00
      623    632  3.00
      624    366  2.00
      625    486  4.00
      625    505  5.00
      625    549  6.00
      625    559  1.00
      625    579  6.00
      625    641  5.00
      626    486  3.00
      626    495  1.00
      626    505  1.00
      626    519  1.00
      626    557  2.00
      626    615  1.00
      626    641  1.00
      627    482  1.00
      627    550  1.00
      627    555  6.00
      627    558  1.00
      628    504  1.00
      628    510  1.00
      628    541  3.00
      628    560  3.00
      628    563  2.00
      628    603  2.00
      628    620  2.00
      630    499  2.00
      630    503  2.00
      631    497  2.00
      631    504  2.00
      631    533  1.00
      631    569  2.00
      631    585  3.00
      631    627  1.00
      631    642  4.00
      633    525  1.00
      633    526  1.00
      633    527  1.00
      633    554  1.00
      633    576  1.00
      634    496  2.00
      634    500  3.00
      634    526  6.00
      634    596  6.00
      636    637  2.00
      638    503  3.00
      638    505  1.00
      638    548  1.00
      638    565  2.00
      638    586  2.00
      638    606  2.00
      638    619  3.00
      638    623  6.00
      638    632  1.00
      639    528  2.00
      639    548  2.00
      639    596  2.00
      639    634  2.00
      641    486  4.00
      641    505  3.00
      641    522  2.00
      641    549  6.00
      641    579  6.00
      641    615  1.00
      641    625  3.00
      642    501  3.00
      642    631  5.00
      643    506  1.00
      643    507  1.00
      643    604  1.00
      643    629  1.00
      644    558  2.00
      644    602  2.00
      645    574  1.00
      645    606  2.00
      645    622  1.00
      645    632  3.00