DL
N=873
FORMAT=EDGELIST1
DATA:
        1    195  5.00
        1    375  6.00
        2    179  5.00
        2    231  3.00
        2    269  4.00
        2    337  2.00
        2    524  5.00
        2    567  3.00
        3     47  4.00
        3     80  1.00
        3    173  2.00
        3    190  1.00
        3    361  3.00
        4     40  5.00
        5    166  2.00
        5    241  1.00
        5    308  1.00
        5    314  1.00
        5    326  1.00
        6     50  4.00
        6    149  1.00
        6    157  2.00
        6    337  4.00
        6    433  2.00
        6    496  1.00
        6    532  3.00
        7    290  2.00
        7    291  2.00
        7    431  1.00
        8      4  4.00
        8    242  1.00
        8    326  3.00
        8    368  1.00
        8    414  1.00
        8    417  1.00
        8    477  1.00
        8    512  3.00
        9    351  4.00
        9    410  3.00
        9    537  4.00
        9    582  3.00
       10     52  1.00
       10    214  1.00
       10    295  1.00
       10    300  1.00
       10    345  1.00
       10    367  1.00
       10    433  1.00
       10    507  1.00
       11     58  5.00
       11     63  2.00
       11    304  3.00
       11    397  4.00
       11    500  4.00
       12     10  3.00
       12     66  5.00
       12     80  6.00
       12    154  4.00
       12    217  3.00
       12    253  3.00
       12    331  6.00
       12    438  3.00
       12    564  5.00
       13     18  1.00
       13     87  2.00
       13    192  2.00
       13    258  3.00
       13    381  3.00
       13    479  4.00
       13    505  4.00
       13    544  2.00
       14    432  4.00
       15    292  4.00
       16    360  6.00
       16    428  5.00
       16    583  4.00
       17     98  5.00
       17    102  3.00
       17    274  3.00
       17    355  3.00
       17    436  3.00
       17    448  1.00
       17    451  3.00
       17    528  2.00
       18    125  3.00
       18    126  5.00
       18    179  5.00
       18    192  3.00
       19     92  4.00
       19    120  1.00
       19    153  1.00
       19    173  2.00
       19    359  3.00
       19    486  2.00
       19    526  4.00
       20    408  2.00
       21    180  4.00
       21    577  4.00
       23    144  1.00
       23    173  4.00
       23    176  2.00
       23    185  6.00
       23    257  3.00
       23    278  5.00
       23    368  4.00
       23    482  1.00
       26    122  6.00
       26    157  2.00
       26    217  2.00
       27     96  1.00
       27    518  1.00
       28     30  3.00
       28     32  5.00
       28    173  3.00
       28    226  3.00
       28    229  3.00
       28    331  3.00
       28    437  6.00
       28    481  6.00
       28    497  4.00
       28    500  3.00
       29     46  3.00
       29    121  1.00
       29    229  3.00
       29    453  3.00
       29    481  3.00
       30     28  2.00
       30    101  2.00
       30    114  4.00
       30    165  2.00
       31    317  1.00
       31    407  1.00
       31    412  1.00
       31    415  2.00
       31    462  2.00
       31    550  2.00
       32      6  3.00
       32     24  1.00
       32    280  4.00
       32    384  3.00
       32    459  1.00
       32    481  3.00
       32    530  1.00
       32    548  1.00
       33     86  6.00
       33     88  6.00
       33    104  6.00
       33    140  5.00
       33    307  6.00
       34    174  3.00
       34    562  3.00
       35     90  2.00
       35    112  2.00
       35    122  4.00
       35    250  5.00
       35    340  6.00
       35    389  4.00
       35    450  2.00
       35    512  6.00
       35    559  2.00
       36    193  3.00
       37     63  2.00
       37     64  1.00
       37    103  1.00
       37    108  3.00
       37    237  4.00
       37    284  1.00
       37    415  1.00
       37    511  1.00
       37    518  2.00
       38     98  3.00
       38    192  2.00
       38    334  1.00
       38    384  1.00
       38    461  3.00
       38    465  5.00
       38    564  2.00
       39    497  5.00
       41      1  2.00
       41     81  1.00
       41    133  1.00
       41    232  1.00
       41    255  5.00
       41    409  1.00
       41    828  1.00
       43    489  3.00
       43    566  4.00
       43    580  4.00
       45     56  1.00
       45    100  1.00
       45    105  2.00
       45    173  1.00
       45    545  1.00
       46     28  3.00
       46    101  3.00
       46    198  3.00
       46    278  3.00
       46    334  3.00
       46    396  3.00
       46    470  4.00
       46    518  1.00
       47      3  4.00
       47     63  3.00
       47     80  2.00
       47    257  1.00
       47    277  2.00
       47    304  4.00
       47    313  1.00
       48     14  2.00
       48    210  3.00
       48    489  1.00
       48    566  2.00
       49    197  1.00
       49    228  1.00
       49    250  3.00
       49    292  1.00
       49    364  1.00
       49    484  1.00
       49    495  1.00
       50      6  3.00
       50     63  1.00
       50    157  2.00
       50    258  3.00
       50    305  1.00
       50    520  2.00
       51     80  3.00
       51    106  4.00
       51    143  2.00
       51    226  1.00
       51    298  3.00
       51    485  3.00
       52     10  1.00
       52     80  6.00
       52    108  1.00
       52    165  1.00
       52    331  2.00
       52    367  1.00
       52    433  1.00
       52    532  1.00
       53    467  3.00
       54      4  3.00
       54    135  6.00
       54    524  4.00
       55    139  3.00
       55    366  6.00
       56    327  3.00
       56    398  6.00
       56    546  6.00
       56    553  2.00
       57    109  4.00
       57    167  2.00
       57    397  4.00
       58    365  3.00
       58    381  2.00
       58    477  2.00
       58    484  5.00
       58    544  3.00
       58    567  4.00
       59     40  1.00
       59    264  1.00
       59    582  2.00
       60     47  2.00
       60    146  2.00
       60    238  1.00
       60    300  1.00
       60    426  1.00
       60    449  1.00
       61    194  1.00
       61    251  4.00
       61    424  2.00
       61    488  1.00
       62    503  1.00
       63     47  4.00
       63    103  3.00
       63    155  1.00
       63    287  1.00
       63    326  2.00
       63    368  1.00
       63    478  1.00
       63    575  3.00
       64    153  1.00
       64    287  2.00
       64    575  2.00
       67    113  2.00
       67    288  1.00
       68    102  2.00
       68    120  4.00
       68    434  5.00
       69    453  1.00
       70    120  2.00
       70    256  3.00
       70    320  3.00
       70    435  2.00
       70    498  1.00
       71    203  4.00
       72    132  2.00
       72    271  1.00
       72    347  1.00
       72    420  1.00
       72    435  1.00
       72    517  1.00
       72    518  1.00
       73     76  1.00
       73    101  2.00
       73    129  1.00
       73    347  1.00
       73    509  1.00
       73    548  1.00
       73    584  1.00
       74     42  2.00
       74    157  1.00
       74    159  2.00
       74    392  3.00
       74    511  3.00
       75     56  3.00
       75     83  5.00
       75     97  6.00
       75    155  2.00
       75    170  5.00
       75    310  3.00
       75    546  3.00
       76     25  1.00
       76     38  1.00
       76    100  1.00
       77    401  4.00
       78    248  3.00
       78    548  1.00
       78    556  1.00
       79    216  2.00
       79    425  2.00
       79    483  2.00
       79    529  2.00
       80     47  2.00
       80     51  3.00
       80     52  6.00
       80    165  2.00
       80    183  1.00
       80    300  1.00
       80    331  2.00
       80    460  1.00
       80    532  3.00
       82    249  1.00
       82    525  5.00
       83     56  1.00
       83     75  5.00
       83    170  5.00
       83    190  4.00
       83    204  2.00
       83    226  1.00
       83    229  1.00
       83    308  6.00
       83    314  2.00
       84    131  4.00
       84    187  3.00
       84    243  1.00
       84    307  1.00
       84    426  1.00
       84    542  4.00
       85      2  3.00
       85      6  2.00
       85    184  3.00
       85    252  2.00
       85    299  3.00
       85    337  3.00
       85    407  3.00
       86     33  4.00
       86    116  2.00
       86    139  1.00
       86    140  1.00
       86    247  2.00
       86    306  1.00
       86    307  1.00
       87     40  3.00
       87    196  3.00
       87    269  4.00
       87    505  6.00
       88     33  1.00
       88     86  2.00
       89     56  1.00
       89    212  1.00
       89    568  1.00
       92    103  2.00
       92    155  1.00
       92    206  1.00
       92    313  2.00
       92    429  2.00
       93    103  1.00
       93    129  2.00
       93    239  1.00
       93    569  1.00
       94    327  5.00
       94    553  2.00
       96     97  1.00
       96    271  2.00
       96    277  1.00
       96    303  4.00
       96    312  1.00
       96    367  1.00
       96    391  2.00
       96    549  4.00
       97     13  6.00
       97    192  4.00
       97    280  6.00
       97    406  5.00
       98    280  2.00
       98    436  2.00
       98    444  5.00
       98    448  2.00
       98    451  2.00
       99    172  4.00
       99    174  2.00
       99    178  3.00
       99    209  1.00
       99    212  1.00
       99    325  1.00
       99    506  1.00
      100     28  1.00
      100     76  1.00
      100     80  1.00
      100    238  1.00
      100    264  1.00
      100    266  1.00
      100    532  1.00
      101     12  1.00
      101     30  1.00
      101    548  1.00
      101    558  1.00
      102    144  2.00
      102    267  2.00
      102    299  2.00
      102    424  4.00
      102    532  5.00
      103    106  6.00
      103    217  2.00
      103    332  5.00
      103    450  2.00
      103    544  2.00
      103    554  6.00
      103    569  1.00
      105     19  6.00
      105     44  1.00
      105    100  6.00
      105    129  1.00
      105    305  5.00
      105    359  1.00
      106     51  6.00
      106    103  5.00
      106    147  3.00
      106    252  3.00
      106    313  3.00
      106    388  4.00
      106    554  4.00
      106    582  2.00
      107     54  1.00
      107    155  3.00
      107    226  3.00
      107    229  3.00
      107    371  3.00
      107    486  1.00
      108     37  3.00
      108     80  1.00
      108    106  1.00
      108    230  1.00
      108    257  2.00
      108    301  2.00
      108    451  2.00
      108    480  2.00
      108    510  3.00
      109     57  2.00
      109    151  5.00
      109    167  3.00
      109    212  6.00
      109    234  2.00
      109    330  3.00
      109    428  3.00
      109    529  5.00
      111    341  3.00
      113     72  1.00
      113    132  1.00
      113    219  1.00
      113    241  1.00
      113    429  1.00
      113    448  6.00
      113    471  1.00
      114     30  2.00
      114    123  1.00
      114    492  1.00
      114    501  1.00
      114    561  1.00
      115    191  1.00
      115    325  1.00
      115    437  1.00
      115    480  1.00
      115    497  4.00
      115    584  5.00
      115    792  1.00
      115    855  2.00
      118    171  1.00
      118    209  6.00
      118    437  6.00
      118    486  3.00
      119     87  1.00
      119    126  2.00
      119    402  4.00
      119    505  2.00
      119    582  2.00
      120     19  1.00
      120     32  5.00
      120     56  2.00
      120     68  4.00
      120     95  4.00
      120    383  6.00
      121      2  3.00
      121      6  1.00
      121    169  1.00
      121    480  4.00
      121    580  2.00
      122      1  2.00
      122     26  6.00
      122    199  3.00
      122    273  1.00
      123    114  4.00
      123    313  3.00
      123    398  4.00
      123    501  4.00
      123    561  4.00
      123    583  4.00
      124     16  3.00
      124    226  1.00
      124    342  5.00
      125     56  4.00
      125    212  3.00
      125    220  6.00
      125    398  6.00
      126    196  1.00
      126    379  1.00
      126    389  1.00
      126    567  1.00
      127    129  1.00
      127    152  3.00
      127    248  3.00
      127    325  4.00
      127    461  4.00
      127    497  2.00
      127    556  2.00
      128    173  3.00
      128    550  3.00
      130    133  1.00
      130    403  2.00
      130    483  4.00
      131     84  5.00
      131    107  2.00
      131    333  2.00
      131    372  2.00
      131    477  2.00
      132    248  2.00
      132    256  2.00
      132    405  2.00
      132    460  2.00
      133    130  2.00
      133    255  3.00
      133    342  3.00
      133    403  3.00
      134     35  3.00
      134     87  1.00
      134    112  4.00
      134    317  1.00
      134    390  3.00
      134    559  2.00
      135     54  6.00
      135    192  1.00
      135    209  4.00
      135    437  3.00
      136      5  1.00
      136     49  1.00
      136    112  1.00
      136    308  1.00
      136    463  1.00
      137      2  1.00
      137     61  1.00
      138    108  3.00
      138    109  1.00
      138    129  1.00
      138    198  3.00
      138    511  2.00
      138    655  1.00
      138    718  2.00
      138    861  6.00
      139     55  3.00
      139    339  5.00
      139    381  3.00
      139    458  6.00
      139    463  2.00
      139    582  3.00
      141    166  4.00
      141    310  5.00
      141    583  4.00
      142    181  5.00
      142    192  3.00
      142    204  2.00
      142    364  3.00
      142    546  5.00
      143     51  5.00
      143     59  1.00
      143    266  1.00
      143    312  2.00
      143    325  5.00
      143    452  2.00
      143    460  1.00
      143    497  2.00
      144     50  1.00
      144    429  3.00
      144    524  2.00
      145    139  3.00
      145    142  3.00
      145    315  4.00
      145    450  3.00
      146     60  1.00
      146    110  2.00
      146    190  5.00
      146    238  3.00
      146    251  3.00
      146    396  1.00
      146    429  5.00
      147    299  4.00
      147    407  3.00
      148    248  4.00
      148    338  3.00
      148    418  4.00
      148    491  1.00
      149     28  5.00
      149    235  2.00
      149    274  1.00
      149    335  1.00
      149    387  5.00
      149    433  2.00
      149    453  6.00
      149    503  1.00
      149    550  1.00
      149    578  1.00
      151     26  2.00
      152    129  5.00
      152    545  5.00
      153     19  4.00
      153     53  4.00
      153    117  5.00
      153    210  4.00
      153    362  4.00
      155      2  1.00
      155    103  1.00
      155    313  6.00
      155    338  3.00
      155    350  4.00
      155    390  1.00
      155    534  2.00
      156     25  3.00
      156    218  1.00
      156    289  2.00
      156    397  1.00
      158    103  4.00
      158    159  2.00
      158    448  2.00
      158    554  6.00
      159    156  6.00
      159    355  3.00
      159    392  3.00
      159    451  3.00
      159    506  5.00
      160    305  2.00
      161     15  2.00
      161    258  3.00
      161    478  1.00
      161    548  6.00
      163    234  4.00
      163    260  4.00
      164    265  4.00
      164    278  5.00
      164    372  2.00
      165      6  3.00
      165     80  1.00
      165    265  3.00
      165    284  1.00
      165    349  2.00
      165    367  1.00
      165    433  2.00
      165    437  1.00
      165    460  1.00
      165    532  1.00
      166      5  3.00
      166     73  5.00
      166    141  4.00
      166    583  3.00
      168    366  4.00
      168    552  6.00
      169     43  1.00
      169    167  5.00
      169    191  4.00
      169    405  2.00
      170     75  4.00
      170     83  4.00
      170    317  4.00
      170    462  2.00
      170    485  3.00
      170    506  3.00
      170    546  1.00
      171    118  3.00
      171    250  3.00
      171    284  4.00
      171    321  2.00
      171    554  5.00
      173     23  6.00
      173    149  5.00
      173    185  4.00
      173    226  5.00
      173    229  5.00
      173    257  3.00
      173    278  2.00
      174    428  4.00
      176     18  6.00
      176     46  2.00
      176    146  4.00
      176    184  5.00
      176    222  6.00
      176    313  2.00
      176    368  6.00
      176    371  2.00
      176    467  6.00
      179    146  5.00
      179    184  6.00
      179    295  6.00
      179    337  6.00
      180     21  5.00
      180    249  1.00
      180    505  2.00
      180    553  2.00
      180    577  3.00
      181    142  6.00
      182    295  1.00
      183     11  1.00
      183    115  1.00
      183    259  1.00
      183    310  1.00
      183    349  1.00
      183    527  1.00
      183    530  5.00
      183    583  1.00
      183    584  1.00
      183    640  5.00
      184      2  1.00
      184      6  1.00
      184    179  5.00
      184    299  3.00
      184    337  6.00
      185     23  6.00
      185     56  1.00
      185    221  2.00
      185    227  1.00
      185    257  4.00
      185    278  6.00
      186    264  3.00
      186    582  5.00
      187     84  5.00
      187    131  4.00
      187    425  2.00
      187    542  6.00
      188     35  2.00
      188    147  1.00
      188    566  1.00
      188    750  3.00
      189    107  1.00
      189    129  1.00
      189    176  1.00
      189    232  1.00
      189    304  1.00
      189    313  1.00
      189    381  3.00
      189    440  5.00
      189    442  5.00
      190      3  1.00
      190    146  6.00
      190    171  1.00
      190    234  1.00
      190    251  3.00
      190    323  2.00
      190    361  3.00
      192     13  5.00
      192     18  3.00
      192     63  1.00
      192     66  4.00
      192    123  6.00
      192    216  3.00
      192    329  4.00
      192    414  4.00
      192    561  4.00
      195      1  3.00
      195    272  1.00
      196      4  3.00
      196    126  4.00
      196    292  2.00
      196    389  4.00
      196    505  3.00
      197     18  2.00
      197    117  2.00
      197    139  2.00
      197    250  3.00
      197    398  2.00
      197    477  2.00
      197    484  5.00
      197    487  1.00
      198     28  4.00
      198     91  2.00
      198    217  2.00
      198    237  2.00
      198    480  5.00
      198    481  4.00
      198    543  2.00
      199    368  6.00
      199    441  5.00
      199    503  1.00
      200     50  2.00
      200    383  2.00
      200    496  2.00
      200    519  2.00
      202    228  3.00
      202    417  1.00
      202    501  3.00
      202    561  3.00
      203     71  4.00
      203    201  5.00
      204     18  1.00
      204    142  1.00
      204    192  1.00
      204    310  4.00
      204    534  1.00
      204    546  1.00
      206    195  2.00
      206    203  1.00
      206    352  6.00
      206    400  2.00
      206    495  1.00
      206    557  3.00
      207    190  2.00
      207    304  2.00
      207    319  1.00
      208     29  3.00
      208     46  2.00
      208     72  1.00
      209    118  6.00
      209    322  2.00
      211    486  6.00
      212     89  1.00
      212    109  5.00
      212    192  1.00
      212    234  2.00
      212    322  1.00
      212    395  2.00
      212    520  2.00
      212    568  4.00
      213    328  6.00
      214    334  2.00
      214    445  5.00
      214    461  2.00
      215     33  6.00
      215    417  2.00
      215    432  5.00
      215    582  4.00
      216    167  2.00
      216    260  2.00
      216    329  1.00
      216    414  2.00
      216    529  2.00
      217     20  1.00
      217     26  1.00
      217     56  2.00
      217    146  1.00
      217    234  2.00
      217    429  1.00
      217    464  1.00
      217    554  1.00
      218    156  1.00
      218    446  1.00
      218    473  3.00
      219     39  3.00
      219    113  4.00
      219    199  1.00
      219    200  2.00
      219    274  2.00
      219    416  2.00
      219    448  4.00
      219    476  1.00
      220    125  6.00
      220    212  4.00
      220    398  3.00
      221    225  5.00
      221    227  5.00
      221    228  5.00
      222    146  6.00
      222    209  3.00
      222    232  3.00
      222    429  5.00
      222    437  2.00
      222    467  6.00
      222    507  1.00
      222    517  2.00
      223    386  4.00
      223    430  3.00
      223    551  3.00
      224     55  4.00
      224    122  6.00
      224    381  6.00
      224    440  5.00
      224    441  4.00
      224    442  6.00
      227    149  2.00
      227    165  3.00
      227    221  5.00
      227    225  5.00
      227    228  3.00
      227    368  2.00
      227    414  2.00
      227    441  2.00
      227    443  2.00
      230    286  1.00
      230    313  1.00
      230    332  6.00
      230    353  6.00
      230    553  1.00
      231      2  3.00
      231    260  5.00
      231    414  5.00
      231    415  5.00
      234    163  4.00
      234    251  3.00
      234    529  1.00
      234    531  1.00
      235     98  2.00
      235    149  2.00
      235    159  5.00
      235    485  1.00
      235    506  5.00
      235    550  2.00
      236    312  2.00
      236    349  1.00
      237     37  1.00
      237    331  1.00
      237    518  1.00
      238     22  2.00
      238     52  2.00
      238    146  3.00
      238    211  2.00
      238    284  2.00
      238    369  2.00
      238    437  2.00
      238    544  2.00
      240     58  4.00
      240    260  3.00
      240    358  5.00
      240    379  4.00
      240    550  4.00
      241    108  6.00
      241    655  5.00
      241    667  5.00
      241    671  5.00
      242    107  1.00
      242    270  4.00
      242    441  1.00
      243    542  3.00
      244     81  1.00
      244     94  1.00
      244    102  2.00
      244    176  1.00
      244    412  1.00
      248    148  6.00
      248    390  1.00
      248    396  1.00
      248    412  1.00
      248    556  1.00
      250     49  5.00
      250    110  6.00
      250    171  1.00
      250    197  2.00
      250    364  4.00
      250    484  1.00
      251     61  1.00
      251    146  3.00
      251    190  3.00
      252    343  2.00
      252    346  1.00
      252    366  3.00
      252    485  1.00
      252    486  2.00
      254    401  2.00
      254    569  2.00
      256     70  2.00
      256     80  2.00
      256    144  1.00
      256    163  2.00
      256    320  2.00
      256    349  1.00
      256    429  1.00
      256    584  1.00
      257     23  2.00
      257    185  2.00
      257    278  3.00
      258     50  4.00
      258     61  4.00
      258    161  5.00
      258    548  2.00
      260    163  6.00
      260    231  5.00
      261    338  2.00
      262     84  4.00
      263     11  1.00
      263    122  1.00
      263    295  1.00
      263    425  2.00
      263    533  4.00
      263    793  3.00
      265     25  2.00
      265    164  6.00
      265    266  2.00
      265    358  1.00
      265    539  2.00
      266    498  2.00
      267    425  5.00
      267    450  2.00
      267    459  2.00
      268    388  6.00
      268    556  6.00
      271     96  2.00
      271    143  1.00
      271    165  1.00
      271    303  2.00
      271    391  2.00
      272     42  4.00
      272    156  2.00
      272    406  4.00
      272    444  3.00
      272    475  6.00
      272    553  3.00
      273     16  3.00
      273    318  5.00
      273    342  2.00
      273    407  1.00
      273    441  2.00
      273    478  6.00
      273    534  4.00
      274     17  2.00
      274     62  1.00
      274    313  1.00
      274    350  1.00
      274    550  1.00
      275    155  4.00
      276      5  2.00
      276     53  2.00
      276    299  1.00
      276    313  1.00
      276    371  1.00
      276    377  1.00
      276    433  1.00
      276    461  1.00
      276    467  3.00
      277     32  1.00
      277     47  3.00
      277     61  2.00
      277    345  5.00
      277    356  2.00
      278     23  4.00
      278    185  4.00
      278    257  1.00
      279     28  1.00
      279     56  1.00
      279    253  1.00
      279    300  5.00
      279    331  2.00
      279    423  6.00
      279    433  2.00
      280     32  3.00
      280     97  4.00
      280    282  3.00
      280    371  3.00
      280    511  2.00
      280    551  2.00
      281    368  5.00
      281    488  1.00
      282    280  3.00
      282    511  3.00
      284     11  3.00
      284    165  1.00
      284    171  3.00
      284    304  3.00
      284    331  3.00
      284    433  2.00
      284    460  1.00
      284    504  6.00
      284    584  2.00
      284    800  4.00
      285    487  2.00
      286     38  4.00
      286    230  1.00
      287     20  1.00
      287     37  6.00
      287     64  6.00
      287    448  1.00
      287    511  1.00
      287    520  1.00
      287    575  1.00
      288     67  4.00
      288    100  1.00
      288    237  2.00
      288    286  2.00
      288    420  3.00
      288    445  1.00
      288    508  2.00
      288    538  2.00
      288    558  2.00
      289     25  6.00
      289    156  3.00
      289    266  6.00
      289    298  5.00
      290    252  4.00
      290    291  3.00
      290    343  1.00
      290    346  2.00
      290    486  5.00
      292     15  2.00
      292    106  1.00
      292    252  5.00
      292    366  1.00
      292    389  2.00
      292    477  2.00
      292    486  1.00
      293      5  3.00
      293      7  3.00
      294    419  2.00
      295    179  6.00
      296    323  1.00
      296    390  1.00
      296    453  1.00
      296    524  1.00
      296    549  2.00
      298     39  1.00
      298     51  3.00
      298    151  1.00
      298    289  3.00
      298    421  1.00
      298    433  1.00
      298    503  2.00
      298    568  2.00
      299     50  1.00
      299     85  4.00
      299    147  4.00
      299    179  3.00
      299    184  5.00
      299    295  5.00
      299    424  5.00
      299    522  2.00
      300    166  2.00
      300    279  4.00
      300    580  5.00
      303    115  2.00
      303    165  1.00
      303    277  1.00
      303    331  1.00
      303    345  1.00
      303    349  6.00
      303    556  1.00
      304      3  5.00
      304     11  3.00
      304     47  5.00
      304     63  2.00
      304    284  3.00
      304    412  3.00
      305     81  1.00
      305    264  5.00
      305    359  2.00
      305    473  4.00
      305    552  4.00
      306    307  5.00
      306    464  6.00
      307     33  3.00
      307    215  1.00
      307    306  4.00
      307    464  3.00
      307    539  1.00
      310     16  4.00
      310     75  4.00
      310     83  4.00
      310    155  2.00
      310    226  2.00
      310    317  4.00
      310    326  2.00
      310    530  5.00
      313     22  2.00
      313    119  5.00
      313    140  2.00
      313    142  4.00
      313    155  4.00
      313    230  3.00
      313    260  3.00
      313    318  1.00
      313    516  2.00
      314    260  1.00
      314    358  1.00
      314    425  1.00
      314    440  2.00
      314    441  2.00
      315    145  2.00
      315    251  2.00
      315    321  2.00
      315    424  2.00
      315    450  2.00
      315    481  2.00
      317    142  1.00
      317    170  2.00
      317    348  1.00
      317    462  4.00
      317    530  2.00
      318    179  3.00
      318    273  6.00
      318    306  3.00
      318    342  6.00
      318    369  2.00
      318    407  6.00
      318    561  4.00
      319    320  3.00
      320     70  3.00
      320    191  6.00
      320    319  1.00
      320    324  1.00
      320    377  2.00
      320    495  1.00
      320    500  6.00
      321    250  2.00
      321    397  1.00
      321    412  3.00
      321    414  1.00
      321    426  1.00
      323     80  2.00
      323    190  1.00
      323    278  1.00
      323    334  1.00
      323    345  1.00
      323    507  1.00
      325    115  1.00
      325    129  1.00
      325    256  1.00
      325    429  1.00
      325    556  1.00
      326     63  1.00
      326    478  1.00
      327     56  1.00
      327     94  5.00
      327    126  3.00
      327    261  3.00
      327    379  3.00
      327    389  3.00
      327    531  1.00
      327    553  1.00
      328    213  6.00
      328    372  3.00
      330     97  5.00
      330    329  1.00
      330    455  5.00
      330    546  1.00
      331     28  1.00
      331    184  5.00
      331    337  4.00
      331    349  2.00
      331    367  2.00
      331    433  2.00
      333      6  1.00
      333     50  1.00
      333    131  1.00
      333    299  1.00
      333    350  1.00
      333    477  1.00
      333    503  1.00
      334     87  1.00
      334    118  1.00
      334    295  1.00
      334    437  1.00
      334    556  1.00
      335     23  2.00
      335    135  1.00
      335    249  3.00
      335    278  3.00
      335    417  4.00
      335    473  4.00
      335    668  2.00
      335    683  5.00
      337      2  3.00
      337      6  4.00
      337     18  3.00
      337    157  3.00
      337    179  6.00
      337    184  6.00
      337    421  3.00
      337    434  5.00
      338    118  6.00
      338    147  2.00
      338    151  4.00
      338    165  6.00
      338    209  2.00
      338    261  5.00
      338    534  5.00
      339    139  6.00
      339    365  2.00
      339    458  6.00
      340    144  1.00
      340    147  2.00
      340    179  2.00
      340    184  2.00
      340    299  4.00
      340    331  5.00
      340    415  1.00
      340    488  1.00
      341     93  4.00
      341    129  1.00
      341    133  2.00
      341    528  1.00
      341    530  5.00
      342     24  1.00
      342    124  1.00
      342    133  2.00
      342    194  1.00
      342    269  2.00
      342    460  4.00
      342    463  2.00
      342    464  2.00
      342    567  3.00
      343     20  2.00
      343    252  3.00
      343    290  3.00
      343    324  2.00
      343    346  6.00
      343    525  6.00
      343    560  4.00
      344    203  1.00
      344    306  3.00
      345    277  5.00
      345    303  2.00
      345    467  2.00
      345    514  1.00
      345    550  3.00
      346    252  2.00
      346    290  2.00
      346    343  5.00
      346    348  4.00
      346    525  4.00
      348     66  3.00
      348    291  1.00
      348    317  2.00
      348    346  4.00
      348    462  4.00
      348    510  1.00
      349    165  1.00
      349    278  1.00
      349    300  1.00
      349    303  1.00
      349    331  3.00
      349    456  6.00
      349    507  1.00
      349    556  1.00
      350     23  1.00
      350    155  4.00
      350    216  3.00
      350    278  1.00
      350    313  3.00
      350    415  1.00
      350    421  4.00
      350    462  1.00
      350    493  3.00
      351      9  6.00
      351    410  2.00
      351    504  6.00
      351    537  6.00
      352    177  6.00
      353    228  1.00
      355    670  2.00
      356    196  4.00
      356    348  6.00
      357    455  1.00
      358      2  3.00
      358    240  4.00
      358    242  1.00
      358    260  2.00
      358    273  2.00
      358    314  2.00
      358    373  3.00
      358    463  2.00
      358    539  2.00
      359     34  3.00
      359    116  1.00
      359    125  1.00
      359    133  1.00
      359    249  2.00
      359    330  2.00
      359    426  1.00
      360     16  6.00
      360    426  2.00
      360    464  2.00
      360    546  1.00
      360    583  3.00
      361      3  3.00
      361     47  1.00
      361    190  2.00
      361    304  1.00
      362    146  2.00
      362    210  2.00
      362    211  1.00
      362    429  1.00
      362    548  1.00
      364     87  2.00
      364    142  3.00
      364    181  1.00
      364    250  4.00
      364    561  1.00
      365    114  1.00
      365    161  1.00
      365    268  1.00
      365    269  3.00
      365    328  2.00
      365    339  4.00
      365    342  1.00
      365    478  2.00
      365    540  3.00
      366     55  1.00
      366    249  1.00
      366    370  1.00
      368    199  6.00
      368    281  3.00
      368    360  1.00
      368    441  4.00
      368    482  6.00
      369    196  1.00
      369    381  2.00
      369    552  1.00
      371    280  5.00
      372    131  2.00
      372    213  2.00
      372    243  2.00
      372    328  3.00
      372    370  2.00
      372    525  2.00
      372    546  2.00
      373     56  1.00
      373     58  6.00
      373     63  3.00
      373     84  2.00
      373    475  2.00
      376     42  1.00
      376    226  1.00
      376    233  4.00
      376    373  1.00
      376    426  1.00
      378    311  2.00
      378    471  2.00
      379    126  6.00
      379    261  3.00
      379    327  3.00
      379    389  5.00
      381     13  2.00
      381    139  3.00
      381    226  1.00
      381    492  2.00
      381    505  2.00
      381    544  2.00
      382     58  1.00
      382    139  1.00
      382    224  1.00
      382    400  1.00
      382    557  1.00
      382    567  1.00
      383     31  2.00
      383    120  4.00
      383    431  2.00
      383    451  3.00
      384     32  6.00
      384     97  3.00
      384    481  3.00
      384    673  4.00
      384    738  5.00
      386    231  2.00
      386    439  5.00
      386    441  1.00
      386    442  3.00
      386    553  1.00
      387    550  1.00
      388    106  3.00
      388    268  5.00
      388    332  5.00
      388    421  6.00
      389     18  2.00
      389    126  4.00
      389    196  4.00
      389    292  2.00
      389    379  3.00
      390     35  2.00
      390     58  4.00
      390     63  5.00
      390    112  2.00
      390    142  1.00
      390    215  2.00
      390    583  2.00
      391     98  2.00
      391    271  1.00
      391    315  3.00
      391    450  2.00
      391    503  2.00
      391    506  2.00
      391    614  3.00
      391    738  3.00
      392    495  2.00
      393     17  3.00
      393     70  5.00
      393    355  3.00
      394     74  3.00
      394    121  2.00
      394    337  3.00
      394    374  3.00
      394    495  2.00
      394    496  2.00
      395      8  1.00
      395     89  1.00
      395    212  3.00
      395    520  5.00
      395    568  6.00
      396    129  2.00
      396    157  1.00
      396    248  2.00
      396    249  1.00
      396    556  1.00
      396    573  2.00
      397     11  3.00
      397     56  2.00
      397     57  3.00
      397    280  4.00
      397    321  2.00
      397    487  1.00
      398     56  6.00
      398    155  2.00
      398    194  2.00
      398    197  3.00
      398    226  6.00
      398    229  3.00
      398    247  2.00
      398    423  4.00
      399     35  2.00
      399     58  1.00
      399    125  1.00
      399    134  2.00
      399    291  1.00
      399    400  1.00
      399    423  1.00
      399    450  2.00
      399    475  1.00
      400     50  3.00
      400    206  2.00
      400    377  2.00
      400    399  2.00
      400    457  2.00
      400    475  2.00
      400    552  2.00
      400    557  2.00
      400    669  2.00
      401     77  5.00
      401    249  1.00
      401    254  2.00
      401    407  3.00
      401    476  4.00
      401    524  5.00
      401    569  6.00
      402    119  4.00
      402    554  1.00
      403    130  1.00
      405     52  1.00
      405    133  4.00
      405    169  3.00
      405    191  1.00
      405    403  1.00
      405    460  5.00
      405    556  1.00
      405    584  1.00
      406     95  4.00
      406    149  2.00
      406    173  2.00
      406    198  4.00
      406    272  4.00
      406    467  5.00
      406    516  2.00
      406    530  3.00
      407    318  3.00
      408     84  4.00
      408    243  3.00
      408    426  3.00
      408    531  5.00
      408    542  3.00
      409    194  3.00
      409    226  4.00
      409    232  3.00
      409    497  2.00
      409    556  5.00
      409    788  6.00
      410      9  4.00
      410    351  3.00
      410    540  3.00
      410    582  3.00
      411    123  4.00
      411    124  4.00
      411    194  5.00
      411    398  6.00
      411    501  4.00
      413    147  1.00
      413    173  2.00
      413    261  3.00
      413    535  3.00
      413    550  1.00
      414     56  1.00
      414    216  3.00
      414    231  4.00
      414    321  1.00
      414    520  3.00
      414    568  1.00
      415    157  2.00
      415    488  3.00
      416     25  3.00
      417     82  1.00
      417    126  3.00
      417    215  3.00
      417    231  1.00
      417    561  1.00
      417    582  2.00
      418     17  4.00
      418    148  6.00
      418    151  6.00
      418    159  3.00
      418    451  2.00
      418    467  4.00
      419    294  2.00
      419    297  2.00
      419    355  2.00
      420    352  4.00
      420    377  2.00
      421    245  4.00
      421    350  3.00
      421    388  4.00
      421    497  3.00
      421    554  6.00
      422    125  1.00
      422    216  2.00
      422    220  1.00
      422    358  4.00
      422    423  1.00
      422    425  5.00
      422    518  1.00
      422    584  1.00
      423     20  1.00
      423     56  6.00
      423    125  5.00
      423    151  3.00
      423    220  3.00
      423    313  1.00
      423    398  4.00
      423    418  2.00
      423    429  3.00
      425     79  2.00
      425    233  5.00
      425    267  6.00
      425    442  2.00
      427    175  1.00
      427    516  3.00
      428     16  5.00
      428    109  5.00
      428    174  6.00
      428    310  5.00
      429     56  3.00
      429    146  6.00
      429    217  3.00
      429    250  3.00
      429    292  3.00
      429    310  3.00
      429    322  3.00
      429    326  3.00
      429    423  4.00
      431    450  6.00
      432     14  5.00
      432    215  3.00
      432    417  1.00
      432    459  2.00
      433      6  1.00
      433     10  1.00
      433     28  1.00
      433    147  1.00
      433    157  1.00
      433    279  1.00
      433    331  3.00
      433    448  1.00
      435    120  2.00
      435    347  2.00
      436     17  3.00
      437    118  6.00
      437    135  3.00
      437    306  4.00
      437    486  4.00
      437    497  5.00
      439    223  1.00
      439    386  4.00
      440    189  6.00
      440    216  2.00
      440    314  5.00
      440    386  1.00
      440    553  1.00
      440    582  1.00
      441    199  6.00
      441    242  2.00
      441    260  3.00
      441    273  1.00
      441    295  2.00
      441    464  1.00
      442    189  4.00
      442    396  2.00
      442    422  2.00
      442    425  3.00
      443     56  1.00
      443    242  2.00
      443    414  2.00
      443    520  2.00
      443    531  4.00
      443    542  2.00
      443    568  2.00
      444     98  4.00
      444    172  4.00
      444    174  3.00
      445    146  2.00
      445    189  2.00
      445    214  3.00
      445    277  2.00
      445    291  4.00
      445    358  4.00
      445    437  4.00
      445    518  4.00
      446    155  2.00
      446    197  1.00
      446    228  4.00
      446    267  1.00
      446    293  2.00
      446    321  1.00
      446    432  3.00
      446    800  2.00
      448    113  3.00
      448    146  1.00
      448    158  1.00
      448    219  1.00
      448    433  1.00
      448    565  1.00
      449    373  1.00
      450    136  1.00
      450    431  5.00
      451    159  2.00
      451    431  1.00
      452    143  1.00
      453    142  3.00
      453    149  5.00
      453    179  2.00
      453    296  1.00
      453    313  3.00
      453    337  2.00
      453    350  3.00
      453    387  4.00
      453    524  2.00
      454    107  4.00
      454    448  1.00
      455     35  1.00
      456    146  1.00
      456    303  4.00
      456    345  2.00
      456    349  5.00
      456    378  1.00
      456    514  3.00
      458    139  5.00
      458    339  6.00
      459    267  1.00
      459    363  1.00
      459    450  1.00
      460     28  1.00
      460     80  1.00
      460    108  1.00
      460    165  2.00
      460    215  1.00
      460    331  1.00
      460    342  6.00
      460    532  2.00
      460    567  1.00
      461    127  3.00
      461    471  4.00
      462    170  2.00
      462    317  4.00
      462    348  3.00
      462    350  2.00
      462    356  2.00
      462    374  2.00
      463    308  2.00
      463    342  3.00
      463    358  1.00
      464     54  4.00
      464    135  2.00
      464    306  4.00
      464    307  4.00
      464    368  1.00
      464    402  1.00
      465     25  4.00
      465     38  4.00
      465    155  4.00
      465    190  3.00
      465    448  3.00
      466     35  2.00
      466     91  1.00
      466    134  1.00
      466    146  1.00
      466    147  1.00
      466    160  1.00
      466    188  4.00
      467    118  6.00
      467    193  6.00
      467    209  6.00
      467    222  5.00
      467    300  6.00
      467    349  4.00
      467    429  6.00
      467    456  3.00
      467    506  6.00
      470     46  3.00
      470     75  2.00
      470     97  2.00
      470    192  2.00
      470    261  2.00
      470    280  2.00
      470    314  2.00
      470    440  2.00
      470    550  2.00
      470    551  2.00
      471    461  3.00
      471    536  5.00
      472    391  1.00
      476    129  3.00
      476    401  3.00
      476    406  4.00
      476    448  1.00
      476    569  4.00
      478     87  1.00
      478     94  2.00
      478    124  1.00
      478    269  2.00
      478    273  6.00
      478    318  2.00
      478    407  3.00
      478    441  2.00
      479     85  4.00
      479    147  1.00
      479    299  2.00
      479    486  3.00
      479    734  4.00
      480     11  2.00
      480    121  3.00
      480    198  2.00
      480    211  2.00
      480    301  2.00
      480    538  2.00
      480    556  2.00
      481      1  2.00
      481      6  4.00
      481     24  3.00
      481     28  3.00
      481     30  1.00
      481     32  3.00
      481    334  3.00
      481    384  5.00
      481    475  1.00
      482     94  1.00
      482    368  6.00
      482    407  3.00
      482    441  3.00
      482    553  2.00
      483     79  2.00
      483    130  2.00
      485     30  4.00
      485     51  4.00
      486    118  5.00
      486    209  4.00
      486    211  6.00
      486    252  5.00
      486    292  2.00
      486    437  4.00
      486    462  4.00
      487    285  3.00
      487    332  3.00
      487    388  2.00
      487    517  4.00
      488     62  3.00
      488    415  4.00
      491    148  3.00
      491    315  5.00
      492     87  4.00
      492    123  4.00
      492    381  4.00
      493    123  4.00
      493    226  3.00
      493    229  3.00
      493    398  3.00
      493    463  3.00
      493    501  4.00
      493    553  1.00
      494     25  1.00
      494     32  1.00
      494    115  1.00
      494    143  1.00
      494    178  1.00
      494    384  4.00
      494    437  3.00
      494    457  2.00
      494    465  1.00
      494    548  2.00
      497    113  2.00
      497    115  4.00
      497    191  3.00
      497    409  2.00
      497    421  5.00
      497    437  6.00
      498     25  3.00
      498    266  3.00
      498    286  3.00
      498    347  2.00
      498    564  3.00
      499    133  3.00
      499    256  3.00
      499    402  1.00
      499    533  4.00
      499    793  2.00
      500     11  4.00
      500    320  6.00
      501    123  3.00
      501    561  5.00
      502    288  1.00
      503    151  3.00
      503    199  3.00
      503    388  2.00
      504      9  5.00
      504     15  2.00
      504    106  1.00
      504    292  1.00
      504    351  4.00
      504    447  1.00
      504    537  3.00
      505     87  6.00
      505    381  3.00
      506    159  2.00
      506    170  2.00
      506    317  2.00
      506    355  2.00
      507     10  1.00
      507    115  2.00
      507    143  1.00
      507    437  1.00
      507    536  2.00
      507    584  2.00
      508     37  1.00
      508     70  1.00
      508    129  1.00
      508    230  1.00
      508    278  1.00
      508    347  1.00
      508    438  3.00
      508    518  1.00
      508    541  3.00
      509     73  1.00
      509    101  1.00
      509    545  1.00
      509    558  1.00
      510     20  1.00
      510    106  4.00
      510    108  1.00
      510    252  6.00
      511     74  4.00
      511    282  6.00
      511    508  6.00
      511    509  5.00
      512     35  3.00
      512    174  2.00
      512    470  1.00
      512    614  1.00
      514    115  2.00
      514    165  2.00
      514    185  3.00
      514    278  3.00
      514    345  5.00
      514    349  6.00
      514    456  6.00
      515     99  3.00
      515    210  4.00
      515    237  4.00
      515    311  2.00
      515    751  5.00
      516     56  1.00
      516     80  1.00
      516    229  5.00
      516    284  4.00
      516    367  4.00
      518    377  3.00
      518    437  1.00
      518    445  1.00
      518    508  1.00
      518    509  2.00
      519     42  6.00
      519     50  6.00
      519    200  6.00
      519    270  6.00
      519    329  4.00
      519    560  6.00
      519    568  6.00
      520     56  1.00
      520    216  1.00
      520    231  2.00
      520    358  1.00
      520    364  4.00
      520    395  6.00
      520    414  5.00
      520    546  2.00
      520    568  5.00
      521    578  1.00
      522    144  1.00
      522    295  3.00
      522    299  2.00
      522    424  1.00
      523    224  1.00
      523    582  1.00
      524      2  4.00
      524     54  4.00
      524    144  2.00
      524    196  2.00
      524    306  5.00
      524    401  4.00
      524    503  2.00
      525    343  6.00
      525    346  6.00
      525    560  6.00
      525    570  6.00
      526     19  3.00
      526    290  1.00
      526    527  1.00
      526    550  1.00
      528     17  1.00
      529     79  3.00
      529    109  4.00
      529    167  3.00
      529    216  1.00
      530     11  5.00
      530     16  5.00
      530    183  3.00
      530    310  5.00
      530    317  5.00
      532     80  3.00
      532    133  2.00
      532    144  3.00
      532    152  2.00
      532    299  2.00
      532    424  5.00
      532    460  3.00
      532    556  1.00
      533     59  2.00
      533     86  1.00
      533    402  3.00
      534     18  1.00
      534    155  1.00
      534    204  1.00
      534    273  4.00
      534    337  1.00
      534    338  3.00
      534    493  5.00
      535     16  2.00
      535    309  1.00
      535    343  1.00
      535    372  2.00
      536     11  2.00
      536     80  1.00
      536    132  5.00
      536    217  3.00
      536    396  2.00
      536    471  5.00
      536    584  2.00
      537      9  6.00
      537    351  4.00
      537    410  3.00
      537    504  4.00
      538    132  1.00
      538    151  3.00
      538    315  3.00
      539     84  2.00
      539    131  2.00
      539    310  2.00
      539    358  1.00
      539    425  1.00
      540    180  3.00
      540    410  5.00
      540    582  4.00
      541    438  1.00
      541    508  4.00
      542     84  2.00
      542    167  5.00
      542    187  2.00
      542    243  2.00
      542    531  3.00
      543    210  5.00
      543    211  1.00
      543    477  1.00
      544     58  5.00
      544    249  3.00
      544    381  4.00
      545    152  2.00
      545    377  1.00
      545    437  1.00
      545    467  1.00
      546     56  4.00
      546    142  6.00
      546    155  1.00
      546    226  2.00
      546    229  2.00
      546    423  2.00
      546    531  1.00
      548    106  2.00
      548    124  4.00
      548    161  5.00
      548    194  3.00
      548    258  3.00
      548    362  1.00
      548    370  2.00
      548    371  1.00
      548    547  3.00
      549     14  1.00
      549     18  1.00
      549     96  4.00
      549    303  4.00
      549    432  1.00
      549    475  1.00
      549    479  1.00
      550    128  5.00
      550    142  5.00
      550    343  3.00
      550    475  4.00
      550    544  2.00
      550    554  6.00
      551     56  2.00
      551    180  2.00
      551    223  5.00
      551    281  1.00
      551    327  2.00
      551    550  5.00
      551    553  6.00
      552    168  5.00
      552    366  4.00
      552    369  2.00
      552    457  2.00
      552    475  2.00
      553     94  4.00
      554    103  4.00
      554    106  4.00
      554    158  4.00
      554    252  3.00
      554    421  5.00
      555    552  2.00
      556    180  6.00
      556    248  5.00
      556    872  6.00
      558     73  3.00
      558    101  2.00
      558    165  3.00
      558    354  3.00
      558    494  1.00
      559     35  2.00
      559    339  2.00
      559    727  4.00
      561    123  3.00
      561    280  3.00
      561    364  2.00
      561    501  5.00
      561    548  3.00
      562     34  4.00
      563    408  4.00
      563    575  1.00
      564     38  1.00
      564    203  1.00
      564    518  1.00
      565    157  3.00
      565    448  3.00
      566     43  4.00
      566    104  4.00
      566    107  4.00
      566    489  3.00
      567      2  3.00
      567     40  2.00
      567    126  5.00
      567    179  2.00
      567    196  2.00
      567    269  2.00
      567    379  2.00
      568    395  5.00
      569     77  4.00
      569    476  6.00
      569    524  3.00
      570     55  3.00
      570    231  3.00
      570    309  3.00
      570    525  1.00
      570    582  6.00
      571    576  3.00
      572    571  6.00
      572    574  6.00
      572    576  6.00
      573    157  2.00
      573    186  1.00
      573    396  3.00
      573    544  2.00
      573    556  1.00
      574    572  3.00
      574    576  2.00
      575     64  6.00
      575    283  4.00
      575    349  1.00
      576      8  1.00
      576     56  1.00
      576    273  1.00
      576    571  5.00
      579    107  1.00
      579    314  1.00
      579    440  1.00
      579    442  1.00
      579    491  1.00
      579    575  1.00
      581    110  1.00
      581    141  1.00
      581    276  1.00
      582      9  3.00
      582    126  2.00
      582    186  5.00
      582    410  2.00
      582    570  5.00
      583     16  2.00
      583    226  2.00
      583    229  2.00
      583    310  6.00
      583    360  3.00
      583    546  2.00
      584    168  3.00
      584    183  2.00
      584    300  2.00
      584    488  2.00
      584    495  1.00
      584    679  3.00
      584    733  4.00
      584    755  4.00
      584    792  6.00
      585    226  3.00
      585    229  3.00
      585    426  3.00
      585    485  5.00
      585    573  4.00
      585    730  4.00
      586     43  1.00
      586     77  1.00
      586    324  1.00
      586    405  1.00
      586    580  1.00
      586    693  1.00
      586    696  1.00
      586    712  1.00
      586    715  1.00
      586    728  1.00
      587    630  5.00
      587    673  4.00
      587    688  6.00
      587    745  6.00
      587    774  6.00
      587    832  6.00
      587    862  5.00
      588    695  1.00
      588    700  1.00
      588    739  1.00
      588    751  2.00
      588    784  1.00
      589    641  6.00
      589    666  3.00
      589    752  6.00
      589    760  5.00
      589    779  6.00
      589    831  3.00
      589    834  2.00
      589    855  2.00
      590    619  5.00
      590    719  2.00
      590    763  2.00
      590    811  2.00
      590    845  2.00
      591    613  1.00
      591    686  3.00
      591    693  1.00
      591    696  1.00
      591    701  1.00
      591    760  4.00
      591    800  1.00
      591    842  1.00
      591    851  1.00
      592    632  2.00
      592    655  2.00
      593    699  2.00
      593    757  2.00
      593    792  2.00
      595    610  1.00
      595    643  1.00
      595    676  1.00
      595    698  1.00
      595    730  1.00
      595    788  1.00
      595    799  1.00
      595    812  1.00
      596    601  2.00
      596    663  3.00
      596    671  3.00
      596    717  2.00
      596    767  3.00
      596    792  1.00
      596    808  3.00
      597    590  3.00
      598    586  2.00
      598    602  2.00
      598    659  1.00
      598    715  2.00
      598    746  1.00
      598    816  2.00
      598    844  1.00
      599    663  3.00
      599    734  1.00
      599    741  2.00
      600    596  4.00
      600    657  2.00
      600    698  2.00
      600    707  6.00
      600    795  4.00
      600    845  4.00
      601    213  1.00
      601    252  1.00
      601    467  1.00
      601    562  1.00
      601    637  1.00
      601    717  1.00
      601    837  1.00
      603    670  1.00
      603    694  1.00
      603    717  6.00
      603    847  2.00
      604    819  5.00
      605    622  3.00
      605    658  1.00
      605    673  2.00
      605    802  1.00
      605    848  4.00
      605    864  1.00
      605    866  1.00
      605    869  1.00
      606    620  2.00
      606    685  1.00
      606    752  1.00
      606    765  4.00
      606    766  4.00
      606    774  1.00
      606    785  1.00
      606    787  3.00
      606    872  2.00
      608    622  1.00
      609     92  1.00
      609    165  1.00
      609    674  1.00
      609    739  4.00
      609    774  1.00
      610    595  4.00
      610    611  4.00
      610    655  3.00
      610    730  2.00
      610    752  2.00
      610    789  6.00
      610    799  3.00
      610    812  1.00
      611    684  2.00
      611    806  1.00
      611    808  4.00
      611    823  1.00
      611    826  1.00
      611    861  1.00
      611    873  1.00
      612    641  2.00
      612    649  4.00
      612    650  2.00
      612    660  1.00
      612    661  1.00
      612    695  1.00
      612    759  1.00
      612    820  1.00
      612    852  1.00
      613    599  1.00
      613    644  4.00
      613    696  1.00
      613    842  1.00
      614    611  1.00
      614    632  1.00
      614    644  1.00
      614    654  1.00
      614    752  2.00
      614    819  2.00
      614    822  3.00
      614    861  3.00
      616    587  2.00
      616    630  2.00
      616    641  2.00
      616    688  2.00
      616    698  1.00
      616    740  2.00
      619    495  1.00
      619    590  1.00
      619    763  1.00
      619    788  1.00
      619    811  1.00
      619    845  1.00
      620    673  1.00
      620    693  6.00
      620    696  6.00
      620    713  1.00
      620    728  3.00
      620    769  4.00
      620    848  1.00
      621    590  2.00
      621    619  2.00
      621    640  3.00
      621    726  2.00
      621    785  4.00
      621    789  2.00
      621    799  2.00
      621    809  1.00
      621    812  5.00
      621    813  1.00
      622    586  1.00
      622    624  1.00
      622    673  1.00
      622    710  1.00
      622    737  1.00
      622    832  1.00
      622    864  1.00
      622    866  1.00
      623     26  1.00
      623     52  1.00
      623     71  1.00
      623    198  1.00
      623    211  1.00
      623    238  1.00
      623    300  1.00
      623    436  1.00
      624    303  2.00
      624    651  2.00
      624    822  2.00
      624    864  2.00
      625    662  4.00
      625    692  3.00
      625    703  2.00
      625    721  3.00
      625    726  3.00
      625    747  2.00
      625    779  2.00
      626     56  1.00
      626    217  1.00
      626    711  1.00
      626    821  1.00
      627    611  1.00
      627    715  1.00
      627    806  1.00
      627    826  1.00
      627    845  1.00
      627    855  1.00
      628    460  5.00
      628    635  3.00
      628    670  4.00
      628    694  1.00
      628    734  6.00
      628    760  1.00
      628    771  2.00
      628    772  6.00
      628    818  3.00
      629    147  3.00
      629    227  2.00
      629    228  2.00
      629    596  2.00
      629    652  2.00
      629    666  2.00
      629    837  2.00
      630    587  2.00
      630    688  2.00
      630    693  2.00
      630    713  1.00
      630    804  1.00
      630    862  1.00
      631    644  2.00
      631    741  3.00
      631    800  1.00
      631    826  2.00
      631    831  2.00
      631    865  2.00
      632    614  2.00
      632    651  1.00
      632    727  2.00
      632    731  2.00
      632    819  2.00
      632    822  2.00
      633    589  2.00
      633    668  2.00
      633    734  2.00
      633    753  2.00
      633    774  2.00
      633    792  2.00
      633    817  2.00
      633    834  2.00
      633    860  2.00
      634    746  3.00
      634    841  1.00
      635    405  2.00
      635    460  1.00
      635    628  3.00
      635    651  3.00
      635    670  1.00
      635    694  1.00
      635    704  1.00
      635    772  3.00
      635    818  2.00
      635    847  1.00
      637    648  5.00
      637    666  2.00
      637    718  2.00
      637    722  2.00
      637    727  3.00
      637    741  2.00
      637    826  3.00
      637    865  3.00
      638    626  1.00
      638    821  2.00
      639    753  3.00
      639    841  5.00
      639    850  3.00
      640     11  4.00
      640    118  5.00
      640    183  5.00
      640    363  5.00
      640    367  6.00
      640    621  5.00
      640    731  5.00
      640    753  4.00
      641    650  1.00
      641    695  1.00
      641    740  1.00
      641    852  1.00
      641    863  1.00
      642    149  3.00
      642    751  4.00
      642    849  3.00
      643    593  1.00
      643    634  1.00
      643    720  1.00
      643    766  1.00
      643    836  1.00
      643    838  1.00
      643    850  1.00
      644    613  3.00
      644    651  1.00
      644    654  4.00
      644    783  1.00
      644    799  1.00
      644    861  4.00
      645    588  1.00
      645    700  1.00
      645    836  1.00
      646    709  2.00
      646    769  2.00
      647    460  1.00
      647    584  1.00
      647    590  1.00
      647    619  1.00
      647    621  6.00
      647    640  1.00
      647    730  4.00
      647    812  3.00
      647    845  1.00
      648    637  4.00
      648    694  3.00
      648    718  2.00
      648    722  2.00
      648    826  2.00
      648    857  2.00
      649    693  2.00
      649    696  2.00
      649    850  2.00
      650    616  2.00
      650    641  2.00
      650    695  2.00
      650    740  2.00
      650    820  2.00
      650    850  2.00
      650    852  2.00
      650    863  2.00
      651    226  2.00
      651    635  2.00
      651    654  2.00
      651    808  2.00
      651    819  2.00
      652    666  2.00
      652    807  2.00
      653    607  2.00
      653    667  2.00
      653    671  1.00
      653    693  1.00
      653    696  1.00
      653    698  1.00
      653    763  3.00
      654    621  1.00
      654    644  6.00
      654    651  2.00
      654    694  1.00
      654    799  1.00
      654    824  2.00
      654    861  6.00
      655    241  4.00
      655    592  3.00
      656    485  2.00
      656    675  3.00
      656    707  3.00
      656    737  2.00
      656    780  2.00
      656    853  3.00
      657    608  2.00
      657    737  2.00
      657    754  1.00
      657    864  1.00
      657    866  2.00
      658     66  1.00
      658    575  1.00
      658    657  1.00
      659    634  2.00
      659    746  2.00
      659    846  2.00
      660    612  1.00
      660    639  3.00
      660    641  1.00
      660    650  1.00
      660    803  1.00
      660    820  1.00
      660    841  2.00
      660    850  2.00
      661    612  1.00
      661    659  1.00
      661    705  1.00
      661    742  1.00
      661    756  2.00
      662    856  1.00
      663    599  5.00
      663    670  4.00
      663    741  3.00
      664    690  2.00
      664    706  2.00
      665     13  6.00
      665     56  3.00
      665    249  6.00
      666    589  1.00
      666    629  1.00
      666    637  1.00
      666    652  1.00
      666    668  1.00
      666    718  1.00
      666    800  1.00
      666    865  1.00
      667    671  5.00
      667    693  1.00
      667    696  1.00
      667    698  2.00
      667    864  6.00
      668    684  4.00
      668    694  3.00
      668    704  3.00
      668    741  2.00
      668    817  4.00
      668    847  2.00
      669    400  4.00
      669    844  6.00
      670    230  5.00
      670    694  5.00
      670    704  5.00
      670    826  5.00
      672    670  1.00
      672    729  3.00
      672    845  4.00
      673     32  4.00
      673    384  4.00
      673    587  1.00
      673    620  1.00
      673    622  1.00
      673    848  3.00
      673    866  1.00
      674    589  3.00
      674    652  1.00
      674    661  4.00
      674    705  4.00
      674    710  1.00
      674    751  3.00
      674    805  2.00
      674    849  6.00
      674    862  2.00
      675    656  3.00
      675    707  4.00
      675    780  4.00
      677    586  2.00
      677    732  3.00
      677    774  3.00
      677    856  3.00
      677    872  2.00
      678    864  1.00
      679     22  1.00
      679    668  1.00
      679    733  6.00
      679    792  4.00
      679    834  2.00
      679    855  1.00
      679    857  2.00
      680    682  1.00
      680    718  2.00
      680    778  1.00
      680    806  1.00
      680    812  2.00
      680    823  2.00
      680    834  2.00
      680    835  1.00
      680    851  1.00
      681    693  2.00
      681    712  1.00
      681    715  1.00
      681    732  1.00
      684    589  1.00
      684    633  2.00
      684    704  6.00
      684    718  5.00
      684    771  6.00
      684    817  5.00
      684    834  3.00
      684    860  2.00
      685    586  1.00
      685    677  1.00
      685    693  1.00
      685    712  1.00
      685    728  1.00
      685    768  1.00
      685    815  1.00
      685    852  1.00
      686     67  4.00
      686     96  1.00
      686    121  3.00
      686    239  1.00
      686    354  2.00
      686    460  1.00
      686    465  2.00
      686    518  1.00
      687    748  3.00
      687    770  3.00
      687    803  2.00
      687    841  2.00
      687    850  2.00
      688    587  4.00
      688    616  2.00
      688    630  4.00
      688    677  2.00
      688    713  1.00
      688    770  5.00
      688    815  1.00
      688    848  1.00
      688    862  1.00
      689    606  2.00
      689    673  2.00
      689    674  2.00
      689    691  2.00
      689    725  2.00
      689    785  2.00
      691    639  1.00
      691    756  1.00
      691    788  1.00
      691    801  4.00
      691    849  3.00
      691    866  1.00
      691    869  4.00
      691    872  1.00
      692    625  3.00
      692    646  1.00
      692    657  1.00
      692    662  5.00
      692    686  2.00
      692    690  2.00
      692    693  1.00
      692    725  1.00
      692    832  1.00
      693    580  5.00
      693    587  6.00
      693    696  6.00
      693    712  6.00
      693    715  6.00
      693    788  6.00
      693    815  5.00
      694    614  2.00
      694    648  3.00
      694    668  4.00
      694    670  4.00
      694    826  4.00
      694    847  5.00
      694    864  4.00
      695    616  1.00
      695    641  2.00
      695    650  2.00
      695    820  1.00
      695    850  1.00
      695    852  2.00
      695    863  2.00
      696    591  2.00
      696    613  1.00
      696    698  1.00
      696    706  2.00
      696    728  3.00
      696    800  1.00
      697    591  1.00
      697    664  3.00
      697    736  3.00
      699    589  1.00
      699    753  1.00
      699    792  2.00
      699    800  2.00
      699    831  1.00
      699    834  1.00
      699    847  3.00
      699    865  3.00
      700    587  1.00
      700    588  1.00
      700    714  1.00
      700    739  1.00
      700    743  1.00
      700    785  1.00
      700    833  1.00
      702    660  1.00
      702    814  3.00
      704    614  1.00
      704    670  4.00
      704    733  1.00
      704    734  1.00
      704    753  1.00
      704    772  1.00
      704    847  2.00
      705    107  2.00
      705    610  1.00
      705    611  2.00
      705    675  1.00
      705    691  1.00
      705    786  2.00
      705    811  2.00
      705    849  1.00
      706    785  1.00
      706    862  2.00
      706    863  3.00
      707    591  1.00
      707    656  1.00
      707    675  1.00
      707    686  1.00
      708    129  2.00
      708    146  2.00
      708    518  3.00
      708    595  3.00
      708    635  2.00
      708    651  3.00
      708    769  2.00
      709    685  1.00
      709    752  1.00
      709    766  1.00
      709    769  1.00
      709    793  1.00
      709    815  1.00
      709    832  1.00
      709    838  1.00
      710    661  1.00
      710    674  1.00
      710    705  1.00
      710    725  1.00
      710    762  1.00
      710    784  1.00
      710    844  1.00
      711    619  1.00
      711    626  1.00
      711    638  1.00
      711    757  2.00
      711    821  1.00
      712    350  5.00
      712    388  5.00
      712    693  6.00
      712    696  6.00
      712    715  6.00
      712    761  5.00
      712    788  6.00
      712    806  5.00
      712    815  5.00
      713    164  1.00
      713    703  4.00
      713    743  1.00
      713    765  3.00
      713    850  1.00
      713    866  1.00
      713    872  1.00
      714     95  3.00
      714    642  1.00
      714    751  3.00
      714    776  1.00
      714    784  1.00
      715    350  5.00
      715    693  3.00
      715    696  3.00
      715    698  4.00
      715    712  3.00
      715    747  2.00
      715    866  5.00
      716    198  3.00
      716    616  2.00
      716    641  1.00
      716    650  2.00
      716    695  3.00
      716    748  3.00
      716    770  3.00
      716    864  2.00
      717    601  3.00
      717    603  1.00
      717    635  1.00
      717    648  1.00
      717    668  1.00
      717    670  1.00
      717    704  1.00
      717    734  1.00
      717    847  1.00
      718    621  2.00
      718    654  4.00
      718    663  1.00
      718    694  4.00
      718    704  4.00
      718    722  4.00
      718    834  1.00
      719      1  1.00
      719     56  2.00
      719    110  1.00
      719    148  3.00
      719    151  5.00
      719    279  1.00
      719    313  1.00
      719    368  1.00
      719    398  1.00
      719    423  4.00
      720    586  4.00
      720    696  4.00
      720    747  4.00
      720    864  4.00
      721    676  1.00
      721    741  2.00
      721    847  3.00
      721    851  3.00
      722    637  2.00
      722    648  3.00
      722    657  1.00
      722    684  3.00
      722    718  3.00
      722    741  2.00
      722    840  2.00
      723    627  6.00
      723    632  5.00
      723    668  6.00
      723    726  5.00
      724    589  1.00
      724    603  1.00
      724    672  2.00
      724    718  2.00
      724    760  2.00
      724    800  2.00
      724    807  2.00
      724    865  1.00
      725    710  1.00
      725    791  4.00
      725    804  1.00
      726    218  6.00
      726    607  6.00
      726    640  4.00
      726    758  3.00
      726    799  5.00
      726    858  2.00
      727    142  1.00
      727    621  1.00
      727    637  2.00
      727    648  2.00
      727    722  1.00
      727    832  3.00
      728    587  5.00
      728    620  2.00
      728    693  4.00
      728    696  4.00
      728    788  2.00
      728    848  1.00
      728    856  2.00
      728    860  3.00
      729    637  2.00
      729    648  2.00
      729    652  2.00
      729    666  2.00
      729    672  4.00
      730    595  1.00
      730    647  2.00
      730    812  1.00
      730    845  1.00
      731    614  5.00
      731    633  2.00
      731    648  2.00
      731    684  2.00
      731    752  2.00
      731    782  2.00
      731    817  6.00
      731    819  6.00
      731    822  6.00
      731    873  4.00
      732    602  2.00
      732    728  2.00
      732    785  6.00
      733     56  3.00
      733    168  3.00
      733    366  2.00
      733    546  3.00
      733    552  3.00
      733    679  6.00
      733    755  3.00
      733    855  2.00
      734    467  4.00
      734    486  6.00
      734    628  5.00
      734    738  5.00
      734    753  4.00
      734    847  3.00
      737    594  1.00
      737    769  1.00
      737    771  1.00
      737    788  1.00
      737    832  1.00
      737    833  1.00
      737    872  1.00
      738    633  2.00
      738    670  2.00
      738    694  2.00
      738    733  2.00
      738    734  3.00
      738    753  2.00
      739    632  1.00
      739    677  1.00
      739    732  2.00
      739    774  4.00
      739    775  4.00
      739    785  1.00
      739    856  1.00
      739    872  1.00
      740    641  1.00
      740    650  1.00
      740    695  1.00
      740    831  1.00
      740    840  1.00
      740    850  1.00
      740    852  1.00
      740    855  1.00
      740    863  1.00
      740    866  1.00
      741    599  2.00
      741    647  1.00
      741    663  1.00
      741    668  1.00
      741    734  1.00
      741    847  1.00
      741    855  1.00
      741    861  1.00
      742    402  1.00
      742    641  1.00
      742    649  2.00
      742    650  1.00
      742    804  1.00
      743    706  1.00
      743    712  1.00
      743    713  1.00
      743    761  1.00
      743    770  1.00
      743    774  1.00
      743    779  1.00
      743    785  1.00
      743    850  1.00
      744    173  3.00
      744    447  2.00
      744    456  3.00
      744    652  2.00
      744    734  3.00
      744    763  3.00
      744    845  3.00
      745     66  2.00
      745     67  2.00
      745    587  3.00
      745    630  2.00
      745    688  1.00
      745    774  1.00
      745    864  3.00
      746    634  2.00
      746    659  2.00
      746    841  2.00
      747     67  2.00
      747     80  1.00
      747    712  2.00
      747    715  1.00
      748    713  3.00
      748    754  4.00
      748    770  3.00
      748    850  3.00
      750    188  5.00
      750    419  3.00
      750    512  4.00
      751    642  3.00
      751    714  3.00
      751    776  2.00
      751    784  1.00
      751    849  2.00
      752    593  3.00
      752    620  5.00
      752    766  5.00
      752    850  2.00
      752    872  1.00
      753    633  4.00
      753    663  1.00
      753    670  4.00
      753    734  6.00
      753    738  3.00
      753    792  5.00
      753    855  4.00
      753    865  1.00
      754    639  4.00
      754    661  3.00
      754    748  4.00
      754    850  3.00
      755    584  3.00
      755    593  1.00
      755    646  1.00
      755    679  1.00
      755    733  5.00
      755    764  1.00
      755    792  2.00
      755    855  1.00
      755    873  2.00
      756    661  3.00
      757     52  2.00
      757     80  3.00
      757    146  2.00
      757    331  2.00
      757    433  2.00
      757    437  2.00
      757    480  3.00
      757    532  3.00
      759    652  1.00
      759    718  2.00
      759    729  1.00
      759    831  1.00
      762     30  5.00
      762    596  3.00
      762    655  1.00
      762    688  1.00
      762    692  3.00
      762    731  1.00
      762    758  1.00
      762    843  1.00
      763    377  2.00
      763    545  2.00
      763    590  1.00
      764    646  3.00
      764    755  3.00
      764    787  4.00
      764    828  2.00
      765    646  1.00
      765    677  1.00
      765    703  4.00
      765    713  4.00
      765    721  1.00
      765    831  1.00
      765    840  1.00
      766     24  5.00
      766     25  1.00
      766    712  1.00
      766    715  1.00
      766    765  5.00
      767    596  2.00
      767    601  1.00
      767    629  1.00
      767    837  1.00
      769    702  1.00
      769    737  6.00
      769    754  1.00
      769    832  1.00
      769    849  1.00
      769    850  1.00
      769    852  1.00
      769    866  1.00
      770    599  1.00
      770    641  1.00
      770    650  1.00
      770    660  2.00
      770    674  1.00
      770    748  2.00
      770    820  1.00
      770    841  1.00
      771    628  1.00
      771    648  3.00
      771    734  1.00
      771    737  2.00
      771    774  1.00
      771    826  2.00
      771    847  2.00
      771    851  1.00
      772    628  5.00
      772    635  3.00
      772    670  3.00
      772    694  1.00
      772    704  2.00
      772    818  3.00
      773    652  5.00
      773    837  4.00
      774    677  3.00
      774    732  3.00
      774    739  1.00
      774    785  4.00
      774    856  2.00
      774    872  2.00
      776    633  2.00
      776    648  2.00
      776    751  3.00
      776    826  2.00
      776    831  2.00
      776    840  2.00
      778    683  2.00
      778    757  2.00
      779    589  6.00
      780    675  1.00
      781    599  3.00
      781    679  3.00
      781    741  2.00
      781    753  2.00
      781    792  3.00
      781    829  3.00
      781    834  2.00
      781    855  2.00
      781    865  2.00
      782    589  3.00
      782    614  1.00
      782    621  1.00
      782    644  1.00
      782    731  2.00
      782    757  6.00
      782    796  1.00
      782    861  1.00
      782    873  1.00
      783    589  1.00
      783    760  1.00
      783    786  1.00
      784    641  4.00
      784    642  2.00
      784    702  1.00
      784    705  1.00
      784    714  2.00
      784    751  2.00
      784    850  1.00
      785    129  1.00
      785    186  3.00
      785    325  1.00
      785    706  1.00
      785    812  3.00
      786    705  2.00
      787    606  1.00
      787    646  2.00
      787    721  1.00
      787    752  2.00
      787    755  1.00
      787    764  5.00
      787    766  2.00
      787    872  5.00
      788    335  1.00
      788    448  1.00
      788    693  6.00
      788    696  6.00
      788    872  6.00
      789    597  2.00
      789    607  1.00
      789    610  6.00
      789    730  1.00
      789    758  1.00
      789    788  3.00
      789    858  3.00
      791    176  1.00
      791    622  1.00
      791    670  1.00
      791    673  1.00
      791    713  1.00
      791    866  1.00
      791    872  1.00
      792    115  2.00
      792    584  6.00
      792    589  2.00
      792    593  6.00
      792    679  6.00
      792    733  6.00
      792    753  4.00
      792    757  6.00
      792    860  4.00
      793    133  6.00
      793    217  6.00
      793    256  6.00
      793    405  1.00
      793    429  6.00
      794    630  1.00
      794    690  1.00
      794    814  1.00
      794    862  1.00
      795    693  1.00
      795    696  2.00
      796    263  2.00
      796    657  2.00
      796    757  1.00
      796    873  2.00
      797    586  4.00
      797    625  2.00
      797    728  1.00
      797    747  1.00
      798    673  1.00
      798    802  2.00
      798    849  1.00
      798    872  2.00
      800    670  2.00
      800    699  1.00
      800    724  1.00
      800    760  4.00
      800    792  1.00
      800    826  2.00
      800    831  2.00
      800    840  2.00
      800    865  4.00
      801    642  1.00
      801    664  1.00
      801    690  1.00
      801    691  5.00
      801    705  1.00
      801    706  1.00
      801    849  2.00
      801    852  1.00
      801    871  2.00
      801    872  1.00
      802    459  5.00
      802    556  5.00
      803    173  1.00
      803    176  1.00
      803    639  2.00
      803    660  1.00
      803    713  6.00
      803    769  1.00
      803    820  1.00
      803    841  3.00
      803    847  1.00
      803    850  4.00
      804    407  3.00
      805    589  1.00
      805    650  1.00
      805    705  1.00
      805    748  2.00
      805    770  2.00
      805    841  1.00
      805    850  2.00
      806    611  1.00
      806    627  1.00
      806    732  5.00
      806    845  1.00
      807    652  2.00
      807    666  2.00
      807    684  1.00
      807    701  3.00
      807    718  3.00
      808     43  3.00
      808    580  2.00
      808    611  2.00
      808    644  1.00
      808    651  4.00
      808    654  1.00
      808    757  1.00
      808    843  1.00
      809    315  5.00
      809    614  5.00
      809    640  2.00
      809    816  4.00
      809    848  5.00
      810    611  2.00
      810    638  2.00
      810    818  2.00
      810    822  2.00
      810    825  2.00
      811    590  1.00
      811    597  1.00
      811    611  1.00
      811    619  1.00
      811    627  1.00
      811    670  1.00
      811    763  1.00
      811    806  1.00
      811    845  1.00
      812    785  6.00
      812    825  1.00
      812    858  3.00
      813    621  1.00
      813    640  1.00
      813    667  3.00
      813    671  2.00
      813    809  1.00
      814    610  4.00
      814    620  4.00
      814    641  4.00
      814    650  4.00
      814    690  6.00
      814    766  4.00
      814    862  4.00
      815    677  1.00
      815    685  1.00
      815    693  1.00
      815    712  1.00
      815    768  1.00
      815    852  1.00
      816    318  3.00
      816    614  5.00
      816    628  3.00
      816    694  5.00
      816    731  5.00
      816    734  2.00
      816    809  5.00
      816    815  4.00
      817    636  2.00
      817    684  6.00
      817    775  3.00
      817    809  2.00
      817    831  2.00
      817    840  2.00
      817    850  1.00
      817    858  1.00
      817    860  5.00
      818    621  1.00
      818    628  3.00
      818    635  3.00
      818    651  2.00
      818    670  2.00
      818    741  1.00
      818    772  4.00
      818    826  2.00
      818    847  1.00
      820    641  3.00
      820    650  4.00
      820    660  3.00
      820    770  4.00
      820    841  4.00
      820    850  4.00
      821    716  2.00
      822    614  1.00
      822    738  1.00
      822    752  1.00
      822    809  1.00
      822    810  1.00
      822    819  1.00
      822    848  1.00
      822    861  1.00
      824    421  3.00
      824    435  2.00
      824    436  4.00
      824    589  2.00
      824    839  2.00
      825    590  5.00
      825    607  1.00
      825    655  1.00
      825    726  2.00
      825    789  3.00
      825    810  1.00
      825    812  3.00
      825    821  4.00
      826    580  2.00
      826    637  2.00
      826    648  1.00
      826    670  2.00
      826    694  3.00
      826    718  2.00
      826    772  4.00
      826    818  2.00
      827    586  5.00
      827    620  2.00
      827    622  2.00
      827    641  1.00
      827    650  2.00
      827    764  2.00
      827    787  4.00
      827    862  6.00
      828    595  2.00
      828    622  1.00
      828    624  2.00
      828    628  1.00
      828    721  1.00
      828    747  1.00
      828    764  1.00
      828    787  2.00
      828    811  2.00
      829    599  2.00
      829    663  5.00
      829    684  3.00
      829    704  2.00
      829    734  6.00
      829    741  3.00
      829    792  2.00
      829    821  5.00
      829    847  2.00
      830    599  3.00
      830    601  1.00
      830    629  1.00
      830    692  3.00
      830    717  1.00
      830    767  1.00
      830    849  1.00
      831    840  6.00
      831    873  4.00
      832    622  3.00
      832    685  2.00
      832    737  3.00
      832    769  4.00
      832    785  2.00
      832    815  1.00
      832    848  1.00
      832    872  1.00
      833    608  1.00
      833    872  2.00
      834    589  1.00
      834    621  1.00
      834    633  2.00
      834    654  3.00
      834    670  1.00
      834    694  1.00
      834    733  4.00
      834    855  5.00
      834    857  4.00
      835    597  4.00
      835    640  3.00
      835    872  5.00
      836    661  1.00
      836    749  1.00
      836    838  1.00
      836    849  1.00
      836    869  1.00
      837    681  6.00
      837    705  5.00
      838    639  1.00
      838    646  1.00
      838    685  1.00
      838    706  1.00
      838    709  1.00
      838    743  1.00
      838    769  1.00
      838    803  1.00
      838    815  1.00
      838    852  1.00
      839     56  3.00
      839    269  3.00
      839    652  5.00
      839    773  4.00
      839    812  3.00
      839    819  4.00
      839    824  5.00
      840     56  1.00
      840    546  4.00
      840    611  4.00
      840    734  3.00
      840    792  3.00
      840    831  5.00
      840    855  3.00
      840    857  3.00
      841    639  4.00
      841    660  2.00
      841    803  4.00
      841    820  2.00
      841    850  4.00
      842    621  1.00
      842    693  2.00
      842    696  2.00
      842    698  1.00
      842    799  6.00
      842    807  3.00
      842    810  3.00
      842    813  1.00
      843    678  2.00
      843    731  1.00
      843    808  2.00
      843    813  1.00
      843    822  1.00
      844    598  2.00
      844    618  2.00
      844    669  5.00
      844    743  2.00
      845    672  6.00
      845    811  2.00
      846    634  1.00
      846    659  1.00
      846    746  1.00
      847    670  3.00
      847    694  4.00
      847    733  2.00
      847    753  1.00
      847    771  3.00
      847    831  2.00
      847    834  1.00
      847    855  3.00
      848    809  5.00
      849    641  1.00
      849    642  2.00
      849    664  1.00
      849    706  1.00
      849    751  3.00
      849    756  1.00
      849    801  2.00
      849    852  6.00
      849    866  2.00
      850    660  2.00
      850    803  3.00
      850    820  4.00
      850    841  5.00
      852    641  2.00
      852    650  1.00
      852    695  1.00
      852    740  1.00
      852    863  1.00
      853    656  3.00
      853    662  1.00
      853    686  2.00
      853    707  2.00
      853    780  2.00
      854    678  3.00
      855    115  1.00
      855    670  3.00
      855    792  3.00
      855    831  2.00
      855    834  5.00
      855    840  2.00
      855    857  3.00
      856    677  1.00
      856    703  1.00
      856    713  1.00
      856    765  1.00
      856    766  1.00
      856    770  1.00
      856    774  6.00
      856    872  1.00
      857    589  1.00
      857    670  1.00
      857    679  2.00
      857    699  1.00
      857    733  3.00
      857    831  2.00
      857    834  3.00
      857    855  4.00
      859    753  1.00
      860    584  2.00
      860    665  5.00
      860    679  1.00
      860    684  4.00
      860    738  1.00
      860    792  4.00
      860    817  5.00
      861    614  3.00
      861    644  6.00
      861    654  6.00
      861    799  2.00
      862    832  1.00
      863    641  1.00
      863    650  1.00
      863    695  2.00
      863    740  1.00
      863    852  1.00
      865    589  1.00
      865    617  3.00
      865    637  2.00
      865    648  3.00
      865    699  3.00
      865    792  1.00
      865    800  2.00
      865    826  2.00
      865    831  1.00
      866    622  2.00
      866    641  1.00
      866    673  2.00
      866    686  4.00
      866    804  1.00
      866    831  1.00
      866    832  1.00
      866    862  1.00
      869    271  1.00
      869    691  1.00
      869    811  1.00
      870    311  3.00
      870    602  4.00
      870    752  1.00
      870    824  1.00
      870    839  1.00
      872    593  2.00
      872    606  1.00
      872    621  4.00
      872    680  1.00
      872    723  1.00
      872    785  2.00
      872    788  3.00
      872    866  2.00
      873    755  4.00
      873    819  2.00
      873    831  6.00
      873    840  6.00