DL
N=828
FORMAT=EDGELIST1
DATA:
        2    235  4.00
        2    240  1.00
        2    757  4.00
        3    145  3.00
        3    323  4.00
        3    338  4.00
        3    350  5.00
        3    382  2.00
        3    507  5.00
        3    533  3.00
        3    565  5.00
        3    583  4.00
        3    743  5.00
        4     57  6.00
        4    405  6.00
        4    538  6.00
        4    643  6.00
        4    716  5.00
        5    234  6.00
        5    721  6.00
        5    739  5.00
        6      4  2.00
        6    556  1.00
        6    775  3.00
        7     83  4.00
        7    138  6.00
        7    528  5.00
        7    672  6.00
        8     15  5.00
        8     47  4.00
        8     91  4.00
        8    187  4.00
        8    441  1.00
        9     91  2.00
        9    246  2.00
        9    285  2.00
        9    375  1.00
        9    404  1.00
        9    752  3.00
       10     25  4.00
       10    246  3.00
       10    353  5.00
       10    527  5.00
       10    564  4.00
       10    568  3.00
       10    573  5.00
       10    703  3.00
       11    109  6.00
       11    184  5.00
       11    476  3.00
       11    557  6.00
       11    639  4.00
       11    780  6.00
       11    823  4.00
       12    439  4.00
       13    186  5.00
       13    187  3.00
       13    488  1.00
       13    494  2.00
       14     51  3.00
       14    603  4.00
       16    104  6.00
       16    195  6.00
       16    216  5.00
       16    482  4.00
       17     88  3.00
       17    332  5.00
       17    459  4.00
       17    585  5.00
       17    636  6.00
       17    795  4.00
       17    798  2.00
       19     46  1.00
       19     50  3.00
       19    137  1.00
       19    157  1.00
       19    264  3.00
       19    310  1.00
       19    463  3.00
       19    795  1.00
       20     53  3.00
       20     75  2.00
       20    225  3.00
       20    239  2.00
       20    383  2.00
       20    444  2.00
       20    808  1.00
       22    106  2.00
       22    153  4.00
       22    264  3.00
       22    310  1.00
       22    473  2.00
       22    795  1.00
       25    429  4.00
       26    213  4.00
       26    381  3.00
       26    416  5.00
       26    498  4.00
       26    507  2.00
       26    509  3.00
       26    565  3.00
       26    821  3.00
       26    828  3.00
       27    101  3.00
       27    105  5.00
       27    166  2.00
       27    431  3.00
       27    455  2.00
       27    493  3.00
       27    748  4.00
       28    101  5.00
       28    106  5.00
       28    153  2.00
       28    243  5.00
       28    385  1.00
       28    576  5.00
       29      5  4.00
       29    149  4.00
       29    193  4.00
       29    383  4.00
       29    417  5.00
       29    562  5.00
       29    658  5.00
       29    812  5.00
       30     38  4.00
       30    126  4.00
       30    365  4.00
       30    485  5.00
       30    716  5.00
       31     30  2.00
       32    102  6.00
       32    372  4.00
       32    624  3.00
       32    794  5.00
       33    106  1.00
       33    249  4.00
       33    560  1.00
       34     17  4.00
       34    174  1.00
       34    367  1.00
       34    625  5.00
       34    656  1.00
       34    664  1.00
       35     68  1.00
       35    181  1.00
       35    366  2.00
       35    386  2.00
       35    412  4.00
       35    555  3.00
       35    584  1.00
       35    815  1.00
       36    279  3.00
       36    710  5.00
       36    715  3.00
       37      5  4.00
       37     22  6.00
       37     80  6.00
       37    127  6.00
       37    346  6.00
       37    484  6.00
       37    589  6.00
       37    738  6.00
       38     30  3.00
       38     31  3.00
       38     49  2.00
       38    126  4.00
       38    540  2.00
       38    578  1.00
       38    716  4.00
       38    793  2.00
       39     17  4.00
       39    287  3.00
       39    373  6.00
       39    399  5.00
       39    415  3.00
       39    433  5.00
       39    594  3.00
       39    795  4.00
       40    142  6.00
       40    182  4.00
       41    335  6.00
       41    560  6.00
       41    673  4.00
       42     52  2.00
       42     88  3.00
       42    104  1.00
       42    133  4.00
       42    332  5.00
       42    472  5.00
       42    497  1.00
       42    688  2.00
       44    112  2.00
       44    119  6.00
       44    350  5.00
       44    363  6.00
       44    507  3.00
       44    621  4.00
       44    821  4.00
       45    326  3.00
       45    609  4.00
       46    104  2.00
       46    124  5.00
       46    137  3.00
       46    310  6.00
       46    664  5.00
       46    675  4.00
       46    688  1.00
       46    739  5.00
       46    763  4.00
       47      8  5.00
       47    281  3.00
       47    291  5.00
       47    546  2.00
       48    367  6.00
       48    459  5.00
       48    462  5.00
       48    647  6.00
       49    361  4.00
       49    606  3.00
       49    716  6.00
       50    153  4.00
       50    264  6.00
       50    418  2.00
       50    432  5.00
       50    463  6.00
       51     14  4.00
       51    104  1.00
       51    582  5.00
       52    309  4.00
       53    550  4.00
       55     73  3.00
       55     96  1.00
       55    111  3.00
       55    209  3.00
       55    410  3.00
       55    485  1.00
       55    671  3.00
       57      4  6.00
       57    246  5.00
       57    405  1.00
       57    407  4.00
       58    139  6.00
       58    265  6.00
       58    272  6.00
       58    291  3.00
       58    313  6.00
       58    324  5.00
       59     62  5.00
       59    385  4.00
       59    391  4.00
       59    496  5.00
       59    730  2.00
       59    809  5.00
       61    168  3.00
       61    285  3.00
       61    372  5.00
       61    711  2.00
       61    816  4.00
       62     80  6.00
       62    109  4.00
       62    236  4.00
       62    385  6.00
       62    574  6.00
       62    575  2.00
       62    663  6.00
       62    696  4.00
       63    759  4.00
       66    450  6.00
       66    460  6.00
       66    630  5.00
       66    645  6.00
       67     60  6.00
       67     78  5.00
       67     81  3.00
       67    118  4.00
       67    552  3.00
       67    618  6.00
       68     24  3.00
       69    228  3.00
       69    291  2.00
       69    298  4.00
       69    306  1.00
       69    398  1.00
       69    579  3.00
       69    737  3.00
       69    741  3.00
       70    454  6.00
       70    809  4.00
       71    397  4.00
       73     38  2.00
       73    380  3.00
       73    410  4.00
       73    651  4.00
       73    724  4.00
       74     27  3.00
       74    101  1.00
       74    755  3.00
       74    787  3.00
       74    799  2.00
       76    112  4.00
       76    257  1.00
       76    451  1.00
       76    754  1.00
       76    767  4.00
       77     55  4.00
       77     72  4.00
       77    388  3.00
       77    481  4.00
       77    516  2.00
       77    557  2.00
       77    604  3.00
       77    722  3.00
       77    773  1.00
       77    787  2.00
       78    552  5.00
       79    388  4.00
       79    604  5.00
       79    722  5.00
       79    723  3.00
       80    589  4.00
       80    666  5.00
       80    680  6.00
       81     61  4.00
       81    249  2.00
       81    287  5.00
       81    549  4.00
       81    552  4.00
       81    593  4.00
       81    618  4.00
       81    693  4.00
       81    786  2.00
       82    209  1.00
       82    262  4.00
       82    405  2.00
       82    439  2.00
       82    481  3.00
       83     90  3.00
       83    188  3.00
       83    322  5.00
       83    478  3.00
       83    485  5.00
       83    577  3.00
       83    672  5.00
       83    747  5.00
       84    409  3.00
       84    419  3.00
       84    462  3.00
       84    647  2.00
       84    689  5.00
       86    106  4.00
       86    117  4.00
       86    233  4.00
       86    269  4.00
       86    298  3.00
       86    701  3.00
       86    751  4.00
       87    175  3.00
       87    213  4.00
       87    354  3.00
       89    536  1.00
       89    583  1.00
       90     83  3.00
       90    511  5.00
       90    531  3.00
       90    692  5.00
       90    764  6.00
       91      8  5.00
       91     47  5.00
       91    295  3.00
       92     62  3.00
       92     99  3.00
       92    476  6.00
       92    574  2.00
       92    663  6.00
       92    666  6.00
       92    792  4.00
       93     59  3.00
       93     67  2.00
       93    348  4.00
       93    431  3.00
       93    557  3.00
       93    748  4.00
       93    787  2.00
       94     27  4.00
       95    100  5.00
       95    136  5.00
       95    281  4.00
       95    377  4.00
       95    441  5.00
       95    478  3.00
       95    517  5.00
       95    692  6.00
       95    828  2.00
       98     86  6.00
       98    106  6.00
       98    269  6.00
       98    285  1.00
       98    340  2.00
       98    532  4.00
       98    560  2.00
       98    701  2.00
       98    774  6.00
       99     92  4.00
       99    153  5.00
       99    271  4.00
       99    431  1.00
       99    663  2.00
       99    666  5.00
       99    748  4.00
      100     95  5.00
      100    184  6.00
      100    228  3.00
      100    441  5.00
      100    623  5.00
      101     28  5.00
      101     74  3.00
      101    243  5.00
      101    755  3.00
      101    799  1.00
      102     32  5.00
      102    287  1.00
      102    503  1.00
      102    601  4.00
      102    755  1.00
      102    794  4.00
      103    528  6.00
      104     16  6.00
      104     42  1.00
      104     46  2.00
      104    195  3.00
      104    216  6.00
      104    491  2.00
      104    515  6.00
      105     27  4.00
      105    143  5.00
      105    279  3.00
      105    414  6.00
      105    486  2.00
      105    493  5.00
      105    669  6.00
      106     22  2.00
      106     28  2.00
      106     86  2.00
      106    138  2.00
      106    269  2.00
      106    273  2.00
      106    549  2.00
      106    673  2.00
      106    701  2.00
      106    774  2.00
      109     11  6.00
      109     28  2.00
      109    238  2.00
      109    487  3.00
      109    557  4.00
      109    780  6.00
      109    823  6.00
      110    352  3.00
      110    472  1.00
      110    578  1.00
      110    596  1.00
      110    606  4.00
      111     55  5.00
      111    212  1.00
      111    337  5.00
      111    468  2.00
      111    480  4.00
      111    538  1.00
      111    594  2.00
      111    605  5.00
      111    671  1.00
      111    701  1.00
      112     76  3.00
      112     97  3.00
      112    115  3.00
      112    214  3.00
      112    469  1.00
      112    501  2.00
      112    754  3.00
      114    285  2.00
      114    597  4.00
      114    727  4.00
      114    791  4.00
      115     24  6.00
      115     97  6.00
      115    112  5.00
      115    213  6.00
      115    283  6.00
      115    350  5.00
      115    821  5.00
      116    291  3.00
      118    106  3.00
      118    379  2.00
      118    402  6.00
      118    638  3.00
      118    673  2.00
      118    737  6.00
      118    792  3.00
      119    301  4.00
      119    421  4.00
      119    507  4.00
      119    621  4.00
      119    755  5.00
      121    171  6.00
      121    198  5.00
      121    260  5.00
      121    542  6.00
      122    471  5.00
      123     85  6.00
      123    595  4.00
      123    626  4.00
      123    679  3.00
      123    787  3.00
      123    820  2.00
      124      5  4.00
      124     46  5.00
      124    155  4.00
      124    234  3.00
      124    327  3.00
      124    511  3.00
      124    721  5.00
      124    739  5.00
      126     30  4.00
      126     31  3.00
      126     38  5.00
      126    578  5.00
      126    716  5.00
      127     16  4.00
      127    195  5.00
      127    216  4.00
      127    264  4.00
      127    280  2.00
      127    325  2.00
      127    346  5.00
      127    482  4.00
      128     95  2.00
      128    100  2.00
      128    164  4.00
      128    441  1.00
      128    806  4.00
      129    251  2.00
      129    290  2.00
      129    474  2.00
      130    242  5.00
      130    329  2.00
      130    364  1.00
      130    458  4.00
      130    528  4.00
      130    559  5.00
      130    597  1.00
      130    693  4.00
      130    725  2.00
      131     54  1.00
      131     61  3.00
      131    143  4.00
      131    168  3.00
      131    372  3.00
      131    392  1.00
      131    408  5.00
      131    816  6.00
      132    557  5.00
      132    601  4.00
      132    768  4.00
      133     88  6.00
      133    110  6.00
      133    332  6.00
      133    472  6.00
      133    558  6.00
      133    803  6.00
      134    198  2.00
      134    384  5.00
      134    542  6.00
      134    773  2.00
      134    782  5.00
      135    712  5.00
      136     95  6.00
      136    291  3.00
      136    478  2.00
      136    692  5.00
      137     46  2.00
      137    450  4.00
      137    497  3.00
      137    675  4.00
      138    106  2.00
      138    269  3.00
      138    340  6.00
      138    730  3.00
      140      2  6.00
      140    151  6.00
      140    235  6.00
      140    269  3.00
      140    317  6.00
      140    335  6.00
      140    673  3.00
      140    774  5.00
      141    213  6.00
      141    371  5.00
      142     23  4.00
      142     40  4.00
      142    110  4.00
      143    105  4.00
      143    284  2.00
      143    317  3.00
      143    408  5.00
      143    816  3.00
      144    358  2.00
      145    141  2.00
      145    469  5.00
      145    501  2.00
      145    657  4.00
      148    413  5.00
      148    578  3.00
      148    629  3.00
      148    670  2.00
      148    782  3.00
      148    784  2.00
      148    787  2.00
      149      5  2.00
      149    401  4.00
      149    562  6.00
      149    625  2.00
      149    739  3.00
      150    148  6.00
      150    653  6.00
      150    731  6.00
      151    140  5.00
      151    317  5.00
      151    369  5.00
      151    695  5.00
      151    701  5.00
      151    774  5.00
      152    159  5.00
      152    291  5.00
      152    378  5.00
      152    429  4.00
      152    434  3.00
      152    435  4.00
      152    517  4.00
      153     22  5.00
      153     28  5.00
      153     50  5.00
      153    243  5.00
      153    574  5.00
      153    780  5.00
      153    792  5.00
      155    124  6.00
      155    327  6.00
      155    548  6.00
      155    732  6.00
      155    739  6.00
      158    289  5.00
      158    356  2.00
      158    815  6.00
      159     86  2.00
      159    291  4.00
      159    356  4.00
      159    357  6.00
      159    434  2.00
      159    475  3.00
      159    478  1.00
      159    517  1.00
      159    692  3.00
      160    182  4.00
      160    492  2.00
      160    496  4.00
      160    587  4.00
      160    656  5.00
      160    755  2.00
      160    795  2.00
      161     74  2.00
      161    787  2.00
      162     72  3.00
      162    121  5.00
      162    260  5.00
      162    520  4.00
      162    713  3.00
      162    772  2.00
      163    130  4.00
      163    164  1.00
      163    242  5.00
      163    304  1.00
      163    306  1.00
      163    353  1.00
      163    529  1.00
      163    597  1.00
      163    737  2.00
      163    790  1.00
      164     95  1.00
      164    100  2.00
      164    128  6.00
      164    186  6.00
      164    212  1.00
      164    228  4.00
      164    441  2.00
      164    719  5.00
      164    806  5.00
      165     56  3.00
      165    185  3.00
      166     27  3.00
      166    179  5.00
      166    455  4.00
      167     46  4.00
      167    165  3.00
      167    650  4.00
      167    739  1.00
      168     61  4.00
      168    138  2.00
      168    398  3.00
      168    703  2.00
      168    705  4.00
      168    801  5.00
      169     83  3.00
      170    490  2.00
      171    121  6.00
      171    134  6.00
      171    162  3.00
      171    198  6.00
      171    260  6.00
      171    279  6.00
      171    715  6.00
      171    782  6.00
      172    107  4.00
      173    286  6.00
      173    610  6.00
      173    802  6.00
      175     87  5.00
      175    354  3.00
      176    274  5.00
      176    710  4.00
      176    828  4.00
      177    437  4.00
      177    828  5.00
      178      2  1.00
      178    272  5.00
      178    277  2.00
      178    517  2.00
      178    597  3.00
      178    828  4.00
      179     64  4.00
      179    166  6.00
      179    284  3.00
      179    490  6.00
      179    772  5.00
      180    191  2.00
      180    420  3.00
      180    702  2.00
      180    742  4.00
      181    360  1.00
      182     34  3.00
      182     39  3.00
      182     40  4.00
      182    318  1.00
      182    399  4.00
      182    587  4.00
      182    614  3.00
      182    748  1.00
      183    620  4.00
      184    100  5.00
      184    639  6.00
      185     24  3.00
      185    165  4.00
      185    352  3.00
      185    391  2.00
      185    472  3.00
      185    655  3.00
      185    688  2.00
      186     13  6.00
      186    187  4.00
      186    441  3.00
      186    806  5.00
      187    186  3.00
      187    259  4.00
      187    480  3.00
      187    520  3.00
      188    511  3.00
      188    699  4.00
      188    706  3.00
      188    725  4.00
      188    764  5.00
      189    316  3.00
      189    514  4.00
      189    613  3.00
      191    180  2.00
      191    303  2.00
      192    133  5.00
      192    247  5.00
      192    288  4.00
      192    582  5.00
      192    596  4.00
      193     29  4.00
      193    391  1.00
      193    417  5.00
      193    562  2.00
      193    709  3.00
      193    803  4.00
      194    324  3.00
      194    429  4.00
      194    529  4.00
      194    695  2.00
      195     16  6.00
      195    104  6.00
      195    216  6.00
      195    264  3.00
      195    387  2.00
      195    482  6.00
      195    491  6.00
      197    464  6.00
      198    171  1.00
      199    207  5.00
      199    276  2.00
      199    682  3.00
      199    712  3.00
      200     87  4.00
      200    214  4.00
      200    283  3.00
      200    363  6.00
      200    371  4.00
      200    653  3.00
      202     95  3.00
      202    291  4.00
      202    357  2.00
      202    415  4.00
      202    478  6.00
      202    692  3.00
      202    693  2.00
      202    763  2.00
      205    265  5.00
      205    375  4.00
      205    560  3.00
      205    590  4.00
      205    648  4.00
      205    826  3.00
      206    174  6.00
      206    304  6.00
      206    367  5.00
      206    656  6.00
      207    199  4.00
      207    662  4.00
      208     78  3.00
      208     86  6.00
      208    106  5.00
      208    549  2.00
      208    673  4.00
      208    701  5.00
      208    751  5.00
      208    774  4.00
      209     72  4.00
      209    107  3.00
      209    187  3.00
      209    334  3.00
      209    604  2.00
      209    671  3.00
      209    722  1.00
      210    299  4.00
      210    336  4.00
      210    637  3.00
      210    745  2.00
      211    438  2.00
      211    477  6.00
      211    616  3.00
      211    649  1.00
      212    537  4.00
      212    713  6.00
      213     87  2.00
      213    141  5.00
      213    371  5.00
      213    507  4.00
      213    536  5.00
      213    616  5.00
      213    649  2.00
      214    251  4.00
      214    323  4.00
      214    474  5.00
      214    698  4.00
      214    828  3.00
      216     16  6.00
      216    104  6.00
      216    127  5.00
      216    482  4.00
      216    491  6.00
      217     48  1.00
      217    297  1.00
      217    417  3.00
      217    459  3.00
      217    607  5.00
      220    736  4.00
      220    777  4.00
      221     24  4.00
      221    150  4.00
      221    218  5.00
      221    301  4.00
      221    438  4.00
      221    474  4.00
      221    543  4.00
      221    612  4.00
      221    821  4.00
      223    274  4.00
      223    277  4.00
      223    306  5.00
      223    350  1.00
      223    353  5.00
      223    429  3.00
      223    527  4.00
      223    597  5.00
      223    644  5.00
      224    257  5.00
      224    754  5.00
      225     20  3.00
      225    254  3.00
      225    341  6.00
      225    361  6.00
      225    492  6.00
      225    503  4.00
      225    514  4.00
      225    803  4.00
      226    436  5.00
      226    439  5.00
      226    770  5.00
      227    824  4.00
      229    197  2.00
      229    343  3.00
      229    480  1.00
      229    529  2.00
      229    598  3.00
      229    600  5.00
      229    720  5.00
      229    766  3.00
      229    769  1.00
      229    771  4.00
      230    431  5.00
      230    465  5.00
      230    468  5.00
      231    203  3.00
      231    453  4.00
      231    810  3.00
      232    773  4.00
      233     86  4.00
      233    138  3.00
      233    298  6.00
      233    513  6.00
      233    751  6.00
      234    238  2.00
      235      2  6.00
      235    130  4.00
      235    140  6.00
      235    458  3.00
      236    364  5.00
      236    385  5.00
      236    504  6.00
      236    663  5.00
      237    476  6.00
      237    574  5.00
      237    619  6.00
      237    726  6.00
      237    748  5.00
      237    817  6.00
      237    825  6.00
      238    431  4.00
      238    454  4.00
      238    487  6.00
      238    526  5.00
      238    756  6.00
      238    809  2.00
      240    379  5.00
      240    638  5.00
      241    157  5.00
      241    344  2.00
      241    391  4.00
      243     28  5.00
      243    101  5.00
      243    473  5.00
      244     53  2.00
      244    302  4.00
      244    550  2.00
      244    729  5.00
      246     57  6.00
      246    223  6.00
      246    277  5.00
      246    319  1.00
      246    353  6.00
      246    777  6.00
      246    790  6.00
      247    133  3.00
      247    192  4.00
      247    243  1.00
      247    288  2.00
      247    359  3.00
      247    596  2.00
      249     33  4.00
      249    285  2.00
      249    528  3.00
      249    614  3.00
      249    693  3.00
      252     50  2.00
      252    264  2.00
      252    362  6.00
      252    401  6.00
      252    690  5.00
      254    225  3.00
      254    316  4.00
      254    341  2.00
      254    492  4.00
      254    613  5.00
      258    150  4.00
      258    283  4.00
      258    290  4.00
      258    301  5.00
      258    612  1.00
      258    622  2.00
      258    714  4.00
      259      8  3.00
      259     15  3.00
      259     47  3.00
      259     67  1.00
      259    187  3.00
      259    298  1.00
      259    317  1.00
      259    353  1.00
      261     46  6.00
      261    124  6.00
      261    157  6.00
      261    278  3.00
      261    664  4.00
      261    675  4.00
      261    739  1.00
      262     82  5.00
      262    361  2.00
      262    593  1.00
      263    225  1.00
      263    337  5.00
      263    361  1.00
      263    392  2.00
      263    708  5.00
      264     19  6.00
      264     50  6.00
      264    278  5.00
      264    325  1.00
      264    463  6.00
      264    515  6.00
      265     58  6.00
      265    130  3.00
      265    139  5.00
      265    205  5.00
      265    242  3.00
      265    272  6.00
      265    324  6.00
      269     86  5.00
      269     98  4.00
      269    106  5.00
      269    138  4.00
      269    298  4.00
      269    340  2.00
      269    701  4.00
      269    751  4.00
      270    363  2.00
      270    374  3.00
      270    438  5.00
      270    711  5.00
      272     58  5.00
      272    265  6.00
      272    313  4.00
      272    762  3.00
      273     86  1.00
      273    106  5.00
      273    500  5.00
      274    176  2.00
      274    355  5.00
      274    682  5.00
      274    753  5.00
      274    778  2.00
      275    233  3.00
      275    298  4.00
      275    513  4.00
      275    774  4.00
      276    199  3.00
      276    207  3.00
      276    215  2.00
      276    355  2.00
      276    682  2.00
      277    429  2.00
      277    457  5.00
      277    511  5.00
      277    597  4.00
      277    725  3.00
      277    786  2.00
      278    153  5.00
      278    157  4.00
      278    204  6.00
      278    243  5.00
      278    261  5.00
      278    264  5.00
      278    418  5.00
      278    463  5.00
      278    626  5.00
      278    765  4.00
      279    542  6.00
      279    685  2.00
      279    715  6.00
      279    749  5.00
      279    760  6.00
      279    799  4.00
      280    234  1.00
      280    325  2.00
      281     60  3.00
      281     95  4.00
      281    136  4.00
      281    344  3.00
      281    356  2.00
      281    357  3.00
      281    376  2.00
      281    692  4.00
      282     13  2.00
      282     91  2.00
      282    285  2.00
      282    404  2.00
      282    468  2.00
      282    488  2.00
      282    508  2.00
      282    752  2.00
      284    143  2.00
      284    179  2.00
      284    260  2.00
      284    316  5.00
      284    460  3.00
      284    645  1.00
      285     41  3.00
      285     61  3.00
      285     98  2.00
      285    140  2.00
      285    143  1.00
      285    345  5.00
      285    449  3.00
      285    614  1.00
      285    623  4.00
      285    816  4.00
      286    154  1.00
      286    173  3.00
      286    805  4.00
      287     51  2.00
      287    193  3.00
      287    297  2.00
      287    342  2.00
      287    562  6.00
      287    658  5.00
      287    803  4.00
      289    311  5.00
      289    357  3.00
      289    546  6.00
      289    584  5.00
      289    685  5.00
      289    732  5.00
      289    763  1.00
      289    815  6.00
      291    152  4.00
      291    159  3.00
      291    353  5.00
      291    475  4.00
      291    478  5.00
      291    517  2.00
      293    318  3.00
      293    763  5.00
      295     81  6.00
      295    372  2.00
      295    458  3.00
      295    593  5.00
      296     99  3.00
      296    344  2.00
      296    368  3.00
      296    490  2.00
      296    557  4.00
      296    692  2.00
      296    768  5.00
      297    193  6.00
      297    218  5.00
      297    417  5.00
      297    611  6.00
      298    233  5.00
      298    280  1.00
      298    309  1.00
      298    364  4.00
      298    532  2.00
      299     18  2.00
      299     80  2.00
      299    146  2.00
      299    201  3.00
      299    349  3.00
      299    489  2.00
      299    604  3.00
      299    722  2.00
      300    110  3.00
      300    368  1.00
      300    467  4.00
      300    557  1.00
      300    606  3.00
      300    768  2.00
      301     62  4.00
      301    129  6.00
      301    258  4.00
      301    283  6.00
      301    290  6.00
      301    379  4.00
      301    438  6.00
      301    621  3.00
      301    714  6.00
      302    422  5.00
      302    729  4.00
      303    191  3.00
      304    174  6.00
      304    206  6.00
      304    367  6.00
      304    490  4.00
      304    656  6.00
      306    163  3.00
      306    246  2.00
      306    353  3.00
      306    564  5.00
      306    597  1.00
      306    737  2.00
      306    790  1.00
      306    822  5.00
      307      4  3.00
      307    405  6.00
      307    643  5.00
      308    126  3.00
      308    687  2.00
      309     39  2.00
      309     52  6.00
      309     85  3.00
      309    137  2.00
      309    261  2.00
      309    357  1.00
      309    432  4.00
      309    546  2.00
      309    558  5.00
      310     46  5.00
      310    261  4.00
      310    650  3.00
      310    675  5.00
      310    763  5.00
      311    344  3.00
      311    530  5.00
      311    626  2.00
      311    679  2.00
      311    685  4.00
      311    738  3.00
      311    772  3.00
      312    181  4.00
      312    360  4.00
      312    371  4.00
      312    507  5.00
      312    555  5.00
      312    565  2.00
      312    828  3.00
      313    265  5.00
      313    272  3.00
      313    409  6.00
      313    430  6.00
      313    604  6.00
      314     96  2.00
      314    528  4.00
      314    597  3.00
      314    628  3.00
      314    648  2.00
      315    342  5.00
      315    389  5.00
      315    406  5.00
      315    525  5.00
      315    548  3.00
      315    551  5.00
      315    708  5.00
      315    804  4.00
      317    140  6.00
      317    143  1.00
      317    151  5.00
      317    340  5.00
      317    499  2.00
      317    586  4.00
      317    673  3.00
      317    701  6.00
      317    774  4.00
      318     39  2.00
      318    293  3.00
      318    342  5.00
      318    399  6.00
      318    546  6.00
      318    594  6.00
      319      2  1.00
      319    246  1.00
      319    345  5.00
      319    400  5.00
      320     81  3.00
      320    151  2.00
      320    168  1.00
      320    295  4.00
      320    372  3.00
      320    400  5.00
      320    568  3.00
      320    593  2.00
      320    618  2.00
      320    673  2.00
      324     58  6.00
      324    139  5.00
      324    407  6.00
      324    699  6.00
      324    725  4.00
      324    762  6.00
      324    764  4.00
      325    387  4.00
      325    717  5.00
      326     45  5.00
      326    448  5.00
      326    456  5.00
      326    609  5.00
      327     85  2.00
      327    124  2.00
      327    174  2.00
      327    309  2.00
      327    403  2.00
      327    525  2.00
      327    721  2.00
      327    739  2.00
      328     38  6.00
      328    351  3.00
      328    361  4.00
      329    579  5.00
      332     17  5.00
      332    149  5.00
      332    352  6.00
      332    472  5.00
      332    798  5.00
      334    107  4.00
      334    357  4.00
      334    768  2.00
      335     41  6.00
      335    140  6.00
      335    235  6.00
      335    400  4.00
      335    560  6.00
      335    642  4.00
      335    774  4.00
      337    263  5.00
      340    138  4.00
      340    547  4.00
      340    549  5.00
      340    673  4.00
      340    730  3.00
      341    225  5.00
      341    361  4.00
      341    390  2.00
      341    392  2.00
      341    408  2.00
      341    514  2.00
      341    816  2.00
      342    315  4.00
      342    415  6.00
      343    229  4.00
      343    315  5.00
      343    336  4.00
      343    424  4.00
      343    479  2.00
      343    598  3.00
      343    745  5.00
      343    769  5.00
      343    805  4.00
      344    281  6.00
      344    311  6.00
      344    391  6.00
      344    530  6.00
      344    827  6.00
      346      5  2.00
      346     37  4.00
      346    127  4.00
      346    195  4.00
      346    491  4.00
      346    589  2.00
      347     49  1.00
      347    225  1.00
      347    263  1.00
      347    361  5.00
      347    514  1.00
      348     28  2.00
      348     93  4.00
      348    271  4.00
      348    431  5.00
      348    748  4.00
      348    787  5.00
      348    799  5.00
      348    825  6.00
      349    299  4.00
      349    430  3.00
      349    604  5.00
      349    668  3.00
      350     44  4.00
      350     97  4.00
      350    115  2.00
      350    250  6.00
      350    501  6.00
      350    649  3.00
      350    661  4.00
      351    399  6.00
      351    490  5.00
      351    772  6.00
      352    110  2.00
      352    332  2.00
      352    592  3.00
      352    595  3.00
      352    606  3.00
      352    798  2.00
      353    246  5.00
      353    277  5.00
      353    319  1.00
      353    357  6.00
      353    429  5.00
      353    444  6.00
      353    478  6.00
      353    527  5.00
      353    564  5.00
      354     87  5.00
      354    175  4.00
      354    714  3.00
      355    274  4.00
      355    276  1.00
      355    682  4.00
      357    159  5.00
      357    281  2.00
      357    289  2.00
      357    356  5.00
      357    679  2.00
      357    692  1.00
      357    815  3.00
      359     42  4.00
      359     51  2.00
      359    133  4.00
      359    247  5.00
      359    332  1.00
      359    582  4.00
      359    803  2.00
      360     35  3.00
      360     43  6.00
      360    291  3.00
      360    312  6.00
      360    412  1.00
      360    555  6.00
      360    828  4.00
      361     49  3.00
      361    225  5.00
      361    347  4.00
      361    514  6.00
      362    137  4.00
      362    252  5.00
      362    401  5.00
      362    450  5.00
      363     44  5.00
      363    115  6.00
      363    250  6.00
      363    270  5.00
      363    374  5.00
      363    501  6.00
      363    565  5.00
      363    694  5.00
      363    697  6.00
      363    821  6.00
      364     54  5.00
      364    138  4.00
      364    233  5.00
      364    236  6.00
      364    298  5.00
      364    400  2.00
      364    532  4.00
      364    673  1.00
      364    751  5.00
      364    774  1.00
      365     30  3.00
      365    629  1.00
      365    632  5.00
      365    670  1.00
      365    784  1.00
      366     35  1.00
      366     68  1.00
      366    159  1.00
      366    181  1.00
      366    412  1.00
      366    498  1.00
      366    543  1.00
      366    555  1.00
      367     48  5.00
      367    174  4.00
      367    472  4.00
      367    688  5.00
      369    151  5.00
      369    673  4.00
      369    693  4.00
      369    701  4.00
      369    786  4.00
      372     32  4.00
      372     61  6.00
      372    131  6.00
      372    168  6.00
      372    295  4.00
      372    408  3.00
      372    492  3.00
      372    503  4.00
      372    711  4.00
      372    816  4.00
      373     39  6.00
      373    155  6.00
      373    492  4.00
      373    793  4.00
      375      9  2.00
      375    333  5.00
      375    590  5.00
      375    628  5.00
      375    762  4.00
      377     95  6.00
      378    107  2.00
      378    271  1.00
      378    331  5.00
      378    334  2.00
      378    344  3.00
      378    584  6.00
      379    214  5.00
      379    222  4.00
      379    408  4.00
      379    528  5.00
      379    701  4.00
      380    640  4.00
      382    371  4.00
      382    565  4.00
      382    583  4.00
      382    616  4.00
      382    704  4.00
      382    821  4.00
      384    134  4.00
      384    349  1.00
      384    440  2.00
      384    542  5.00
      384    637  3.00
      384    782  3.00
      385     28  4.00
      385    236  4.00
      385    504  5.00
      385    575  6.00
      385    663  3.00
      387    234  3.00
      387    484  4.00
      387    515  3.00
      387    721  3.00
      389    315  3.00
      389    356  4.00
      389    406  6.00
      389    558  6.00
      389    677  5.00
      389    737  3.00
      389    763  5.00
      390     60  3.00
      390    816  5.00
      391    155  6.00
      391    157  5.00
      391    344  6.00
      391    418  4.00
      391    530  6.00
      391    587  6.00
      391    626  6.00
      391    717  6.00
      393     48  4.00
      393    287  3.00
      393    399  3.00
      393    503  2.00
      393    562  4.00
      393    572  3.00
      393    658  2.00
      394    391  5.00
      395     56  3.00
      395    108  5.00
      395    204  2.00
      395    472  5.00
      395    655  4.00
      395    739  4.00
      396     59  4.00
      396    280  5.00
      396    454  1.00
      397     71  6.00
      397    423  5.00
      399    351  5.00
      399    433  5.00
      399    594  5.00
      400    335  3.00
      401    252  5.00
      401    280  1.00
      401    362  6.00
      402    377  2.00
      402    566  4.00
      402    728  3.00
      403    361  6.00
      403    514  2.00
      403    652  5.00
      404      9  3.00
      404     23  4.00
      404    110  3.00
      404    752  1.00
      405      4  2.00
      405     57  1.00
      405    307  5.00
      405    643  3.00
      406    389  4.00
      406    551  3.00
      406    710  5.00
      406    757  5.00
      406    775  5.00
      406    804  5.00
      407      4  1.00
      407     57  2.00
      407    103  3.00
      407    141  2.00
      407    169  4.00
      407    405  4.00
      407    523  3.00
      407    643  1.00
      408     61  4.00
      408     67  4.00
      408    131  6.00
      408    143  5.00
      408    222  4.00
      408    285  2.00
      408    372  4.00
      408    816  5.00
      410     73  6.00
      410    671  5.00
      411    358  4.00
      411    565  2.00
      411    733  5.00
      411    828  1.00
      412     35  5.00
      412    181  4.00
      412    221  3.00
      412    357  3.00
      412    366  4.00
      412    386  3.00
      412    498  4.00
      412    584  4.00
      412    821  3.00
      413    148  5.00
      414     59  3.00
      414    105  5.00
      414    669  4.00
      415    342  5.00
      415    399  3.00
      415    433  5.00
      415    548  5.00
      415    572  3.00
      415    589  3.00
      415    629  3.00
      415    659  5.00
      415    739  3.00
      415    793  5.00
      417    193  5.00
      418    278  6.00
      418    626  5.00
      419     34  2.00
      419    462  4.00
      420    180  4.00
      420    702  5.00
      420    742  4.00
      421    119  4.00
      421    290  4.00
      421    338  5.00
      421    621  3.00
      421    767  4.00
      422    302  5.00
      422    551  6.00
      423     71  3.00
      423    397  3.00
      423    516  2.00
      423    608  2.00
      424    229  6.00
      424    343  3.00
      424    479  6.00
      424    529  2.00
      424    600  6.00
      424    769  2.00
      427    402  3.00
      427    449  3.00
      427    514  3.00
      427    520  2.00
      427    566  4.00
      427    693  1.00
      427    816  1.00
      429     25  6.00
      429    139  5.00
      429    152  4.00
      429    194  5.00
      429    529  5.00
      429    561  1.00
      429    581  5.00
      430     31  1.00
      430    313  6.00
      430    349  1.00
      430    365  1.00
      430    409  5.00
      430    540  1.00
      430    604  4.00
      431    748  4.00
      431    768  4.00
      431    825  6.00
      432     21  3.00
      432     50  5.00
      432    264  6.00
      432    309  3.00
      432    463  6.00
      432    625  4.00
      432    664  2.00
      432    675  1.00
      433    342  1.00
      433    399  5.00
      433    415  6.00
      434     95  3.00
      434    136  1.00
      434    137  2.00
      434    159  2.00
      434    340  3.00
      434    356  3.00
      434    357  5.00
      434    517  4.00
      434    630  2.00
      434    679  5.00
      435    508  4.00
      435    581  3.00
      435    725  3.00
      435    826  4.00
      437    177  5.00
      437    300  5.00
      437    507  3.00
      437    537  6.00
      437    634  5.00
      437    637  5.00
      440    339  5.00
      440    637  5.00
      441     95  5.00
      441    100  3.00
      441    164  2.00
      441    517  4.00
      441    537  3.00
      441    692  2.00
      441    694  2.00
      443    184  6.00
      444     20  3.00
      444    651  4.00
      444    763  2.00
      444    765  2.00
      444    793  4.00
      445    770  5.00
      447    396  3.00
      447    473  5.00
      447    651  6.00
      447    680  4.00
      448    227  3.00
      448    326  5.00
      448    456  6.00
      449    520  3.00
      451     65  4.00
      451     76  3.00
      451    145  3.00
      451    381  5.00
      451    583  2.00
      451    657  3.00
      451    767  3.00
      452    800  4.00
      453    507  3.00
      454     37  1.00
      454     70  5.00
      454    396  1.00
      454    491  2.00
      455    166  2.00
      455    348  2.00
      455    376  2.00
      455    431  2.00
      455    601  2.00
      455    748  2.00
      455    794  2.00
      455    799  2.00
      456     45  2.00
      456    326  5.00
      456    448  5.00
      456    609  2.00
      457    277  5.00
      457    382  2.00
      457    511  6.00
      457    597  6.00
      457    718  5.00
      457    725  6.00
      459     48  6.00
      459    462  4.00
      459    647  5.00
      460     60  2.00
      460     66  6.00
      460    284  3.00
      460    334  1.00
      460    490  1.00
      460    538  4.00
      460    645  4.00
      460    748  3.00
      460    787  2.00
      460    817  5.00
      461    520  1.00
      461    706  4.00
      461    713  2.00
      461    735  1.00
      461    776  5.00
      462     48  6.00
      462    137  4.00
      462    419  6.00
      462    459  6.00
      462    647  6.00
      464    197  3.00
      464    230  1.00
      464    525  3.00
      464    551  3.00
      464    667  2.00
      464    804  4.00
      464    811  4.00
      465    230  5.00
      465    422  4.00
      466    203  5.00
      466    453  5.00
      466    507  4.00
      466    684  1.00
      466    810  5.00
      467     56  5.00
      467    300  5.00
      467    368  4.00
      467    515  1.00
      467    578  3.00
      468    226  5.00
      468    230  6.00
      468    441  5.00
      468    764  5.00
      470    214  1.00
      470    222  1.00
      470    251  1.00
      470    301  1.00
      470    323  1.00
      470    426  1.00
      470    621  1.00
      472     42  6.00
      472    133  1.00
      472    218  1.00
      472    332  5.00
      472    431  6.00
      472    688  6.00
      472    798  6.00
      473     28  4.00
      473    101  4.00
      473    106  3.00
      473    243  4.00
      473    278  3.00
      473    752  2.00
      474    213  4.00
      474    214  2.00
      474    221  4.00
      474    283  3.00
      474    301  3.00
      474    323  1.00
      474    543  4.00
      474    612  2.00
      474    653  3.00
      474    698  1.00
      476     92  5.00
      476    237  5.00
      476    574  3.00
      476    666  5.00
      476    696  5.00
      476    787  2.00
      476    796  2.00
      476    809  3.00
      477    211  6.00
      477    270  3.00
      477    714  3.00
      478    202  6.00
      478    277  6.00
      478    322  6.00
      478    353  6.00
      478    429  3.00
      478    528  6.00
      478    692  4.00
      478    822  5.00
      479    771  5.00
      479    804  5.00
      480    111  6.00
      480    229  1.00
      480    468  2.00
      480    605  6.00
      480    745  6.00
      480    788  3.00
      481     72  5.00
      481    443  5.00
      484     37  6.00
      484     50  5.00
      484    104  4.00
      484    252  5.00
      484    264  5.00
      484    482  6.00
      484    717  1.00
      484    827  4.00
      485     30  6.00
      485     31  4.00
      485     38  1.00
      485     83  5.00
      485     96  3.00
      485    126  2.00
      485    672  4.00
      485    716  4.00
      485    747  5.00
      486      4  4.00
      486     27  1.00
      486     51  4.00
      486    105  1.00
      486    340  3.00
      486    493  4.00
      486    633  3.00
      488     91  1.00
      488    187  4.00
      488    282  5.00
      488    390  2.00
      488    427  1.00
      488    752  2.00
      490     64  2.00
      490    153  5.00
      490    170  3.00
      490    179  5.00
      490    351  6.00
      490    455  3.00
      490    772  6.00
      490    792  3.00
      492    225  5.00
      492    611  3.00
      493     27  6.00
      493     28  6.00
      493    105  6.00
      493    486  6.00
      493    575  6.00
      493    633  6.00
      495     96  2.00
      495    534  1.00
      495    602  1.00
      495    777  3.00
      496     59  6.00
      496     62  4.00
      496    105  4.00
      496    391  4.00
      496    587  4.00
      497     42  4.00
      497    332  6.00
      497    592  6.00
      497    595  6.00
      497    606  6.00
      497    798  6.00
      498     26  3.00
      498     35  2.00
      498    181  1.00
      498    312  2.00
      498    360  2.00
      498    366  1.00
      498    412  2.00
      498    674  3.00
      498    704  2.00
      499    618  6.00
      499    816  3.00
      501    250  4.00
      501    350  4.00
      501    363  4.00
      502    291  1.00
      502    366  3.00
      502    412  3.00
      502    828  6.00
      503    143  3.00
      503    170  3.00
      503    372  3.00
      503    496  3.00
      503    748  1.00
      503    816  2.00
      504    236  4.00
      504    385  5.00
      504    454  4.00
      504    575  4.00
      504    663  3.00
      504    666  3.00
      505     44  1.00
      505     68  3.00
      505     95  1.00
      505    386  5.00
      505    498  4.00
      505    653  3.00
      506    559  6.00
      508    282  1.00
      508    291  1.00
      508    435  5.00
      508    488  1.00
      508    494  1.00
      508    602  1.00
      508    627  5.00
      508    710  4.00
      508    782  4.00
      510     29  4.00
      510    585  4.00
      510    658  5.00
      510    679  2.00
      511     90  5.00
      511    277  5.00
      511    457  3.00
      511    580  3.00
      511    597  4.00
      511    660  3.00
      511    722  3.00
      511    746  5.00
      513     54  5.00
      513    233  5.00
      513    809  5.00
      514    316  1.00
      514    361  6.00
      515    104  6.00
      515    264  6.00
      515    325  5.00
      515    387  5.00
      515    446  6.00
      517     95  5.00
      517    159  2.00
      517    291  3.00
      517    356  4.00
      517    434  5.00
      517    441  5.00
      517    692  4.00
      519    215  2.00
      519    416  3.00
      519    498  2.00
      519    684  3.00
      519    704  2.00
      519    779  2.00
      520    121  5.00
      520    260  5.00
      520    449  6.00
      520    461  2.00
      520    566  6.00
      520    713  6.00
      522    443  3.00
      523      2  4.00
      523    235  3.00
      523    345  1.00
      523    534  1.00
      523    757  4.00
      523    777  1.00
      524    682  1.00
      525    230  5.00
      525    406  1.00
      525    422  2.00
      525    464  3.00
      525    551  5.00
      525    667  4.00
      525    804  4.00
      525    811  3.00
      527     10  5.00
      527    268  1.00
      527    353  5.00
      527    564  4.00
      527    573  5.00
      529    194  5.00
      529    353  3.00
      529    429  5.00
      529    581  5.00
      530    311  6.00
      530    344  4.00
      530    391  3.00
      530    685  4.00
      530    738  6.00
      530    772  6.00
      532    298  5.00
      533    213  4.00
      533    219  3.00
      533    283  3.00
      534    777  5.00
      535    186  1.00
      535    435  2.00
      535    529  3.00
      535    581  1.00
      535    776  3.00
      536    213  4.00
      536    358  4.00
      536    371  3.00
      536    453  3.00
      536    654  4.00
      536    744  1.00
      536    789  1.00
      537    212  4.00
      537    437  5.00
      537    441  6.00
      537    443  2.00
      537    639  3.00
      538      4  6.00
      538    342  1.00
      538    640  3.00
      540     38  2.00
      540    126  2.00
      540    389  2.00
      540    718  1.00
      541     92  4.00
      541    236  3.00
      541    385  4.00
      541    575  5.00
      541    739  3.00
      541    748  3.00
      542    134  4.00
      542    760  4.00
      542    782  4.00
      546    318  4.00
      547    233  3.00
      547    340  5.00
      547    532  4.00
      547    751  2.00
      548    155  5.00
      548    342  5.00
      548    415  5.00
      548    658  6.00
      549     81  2.00
      549     99  1.00
      549    106  3.00
      549    340  5.00
      549    532  3.00
      549    545  4.00
      549    642  2.00
      549    774  2.00
      550     53  5.00
      551    197  4.00
      551    422  5.00
      551    464  3.00
      551    525  4.00
      551    595  1.00
      551    804  4.00
      552     81  5.00
      552    106  2.00
      552    340  5.00
      554      3  1.00
      554    112  2.00
      554    145  1.00
      554    469  1.00
      554    616  1.00
      554    731  2.00
      555     35  6.00
      555    181  6.00
      555    360  6.00
      555    412  3.00
      556     99  3.00
      556    271  3.00
      556    468  2.00
      556    522  1.00
      556    633  2.00
      556    770  2.00
      557     11  6.00
      557     28  6.00
      557    296  6.00
      557    310  3.00
      557    768  6.00
      559    506  5.00
      560    138  2.00
      560    240  4.00
      560    377  5.00
      560    642  4.00
      561     10  3.00
      561    429  4.00
      561    573  4.00
      562     29  5.00
      562     56  1.00
      562    149  5.00
      562    193  3.00
      562    287  6.00
      562    417  3.00
      562    658  5.00
      563     88  1.00
      563    216  4.00
      563    342  5.00
      563    415  6.00
      563    572  5.00
      563    589  5.00
      563    626  1.00
      563    629  3.00
      564     57  3.00
      564    122  3.00
      564    130  2.00
      564    246  5.00
      564    790  5.00
      565    283  2.00
      565    360  2.00
      565    363  4.00
      565    371  4.00
      565    412  2.00
      565    498  2.00
      565    501  2.00
      565    588  2.00
      565    657  4.00
      565    828  2.00
      566    427  3.00
      566    449  3.00
      566    520  4.00
      566    693  1.00
      567    234  5.00
      567    280  3.00
      567    812  3.00
      568    320  3.00
      568    508  3.00
      568    561  3.00
      568    711  4.00
      569     31  2.00
      569    139  5.00
      569    152  2.00
      569    159  1.00
      569    291  4.00
      569    353  1.00
      569    429  3.00
      569    478  1.00
      569    517  1.00
      569    718  2.00
      570     25  2.00
      570     72  2.00
      570     73  5.00
      570     79  5.00
      570    121  6.00
      570    255  3.00
      570    668  5.00
      570    722  5.00
      570    784  4.00
      572      4  2.00
      572    433  4.00
      572    586  3.00
      572    629  1.00
      572    787  5.00
      573     10  6.00
      573     25  5.00
      573    202  1.00
      573    353  5.00
      573    429  3.00
      573    478  3.00
      573    527  5.00
      573    822  5.00
      574     50  4.00
      574     92  4.00
      574    663  4.00
      574    666  5.00
      575     28  4.00
      575    236  4.00
      575    243  3.00
      575    385  5.00
      575    504  4.00
      575    633  4.00
      575    663  4.00
      575    666  4.00
      577     69  4.00
      577     83  3.00
      577    128  1.00
      577    212  5.00
      577    322  5.00
      577    537  5.00
      577    747  4.00
      577    786  3.00
      578    110  2.00
      578    148  4.00
      578    413  2.00
      578    467  2.00
      578    595  3.00
      578    629  2.00
      578    716  2.00
      578    823  3.00
      579     69  6.00
      579    267  6.00
      579    298  6.00
      579    813  6.00
      580    256  5.00
      580    660  6.00
      581     10  4.00
      581     25  4.00
      581    295  3.00
      581    429  5.00
      581    435  2.00
      581    561  2.00
      581    573  5.00
      582     51  5.00
      582    133  4.00
      582    288  4.00
      582    359  4.00
      582    596  4.00
      583      3  4.00
      583     76  2.00
      583    338  2.00
      583    371  2.00
      583    381  4.00
      583    382  3.00
      583    466  4.00
      583    767  2.00
      583    821  2.00
      584    679  3.00
      584    685  3.00
      585    636  6.00
      585    795  4.00
      586     51  2.00
      586    325  4.00
      586    572  3.00
      586    717  4.00
      589      5  3.00
      589     16  1.00
      589     37  5.00
      589     46  4.00
      589    124  2.00
      589    234  1.00
      589    317  3.00
      589    563  4.00
      589    739  3.00
      590    188  2.00
      590    706  4.00
      591    146  2.00
      591    244  2.00
      591    263  1.00
      591    718  1.00
      591    729  3.00
      593    295  4.00
      593    618  3.00
      593    748  2.00
      593    781  5.00
      593    823  6.00
      594    399  5.00
      594    636  2.00
      595    123  5.00
      595    497  5.00
      595    578  4.00
      597    114  5.00
      597    277  5.00
      597    306  2.00
      597    523  4.00
      597    564  4.00
      597    725  5.00
      597    727  5.00
      597    776  5.00
      597    791  5.00
      599    315  5.00
      599    342  5.00
      599    548  5.00
      599    595  2.00
      599    655  5.00
      599    765  6.00
      601    166  3.00
      601    376  4.00
      601    425  5.00
      601    455  5.00
      601    624  5.00
      601    748  4.00
      601    755  3.00
      602     25  1.00
      602    495  4.00
      602    508  1.00
      602    745  4.00
      602    746  4.00
      602    797  3.00
      602    814  5.00
      603     14  5.00
      603     51  4.00
      604     72  3.00
      604     79  5.00
      604    313  6.00
      604    465  3.00
      604    668  4.00
      605     55  5.00
      605    111  5.00
      605    337  4.00
      605    480  5.00
      605    745  5.00
      607    217  6.00
      607    415  5.00
      607    452  5.00
      607    659  4.00
      607    794  5.00
      607    800  5.00
      608    262  2.00
      608    352  3.00
      608    813  3.00
      609     45  4.00
      609    161  3.00
      609    326  4.00
      609    467  1.00
      609    608  1.00
      610    158  1.00
      610    173  5.00
      610    286  5.00
      610    342  5.00
      610    357  1.00
      610    415  2.00
      610    444  3.00
      610    763  2.00
      612    543  2.00
      613     44  2.00
      613    341  2.00
      613    390  1.00
      613    392  3.00
      613    492  2.00
      613    668  6.00
      613    816  1.00
      614    106  2.00
      614    131  5.00
      614    249  4.00
      614    317  2.00
      614    434  2.00
      614    515  4.00
      614    693  2.00
      614    774  2.00
      615    126  1.00
      615    385  1.00
      615    386  3.00
      615    536  1.00
      616    118  3.00
      616    200  4.00
      616    214  4.00
      616    283  4.00
      616    290  4.00
      616    323  3.00
      616    507  4.00
      616    731  4.00
      616    821  3.00
      617     30  5.00
      617    285  2.00
      617    593  2.00
      617    614  4.00
      617    630  3.00
      617    673  3.00
      618     60  5.00
      618     67  6.00
      618     81  3.00
      618    295  4.00
      618    499  4.00
      618    593  2.00
      618    816  5.00
      619     99  3.00
      619    237  6.00
      619    476  6.00
      619    541  5.00
      619    574  3.00
      619    601  6.00
      619    624  5.00
      619    748  5.00
      621    421  4.00
      622    222  6.00
      622    685  5.00
      623     41  4.00
      623    100  3.00
      623    285  4.00
      623    400  1.00
      623    560  3.00
      623    638  4.00
      623    648  3.00
      624     46  2.00
      624    149  3.00
      624    237  4.00
      624    601  5.00
      624    619  4.00
      624    748  3.00
      624    794  3.00
      625     46  2.00
      625    137  1.00
      625    149  2.00
      625    261  2.00
      625    264  1.00
      625    432  5.00
      625    538  4.00
      625    640  3.00
      625    664  5.00
      625    675  1.00
      626    287  1.00
      626    418  3.00
      626    685  3.00
      627    508  5.00
      627    671  4.00
      628    262  1.00
      628    314  2.00
      628    608  2.00
      628    681  1.00
      629    148  2.00
      629    413  3.00
      629    415  3.00
      629    670  3.00
      629    784  3.00
      630    679  6.00
      631    534  5.00
      631    777  5.00
      632    355  1.00
      632    386  1.00
      633    271  3.00
      633    556  2.00
      633    748  2.00
      634    177  4.00
      634    437  4.00
      634    620  2.00
      634    637  5.00
      634    828  4.00
      635    412  4.00
      636     17  6.00
      636     42  3.00
      636     56  5.00
      636    585  6.00
      636    594  3.00
      636    652  3.00
      637     84  2.00
      637    210  1.00
      637    384  4.00
      637    440  5.00
      637    689  5.00
      639     11  6.00
      639    184  6.00
      639    238  2.00
      639    348  6.00
      639    537  5.00
      640    149  4.00
      640    287  1.00
      640    401  2.00
      640    625  1.00
      640    655  3.00
      642     86  3.00
      642    106  3.00
      642    335  3.00
      642    560  3.00
      642    576  3.00
      642    623  3.00
      642    701  3.00
      642    751  3.00
      642    774  4.00
      643      4  6.00
      643     57  4.00
      643    263  4.00
      643    307  6.00
      643    405  6.00
      643    407  3.00
      643    538  2.00
      644    564  5.00
      644    737  5.00
      645     32  2.00
      645     60  2.00
      645     66  2.00
      645    376  2.00
      645    460  2.00
      645    490  2.00
      645    493  2.00
      645    787  2.00
      645    799  2.00
      645    817  2.00
      646    483  4.00
      646    626  3.00
      647     48  6.00
      647    459  6.00
      647    462  5.00
      647    594  3.00
      648    130  3.00
      648    275  1.00
      648    314  3.00
      648    762  3.00
      650     46  3.00
      650    310  4.00
      650    675  3.00
      650    820  3.00
      652     46  4.00
      652    204  5.00
      652    261  5.00
      652    403  5.00
      653    150  4.00
      653    283  5.00
      653    290  5.00
      653    474  5.00
      653    512  5.00
      654    222  4.00
      654    622  5.00
      656    174  4.00
      656    206  6.00
      656    304  6.00
      656    827  6.00
      657    145  3.00
      657    219  2.00
      657    363  1.00
      657    426  1.00
      657    451  1.00
      657    518  1.00
      657    533  2.00
      657    565  4.00
      657    697  1.00
      659    239  5.00
      659    392  3.00
      659    415  4.00
      659    607  4.00
      659    803  2.00
      660    256  5.00
      660    580  5.00
      661     60  1.00
      661    143  1.00
      661    350  5.00
      661    402  2.00
      661    427  2.00
      661    566  1.00
      661    659  4.00
      661    728  3.00
      661    816  2.00
      663     62  3.00
      663    236  1.00
      663    504  4.00
      663    570  1.00
      663    696  6.00
      663    792  4.00
      664     46  6.00
      664    261  4.00
      664    432  3.00
      664    625  5.00
      664    675  6.00
      665    107  3.00
      665    334  3.00
      665    344  2.00
      665    431  2.00
      665    748  3.00
      666     92  4.00
      666    663  4.00
      668    256  5.00
      668    660  5.00
      669    105  6.00
      669    414  6.00
      670    322  3.00
      670    580  1.00
      670    629  4.00
      670    784  5.00
      671     73  2.00
      671    410  4.00
      673     86  3.00
      673    106  3.00
      673    140  3.00
      673    235  2.00
      673    317  3.00
      673    340  4.00
      673    774  3.00
      674     26  4.00
      674    135  1.00
      674    283  2.00
      674    363  1.00
      674    416  4.00
      674    498  4.00
      674    694  4.00
      675     46  2.00
      675    664  2.00
      676     72  5.00
      676    334  5.00
      676    516  5.00
      676    666  2.00
      676    813  5.00
      677    228  3.00
      677    319  3.00
      677    400  3.00
      677    806  3.00
      679     21  6.00
      679    630  6.00
      679    685  5.00
      680    280  5.00
      680    396  5.00
      682     76  1.00
      682    274  5.00
      682    355  6.00
      682    374  1.00
      682    524  4.00
      682    767  1.00
      684    215  2.00
      684    779  1.00
      685    679  5.00
      688     42  1.00
      688    218  3.00
      688    301  3.00
      688    367  1.00
      688    472  5.00
      688    798  4.00
      688    809  1.00
      689     84  4.00
      689    300  4.00
      689    384  2.00
      689    443  2.00
      689    544  3.00
      689    634  4.00
      689    637  6.00
      689    785  3.00
      689    805  2.00
      690     85  5.00
      690    252  6.00
      690    280  1.00
      690    362  2.00
      690    401  2.00
      690    763  2.00
      691    371  3.00
      691    662  4.00
      692     95  4.00
      692    136  4.00
      692    281  4.00
      692    353  1.00
      692    357  2.00
      693     81  5.00
      693    202  1.00
      693    369  4.00
      693    549  3.00
      693    552  1.00
      693    579  6.00
      693    614  2.00
      693    618  1.00
      693    786  2.00
      695    151  4.00
      695    193  4.00
      695    317  3.00
      695    340  3.00
      695    774  3.00
      696     62  1.00
      696     92  5.00
      696     99  1.00
      696    476  2.00
      696    574  1.00
      696    663  6.00
      696    666  3.00
      697     32  2.00
      697    214  2.00
      697    371  3.00
      697    451  4.00
      697    470  2.00
      697    572  2.00
      697    778  3.00
      697    821  2.00
      698    214  5.00
      699     25  4.00
      699    764  6.00
      700     51  1.00
      700    433  1.00
      700    548  4.00
      700    739  2.00
      701    707  4.00
      702    420  5.00
      702    759  3.00
      703     81  3.00
      703    314  3.00
      703    320  4.00
      703    693  5.00
      704    498  3.00
      705    168  2.00
      705    547  2.00
      705    728  2.00
      707    129  6.00
      707    208  3.00
      707    251  3.00
      707    301  4.00
      707    704  5.00
      708    294  1.00
      708    315  5.00
      708    337  1.00
      708    342  3.00
      708    700  5.00
      710    172  4.00
      710    406  4.00
      710    757  5.00
      711     61  5.00
      711     81  3.00
      711    270  6.00
      711    295  3.00
      711    372  5.00
      711    379  1.00
      711    499  5.00
      711    673  2.00
      711    801  2.00
      712     24  4.00
      712    135  4.00
      712    203  4.00
      712    453  5.00
      713     60  4.00
      713    212  6.00
      713    317  1.00
      713    334  4.00
      713    449  6.00
      713    461  4.00
      713    520  6.00
      713    614  3.00
      713    735  5.00
      714    258  3.00
      714    301  3.00
      715    198  5.00
      715    279  4.00
      715    383  3.00
      715    481  3.00
      715    542  6.00
      715    564  2.00
      715    749  3.00
      715    755  1.00
      715    760  5.00
      716     30  5.00
      716     31  2.00
      716     38  5.00
      716     49  5.00
      716    126  5.00
      716    365  4.00
      716    485  3.00
      716    578  4.00
      717    325  4.00
      717    418  4.00
      717    484  3.00
      717    515  1.00
      717    626  4.00
      718     31  6.00
      718     38  3.00
      718    146  6.00
      718    457  6.00
      718    722  6.00
      720    229  5.00
      720    771  4.00
      722     31  1.00
      722     38  3.00
      722     79  6.00
      722    388  3.00
      722    604  4.00
      722    718  3.00
      724    174  4.00
      724    394  4.00
      725    597  6.00
      726    237  4.00
      726    825  5.00
      727    114  5.00
      727    130  3.00
      727    228  2.00
      727    559  5.00
      727    564  4.00
      727    597  5.00
      727    791  5.00
      728    291  1.00
      728    379  2.00
      728    402  2.00
      728    566  2.00
      728    705  5.00
      728    781  3.00
      728    816  1.00
      729    244  6.00
      729    302  5.00
      729    627  5.00
      731    150  5.00
      731    251  5.00
      731    290  2.00
      731    616  3.00
      731    621  4.00
      733     67  2.00
      733    379  5.00
      733    411  5.00
      733    475  3.00
      733    529  4.00
      735    461  4.00
      735    520  6.00
      735    614  5.00
      735    713  6.00
      736    130  2.00
      736    220  3.00
      736    242  2.00
      736    528  2.00
      736    693  1.00
      737     69  6.00
      737    741  5.00
      739      5  6.00
      739    124  6.00
      739    149  2.00
      739    234  6.00
      739    572  3.00
      739    721  5.00
      740      5  2.00
      740      8  2.00
      740    298  1.00
      740    478  2.00
      740    602  2.00
      740    672  2.00
      742    180  4.00
      742    191  1.00
      742    420  4.00
      742    702  4.00
      743      3  2.00
      744    145  1.00
      744    175  2.00
      744    274  3.00
      744    354  3.00
      745     25  2.00
      745     55  3.00
      745    111  3.00
      746     25  3.00
      746    511  6.00
      746    561  4.00
      746    581  4.00
      746    597  3.00
      746    602  4.00
      746    745  4.00
      746    797  5.00
      748     27  5.00
      748     99  5.00
      748    107  5.00
      748    271  6.00
      748    431  5.00
      748    556  5.00
      749    279  3.00
      749    715  2.00
      750    361  4.00
      750    390  4.00
      750    514  2.00
      750    659  3.00
      751     86  5.00
      751    233  5.00
      751    269  3.00
      751    275  4.00
      751    364  5.00
      751    532  3.00
      751    545  5.00
      751    630  4.00
      751    774  2.00
      752      9  4.00
      752     13  3.00
      752    285  2.00
      752    488  3.00
      752    597  3.00
      753    274  4.00
      753    509  2.00
      753    662  5.00
      755     74  6.00
      755    101  2.00
      755    119  5.00
      755    179  5.00
      755    243  4.00
      755    787  4.00
      755    799  4.00
      756    238  5.00
      756    487  4.00
      756    526  4.00
      757    172  3.00
      757    406  5.00
      757    537  3.00
      757    710  6.00
      758    204  5.00
      758    218  5.00
      759     63  3.00
      759    702  3.00
      760    279  4.00
      760    542  5.00
      760    687  5.00
      760    715  4.00
      762     83  4.00
      762    202  2.00
      762    272  1.00
      762    353  2.00
      762    457  5.00
      762    478  4.00
      762    485  3.00
      762    597  4.00
      763     46  6.00
      763     85  2.00
      763    216  2.00
      763    293  6.00
      763    310  6.00
      763    356  4.00
      763    389  6.00
      763    433  3.00
      763    558  6.00
      763    739  3.00
      764     90  6.00
      764    188  6.00
      764    468  5.00
      764    699  5.00
      764    757  6.00
      767     76  5.00
      767    219  3.00
      767    338  4.00
      767    451  4.00
      767    697  4.00
      767    821  2.00
      768    132  6.00
      768    226  4.00
      768    557  6.00
      770    436  3.00
      770    445  3.00
      771    598  5.00
      771    720  4.00
      771    766  4.00
      772    179  3.00
      772    344  5.00
      772    351  6.00
      772    490  6.00
      772    530  6.00
      772    792  5.00
      773    232  5.00
      774    106  6.00
      774    140  6.00
      774    317  5.00
      774    335  5.00
      774    673  6.00
      775      6  4.00
      776    329  1.00
      776    444  1.00
      776    461  5.00
      776    597  5.00
      776    725  3.00
      776    727  4.00
      777    220  4.00
      777    246  5.00
      777    277  3.00
      777    353  5.00
      777    511  2.00
      777    534  4.00
      777    597  5.00
      777    736  3.00
      778    358  2.00
      778    374  2.00
      778    565  3.00
      778    697  1.00
      779    150  2.00
      779    211  1.00
      779    215  4.00
      779    371  3.00
      779    438  3.00
      779    453  4.00
      779    767  1.00
      779    810  3.00
      779    821  2.00
      780    109  5.00
      780    153  5.00
      780    574  5.00
      781     69  3.00
      781     78  3.00
      781    499  3.00
      781    593  6.00
      783    298  4.00
      784    148  2.00
      784    322  4.00
      784    578  2.00
      784    580  3.00
      784    629  3.00
      784    670  6.00
      786    228  4.00
      786    369  5.00
      786    458  2.00
      786    693  5.00
      786    824  5.00
      787     74  4.00
      787     93  4.00
      787    348  5.00
      787    572  6.00
      787    739  3.00
      787    799  5.00
      788    187  2.00
      788    480  3.00
      791    122  5.00
      791    471  6.00
      793    342  5.00
      793    415  5.00
      794    271  1.00
      794    452  3.00
      794    800  4.00
      795    332  5.00
      795    399  5.00
      796    412  5.00
      797    602  3.00
      797    746  5.00
      797    781  2.00
      797    814  3.00
      798     42  5.00
      798    110  5.00
      798    174  6.00
      798    332  6.00
      798    352  6.00
      798    472  6.00
      798    592  6.00
      798    795  5.00
      799     27  1.00
      799     29  1.00
      799     48  1.00
      799     62  2.00
      799     74  4.00
      799    348  4.00
      799    414  2.00
      799    755  3.00
      799    787  4.00
      800    606  5.00
      801      5  2.00
      801    106  2.00
      801    168  5.00
      801    499  5.00
      801    560  6.00
      801    701  6.00
      804    406  3.00
      804    525  3.00
      804    551  6.00
      804    811  3.00
      805    551  3.00
      805    804  3.00
      806     95  2.00
      806    100  4.00
      806    128  5.00
      806    164  6.00
      806    186  5.00
      806    212  2.00
      806    228  5.00
      806    441  2.00
      806    677  4.00
      806    713  1.00
      807     76  1.00
      807    219  1.00
      807    231  1.00
      807    274  1.00
      807    588  1.00
      807    821  1.00
      808    155  1.00
      808    170  2.00
      808    185  3.00
      808    294  3.00
      808    483  5.00
      808    551  4.00
      808    595  4.00
      808    650  3.00
      808    655  2.00
      808    667  2.00
      809     28  6.00
      809     59  3.00
      809     62  3.00
      809    513  6.00
      809    680  3.00
      809    787  3.00
      809    825  5.00
      811    464  6.00
      811    525  5.00
      811    667  6.00
      812    368  5.00
      812    433  4.00
      812    809  5.00
      813    168  1.00
      813    184  2.00
      813    329  2.00
      813    579  5.00
      813    608  4.00
      813    639  2.00
      813    676  4.00
      813    772  1.00
      815    289  2.00
      815    584  2.00
      816     61  5.00
      816     67  3.00
      816    131  6.00
      816    143  3.00
      816    372  3.00
      816    390  5.00
      816    408  3.00
      816    618  5.00
      817     52  4.00
      817    281  2.00
      817    376  6.00
      817    584  2.00
      817    619  6.00
      817    645  3.00
      817    794  2.00
      817    823  3.00
      818     72  5.00
      818    813  6.00
      821    115  3.00
      821    214  3.00
      821    221  3.00
      821    283  3.00
      822    117  3.00
      822    202  3.00
      822    246  2.00
      822    277  3.00
      822    306  3.00
      822    353  4.00
      822    478  4.00
      822    527  4.00
      822    564  3.00
      822    790  2.00
      823    109  3.00
      823    574  3.00
      823    593  4.00
      823    817  3.00
      824    331  6.00
      824    353  3.00
      824    786  5.00
      825    237  6.00
      825    431  6.00
      825    726  5.00
      826     25  1.00
      826    429  1.00
      826    435  4.00
      826    494  1.00
      826    535  1.00
      826    573  2.00
      826    746  2.00
      827     37  6.00
      827    204  5.00
      827    218  5.00
      827    344  5.00
      827    484  5.00
      827    530  5.00
      827    656  6.00
      827    738  5.00
      828    177  4.00