DL
N=790
FORMAT=EDGELIST1
DATA:
        1    191  3.00
        1    285  4.00
        3     65  6.00
        3    111  6.00
        3    223  1.00
        3    260  1.00
        3    379  6.00
        3    423  3.00
        4     91  2.00
        4    119  4.00
        4    170  3.00
        4    174  1.00
        4    193  2.00
        4    212  4.00
        4    395  1.00
        4    438  2.00
        4    444  3.00
        5    263  2.00
        6    400  2.00
        7    132  3.00
        7    165  3.00
        7    211  5.00
        7    742  5.00
        8     51  3.00
        8    307  1.00
        9    115  5.00
        9    152  4.00
        9    264  2.00
        9    280  1.00
       12     29  1.00
       12    210  1.00
       12    299  2.00
       12    748  2.00
       13     33  2.00
       13    129  2.00
       13    395  2.00
       17     44  3.00
       17    143  1.00
       17    241  1.00
       17    270  1.00
       17    344  1.00
       17    412  4.00
       17    421  2.00
       18     30  4.00
       18    137  4.00
       18    158  4.00
       18    162  1.00
       18    191  2.00
       18    429  4.00
       19    156  1.00
       19    190  2.00
       19    200  2.00
       19    205  1.00
       19    291  2.00
       19    430  3.00
       20    126  3.00
       21     68  1.00
       21    289  2.00
       23    191  5.00
       23    227  2.00
       23    377  6.00
       24      1  2.00
       24    101  2.00
       24    249  3.00
       24    291  3.00
       24    343  6.00
       25      1  1.00
       25    100  3.00
       25    190  1.00
       25    342  1.00
       25    343  3.00
       26     18  3.00
       26    137  2.00
       26    184  2.00
       26    441  3.00
       29     12  1.00
       29    127  1.00
       29    196  1.00
       29    210  1.00
       29    219  1.00
       29    248  1.00
       29    299  3.00
       29    322  1.00
       29    440  1.00
       30    149  4.00
       30    190  4.00
       30    307  3.00
       30    379  2.00
       30    394  1.00
       31    207  6.00
       37    148  1.00
       37    370  1.00
       37    387  6.00
       39    128  1.00
       39    210  2.00
       39    278  1.00
       39    396  1.00
       39    404  1.00
       41    138  2.00
       41    427  2.00
       44     17  1.00
       44     69  1.00
       44    307  6.00
       44    344  4.00
       47     12  1.00
       47    125  1.00
       47    142  2.00
       47    367  1.00
       47    425  2.00
       47    432  1.00
       48    103  5.00
       48    186  6.00
       48    287  1.00
       49     20  2.00
       49     69  2.00
       49     91  2.00
       49     94  3.00
       49    105  1.00
       49    139  3.00
       49    200  3.00
       49    212  1.00
       49    415  3.00
       51     67  1.00
       52    213  4.00
       52    383  5.00
       53    157  1.00
       53    340  1.00
       55    188  1.00
       55    226  1.00
       55    560  4.00
       56    141  4.00
       56    339  3.00
       58    285  3.00
       58    318  2.00
       61     56  1.00
       61     71  1.00
       61    268  2.00
       61    269  1.00
       61    358  1.00
       63     62  1.00
       63    278  2.00
       67     90  2.00
       67    158  2.00
       67    234  2.00
       67    303  2.00
       67    394  2.00
       67    441  2.00
       67    445  1.00
       68     26  6.00
       68    364  1.00
       69     44  3.00
       69    170  3.00
       69    344  3.00
       70    240  1.00
       70    278  2.00
       70    402  2.00
       70    404  2.00
       71     27  4.00
       71     56  6.00
       71    215  5.00
       71    249  4.00
       71    268  3.00
       72    185  3.00
       72    253  4.00
       73    139  1.00
       73    298  1.00
       73    351  2.00
       76    234  1.00
       76    313  1.00
       76    383  1.00
       78     73  1.00
       78    105  2.00
       78    380  1.00
       79    102  1.00
       79    157  1.00
       80     22  2.00
       80    174  2.00
       80    254  2.00
       81    274  2.00
       83    282  1.00
       84    356  5.00
       86    515  3.00
       87     38  4.00
       87    179  2.00
       87    212  3.00
       87    284  4.00
       89    224  1.00
       89    266  1.00
       89    317  1.00
       89    359  1.00
       91     69  1.00
       91    170  1.00
       91    414  1.00
       91    423  4.00
       93     99  5.00
       94     49  3.00
       95      7  3.00
       95    165  6.00
       98    117  3.00
       98    321  3.00
       98    377  5.00
      101     24  2.00
      101    130  6.00
      101    291  1.00
      101    339  5.00
      101    430  2.00
      101    433  6.00
      102    705  6.00
      103     10  1.00
      103     48  3.00
      105    292  1.00
      105    351  2.00
      110     29  3.00
      110    147  3.00
      110    268  4.00
      110    358  5.00
      112    114  1.00
      112    254  4.00
      112    268  3.00
      114    269  5.00
      114    358  2.00
      115      9  1.00
      115     99  1.00
      115    280  1.00
      117     82  2.00
      117     98  1.00
      119      4  6.00
      119    170  3.00
      120     48  3.00
      120    426  3.00
      121      1  5.00
      121    191  3.00
      121    285  3.00
      122    196  1.00
      122    236  1.00
      122    240  1.00
      122    393  1.00
      123     69  1.00
      123    158  3.00
      123    213  1.00
      123    277  1.00
      123    297  2.00
      123    309  3.00
      123    363  2.00
      123    394  1.00
      125     44  3.00
      125    270  5.00
      125    290  3.00
      125    361  4.00
      125    385  3.00
      127     29  1.00
      127    112  1.00
      127    196  2.00
      127    236  1.00
      127    248  4.00
      127    396  1.00
      129     13  2.00
      129     18  2.00
      129    289  2.00
      129    353  1.00
      129    356  1.00
      129    383  2.00
      130     27  3.00
      130    101  6.00
      130    291  1.00
      130    339  6.00
      130    428  1.00
      130    430  5.00
      131     55  2.00
      131     99  2.00
      131    207  5.00
      131    350  2.00
      132     50  4.00
      132    211  2.00
      132    433  2.00
      133    111  3.00
      133    221  3.00
      133    324  2.00
      133    377  5.00
      133    432  2.00
      134    154  1.00
      134    158  1.00
      134    312  1.00
      134    316  1.00
      134    372  1.00
      134    431  1.00
      137     18  3.00
      137     26  6.00
      137    158  2.00
      137    191  1.00
      137    394  2.00
      137    429  2.00
      140    103  1.00
      140    228  1.00
      140    354  1.00
      141    430  5.00
      143     17  3.00
      143     44  2.00
      143    199  2.00
      143    412  2.00
      146     25  1.00
      146    190  1.00
      147    110  2.00
      149     30  5.00
      149    190  5.00
      154    416  2.00
      157     51  4.00
      157    340  4.00
      158     18  4.00
      158     72  3.00
      158    154  2.00
      158    162  2.00
      158    178  3.00
      158    312  3.00
      158    416  1.00
      158    431  5.00
      159    289  2.00
      159    621  5.00
      165      7  3.00
      165     95  6.00
      166    112  3.00
      166    114  1.00
      166    341  2.00
      169    210  2.00
      169    269  1.00
      169    306  6.00
      169    310  6.00
      170      4  1.00
      170     91  2.00
      171    367  1.00
      178    158  3.00
      178    312  1.00
      178    431  2.00
      179    194  3.00
      180     40  2.00
      180    284  2.00
      180    320  2.00
      180    368  1.00
      180    391  3.00
      180    423  2.00
      181    239  4.00
      181    253  4.00
      183    232  6.00
      183    240  2.00
      183    272  1.00
      183    547  1.00
      186     48  6.00
      186    103  3.00
      187     82  2.00
      188     55  1.00
      188     99  2.00
      188    373  2.00
      188    637  1.00
      188    692  1.00
      189    226  5.00
      189    240  3.00
      189    342  3.00
      190     22  2.00
      190     25  1.00
      190     30  5.00
      190    149  5.00
      190    307  5.00
      190    409  2.00
      192     66  2.00
      192    302  1.00
      194    179  3.00
      194    297  1.00
      194    384  2.00
      195     48  1.00
      195    441  4.00
      196     29  2.00
      196    127  4.00
      196    219  6.00
      196    236  4.00
      196    248  5.00
      196    322  2.00
      196    341  1.00
      196    440  4.00
      199     17  3.00
      199    224  1.00
      199    234  2.00
      199    307  1.00
      199    356  4.00
      199    394  2.00
      199    412  3.00
      200     49  3.00
      200    112  3.00
      200    212  3.00
      200    268  3.00
      200    307  2.00
      201    181  1.00
      201    392  2.00
      202     86  2.00
      202    259  2.00
      202    400  2.00
      202    424  2.00
      203     76  1.00
      203    120  1.00
      203    141  2.00
      203    195  2.00
      203    269  2.00
      207     31  1.00
      207     99  1.00
      207    131  1.00
      210     12  1.00
      210    150  2.00
      210    169  1.00
      210    272  2.00
      210    306  5.00
      210    310  3.00
      210    529  1.00
      211      7  4.00
      211    132  2.00
      211    358  1.00
      211    445  2.00
      212      4  3.00
      212    200  3.00
      212    291  3.00
      212    307  3.00
      212    380  1.00
      212    444  3.00
      213     52  3.00
      213    123  3.00
      213    344  4.00
      215     27  2.00
      215     71  5.00
      215    130  1.00
      215    291  3.00
      215    428  2.00
      215    430  4.00
      218     61  6.00
      218    365  1.00
      219    196  6.00
      219    332  3.00
      219    440  3.00
      220     62  1.00
      221    133  3.00
      221    224  2.00
      221    251  2.00
      221    344  4.00
      221    368  2.00
      221    423  1.00
      221    432  2.00
      222     55  1.00
      222    205  1.00
      222    291  2.00
      222    428  1.00
      223    222  1.00
      223    319  1.00
      223    405  3.00
      224    221  4.00
      224    266  2.00
      224    285  3.00
      224    290  2.00
      224    344  3.00
      226     50  2.00
      226    131  1.00
      226    189  5.00
      226    387  1.00
      227     23  1.00
      227     81  1.00
      227    142  1.00
      227    209  6.00
      227    270  1.00
      230    240  1.00
      232    183  5.00
      232    629  5.00
      234    245  4.00
      234    331  2.00
      234    441  3.00
      235      5  2.00
      240    183  2.00
      240    230  6.00
      240    259  6.00
      240    310  2.00
      240    402  2.00
      241    270  4.00
      241    439  3.00
      245     75  1.00
      245    234  5.00
      245    403  3.00
      247      8  2.00
      247     13  1.00
      247    263  1.00
      247    747  1.00
      248     29  1.00
      248    127  4.00
      248    196  4.00
      248    210  1.00
      248    234  2.00
      248    236  1.00
      248    341  1.00
      248    358  2.00
      248    396  2.00
      251    230  3.00
      251    373  4.00
      254     25  2.00
      254     56  3.00
      254    112  6.00
      254    212  2.00
      255     89  1.00
      255    184  3.00
      255    421  4.00
      256    183  3.00
      256    210  1.00
      256    272  6.00
      256    311  4.00
      256    703  5.00
      257    135  4.00
      257    341  5.00
      257    393  6.00
      257    433  3.00
      259    240  3.00
      261    227  2.00
      261    378  3.00
      261    415  3.00
      263      5  2.00
      263    205  1.00
      263    354  1.00
      263    369  1.00
      263    407  2.00
      264      9  4.00
      264    263  3.00
      265      5  4.00
      265     51  2.00
      265     53  2.00
      267    286  1.00
      268    110  5.00
      268    112  3.00
      268    114  5.00
      268    200  3.00
      268    287  3.00
      269     27  6.00
      269     29  5.00
      269    114  4.00
      269    203  3.00
      270     44  2.00
      270    213  2.00
      270    241  3.00
      270    307  6.00
      270    394  2.00
      270    439  3.00
      271     45  3.00
      271     72  1.00
      271    133  5.00
      271    296  4.00
      272     29  1.00
      272    210  1.00
      272    246  1.00
      272    256  5.00
      272    278  1.00
      272    299  1.00
      272    396  1.00
      278     39  3.00
      278     63  3.00
      278    186  3.00
      278    404  3.00
      279    170  4.00
      280      6  6.00
      280      9  5.00
      280     95  3.00
      280    115  5.00
      280    144  6.00
      280    165  3.00
      280    404  2.00
      280    426  6.00
      281    146  1.00
      281    325  1.00
      281    417  6.00
      287    268  2.00
      287    365  1.00
      287    390  4.00
      288     81  1.00
      290    313  4.00
      293    192  4.00
      294    424  2.00
      296     44  6.00
      296     69  1.00
      296    143  1.00
      296    207  1.00
      296    316  1.00
      296    321  1.00
      296    374  1.00
      300    368  5.00
      301    268  2.00
      301    421  3.00
      302     23  1.00
      302     29  1.00
      302    220  1.00
      302    227  1.00
      302    329  1.00
      302    341  1.00
      302    355  1.00
      302    376  1.00
      303     26  1.00
      303    107  1.00
      303    371  1.00
      306    210  6.00
      307     44  5.00
      307    190  2.00
      307    200  1.00
      307    212  1.00
      307    270  4.00
      307    321  3.00
      307    344  1.00
      307    377  2.00
      307    439  2.00
      308     91  1.00
      308     94  1.00
      308    193  1.00
      308    309  1.00
      308    415  1.00
      309    123  3.00
      309    363  5.00
      309    415  3.00
      310    169  4.00
      310    210  3.00
      311    227  2.00
      311    256  3.00
      312    158  5.00
      312    316  6.00
      312    421  6.00
      312    431  5.00
      313    290  6.00
      316    416  3.00
      316    431  3.00
      316    432  3.00
      317    335  3.00
      317    337  3.00
      318     58  2.00
      319     72  1.00
      319    154  4.00
      319    185  1.00
      319    394  1.00
      319    405  2.00
      319    432  2.00
      321     17  1.00
      321     44  1.00
      321     69  1.00
      321    307  5.00
      321    394  1.00
      321    412  1.00
      323    421  1.00
      323    425  1.00
      323    599  3.00
      326     18  2.00
      326     38  2.00
      326     67  1.00
      326    153  1.00
      326    234  1.00
      326    245  1.00
      326    384  2.00
      326    421  2.00
      326    441  3.00
      330    324  1.00
      331    234  1.00
      331    245  1.00
      337    100  1.00
      338     68  2.00
      338    163  1.00
      338    353  3.00
      339    130  6.00
      339    141  4.00
      339    215  1.00
      339    255  1.00
      340     53  1.00
      340    157  6.00
      340    380  1.00
      340    422  1.00
      341    135  6.00
      341    196  1.00
      341    257  5.00
      341    325  3.00
      341    393  3.00
      341    440  6.00
      342    417  6.00
      343      1  3.00
      343     24  6.00
      343     25  2.00
      343    351  1.00
      347     40  3.00
      347    501  3.00
      348     58  1.00
      349      4  1.00
      349     17  1.00
      349    174  1.00
      349    307  1.00
      350     96  2.00
      350     99  3.00
      350    131  2.00
      350    188  2.00
      350    264  2.00
      351    121  2.00
      354     37  1.00
      354    170  1.00
      354    358  1.00
      354    411  1.00
      355     23  2.00
      355     72  2.00
      355    180  2.00
      355    227  2.00
      355    302  2.00
      355    398  1.00
      356     38  1.00
      356     84  5.00
      356    379  1.00
      356    395  3.00
      356    401  1.00
      356    414  5.00
      358     64  5.00
      358    110  6.00
      359     75  1.00
      359    198  5.00
      359    308  2.00
      359    436  3.00
      360     75  1.00
      360    439  2.00
      363    123  1.00
      363    187  6.00
      363    297  5.00
      363    309  5.00
      364    108  4.00
      365    390  5.00
      366     39  1.00
      366    252  1.00
      366    332  1.00
      366    417  2.00
      366    424  1.00
      367    171  1.00
      368     62  1.00
      368     72  1.00
      368    150  1.00
      368    258  1.00
      368    271  1.00
      368    372  1.00
      369     96  1.00
      371    170  1.00
      371    212  1.00
      371    216  1.00
      371    295  1.00
      371    303  1.00
      371    426  1.00
      373    145  1.00
      373    188  2.00
      373    230  1.00
      373    322  1.00
      374    325  4.00
      377     98  3.00
      377    330  2.00
      378     42  1.00
      378    163  1.00
      378    191  1.00
      378    289  1.00
      379      3  3.00
      382    277  6.00
      385    361  4.00
      386    316  1.00
      386    416  6.00
      387     37  5.00
      388    137  1.00
      388    154  1.00
      388    289  1.00
      388    374  1.00
      388    401  1.00
      388    443  1.00
      390     10  2.00
      390     48  2.00
      390    103  2.00
      390    287  4.00
      390    365  6.00
      391    175  3.00
      391    180  3.00
      391    202  2.00
      391    221  3.00
      391    231  2.00
      391    329  2.00
      391    397  2.00
      391    406  3.00
      391    423  2.00
      392     58  2.00
      392    201  3.00
      393    257  6.00
      393    341  6.00
      394     69  1.00
      394     91  3.00
      394    121  1.00
      394    137  5.00
      394    270  4.00
      394    307  4.00
      394    429  5.00
      394    439  5.00
      395    285  3.00
      395    292  3.00
      395    401  2.00
      396     29  1.00
      396    127  2.00
      396    196  3.00
      396    210  1.00
      396    234  2.00
      396    236  1.00
      396    248  2.00
      396    341  1.00
      396    358  2.00
      397     12  1.00
      397     62  1.00
      397     72  1.00
      397    221  1.00
      397    271  1.00
      397    368  1.00
      398     62  2.00
      398    133  1.00
      398    142  1.00
      398    221  1.00
      398    258  1.00
      398    324  2.00
      401     52  3.00
      401    191  1.00
      401    292  3.00
      401    395  1.00
      402     39  1.00
      402     70  5.00
      402    168  1.00
      402    222  1.00
      403    237  4.00
      404     63  2.00
      404    128  1.00
      405     17  1.00
      405    223  3.00
      405    316  1.00
      405    319  1.00
      406    175  2.00
      406    180  2.00
      406    221  2.00
      406    391  2.00
      407    166  2.00
      410    100  1.00
      410    239  4.00
      410    270  2.00
      412     17  4.00
      412     44  2.00
      412    143  1.00
      412    224  1.00
      412    270  3.00
      412    307  1.00
      412    344  1.00
      412    353  2.00
      412    444  1.00
      413    114  1.00
      413    164  2.00
      413    228  1.00
      413    316  1.00
      413    367  1.00
      413    401  1.00
      414     69  2.00
      414     91  2.00
      414    270  1.00
      414    356  5.00
      414    395  2.00
      415     49  3.00
      415     52  2.00
      415    309  3.00
      417    281  6.00
      417    342  1.00
      423     91  1.00
      423    180  1.00
      424    294  3.00
      424    434  5.00
      428     24  3.00
      428     32  2.00
      428    127  3.00
      428    215  4.00
      428    291  3.00
      428    295  3.00
      428    343  2.00
      429     18  3.00
      429    137  3.00
      429    394  2.00
      430     27  2.00
      430     57  2.00
      430    130  5.00
      430    215  4.00
      430    291  2.00
      430    433  4.00
      431    154  1.00
      431    158  4.00
      431    178  1.00
      431    312  3.00
      433    101  1.00
      433    130  5.00
      433    141  1.00
      433    339  1.00
      433    430  5.00
      434    222  2.00
      434    226  2.00
      434    342  2.00
      434    424  5.00
      434    446  5.00
      435     26  1.00
      435    401  1.00
      439    270  3.00
      439    307  3.00
      439    394  3.00
      439    442  4.00
      440     29  1.00
      440    196  1.00
      440    257  5.00
      440    310  1.00
      440    325  1.00
      440    341  1.00
      441     26  3.00
      441     38  4.00
      441    234  3.00
      441    245  2.00
      441    326  1.00
      441    394  3.00
      443    361  1.00
      444    212  2.00
      444    260  2.00
      444    380  1.00
      445     19  2.00
      445    114  2.00
      445    211  2.00
      446    434  6.00
      447    477  1.00
      447    519  2.00
      447    591  1.00
      447    607  4.00
      447    638  1.00
      447    717  1.00
      447    750  1.00
      448    549  1.00
      448    594  1.00
      448    627  1.00
      448    646  1.00
      448    751  1.00
      448    780  1.00
      450    479  2.00
      450    498  2.00
      450    537  2.00
      450    553  1.00
      450    671  1.00
      450    675  1.00
      452    467  3.00
      452    696  5.00
      453    150  6.00
      453    525  1.00
      453    582  1.00
      453    594  1.00
      453    657  3.00
      453    679  1.00
      453    730  3.00
      453    740  3.00
      455    518  6.00
      455    521  2.00
      455    695  1.00
      456    454  2.00
      456    462  1.00
      456    463  2.00
      456    501  1.00
      456    613  1.00
      457    488  1.00
      457    535  1.00
      457    547  1.00
      457    585  1.00
      459    264  3.00
      459    533  3.00
      459    728  3.00
      459    747  1.00
      462    621  1.00
      464    571  2.00
      464    572  2.00
      464    724  2.00
      464    726  2.00
      464    755  2.00
      466    460  6.00
      466    479  1.00
      466    496  3.00
      468    451  1.00
      468    510  1.00
      468    521  1.00
      468    557  3.00
      468    718  1.00
      471    546  1.00
      471    587  4.00
      471    607  1.00
      471    679  1.00
      471    703  2.00
      471    719  2.00
      473    663  3.00
      474    609  1.00
      474    719  1.00
      475    453  1.00
      475    657  1.00
      475    687  1.00
      476    518  1.00
      476    547  1.00
      476    629  1.00
      476    773  3.00
      476    780  1.00
      477    473  1.00
      477    545  1.00
      477    679  1.00
      477    717  1.00
      478    511  1.00
      478    681  1.00
      478    722  1.00
      478    723  1.00
      478    780  2.00
      480    492  2.00
      480    519  3.00
      480    669  1.00
      480    693  2.00
      481    488  4.00
      481    729  1.00
      482    467  1.00
      482    575  1.00
      482    591  1.00
      482    603  1.00
      484    606  4.00
      484    713  1.00
      484    745  1.00
      485    448  1.00
      485    524  1.00
      485    548  6.00
      485    554  1.00
      485    662  6.00
      485    780  1.00
      486    455  2.00
      486    593  2.00
      486    657  3.00
      486    673  6.00
      486    738  6.00
      486    741  1.00
      486    751  1.00
      488    707  1.00
      488    747  4.00
      489    533  1.00
      492    480  1.00
      492    520  1.00
      492    654  1.00
      492    786  2.00
      493    483  3.00
      493    582  3.00
      493    632  3.00
      493    695  3.00
      494     44  2.00
      494    476  1.00
      494    518  1.00
      494    591  2.00
      494    693  2.00
      495    498  1.00
      495    633  1.00
      496    466  1.00
      496    497  1.00
      496    637  1.00
      496    642  1.00
      497    514  5.00
      497    540  2.00
      497    661  2.00
      497    670  2.00
      497    711  2.00
      497    715  3.00
      498    597  2.00
      498    656  2.00
      499    449  2.00
      499    618  1.00
      499    789  5.00
      501    463  3.00
      501    488  2.00
      501    496  3.00
      501    537  3.00
      501    651  3.00
      501    689  3.00
      501    696  2.00
      501    725  3.00
      505    549  2.00
      505    582  1.00
      505    591  1.00
      505    593  1.00
      505    674  2.00
      505    730  2.00
      506    730  1.00
      507    666  1.00
      507    743  1.00
      507    765  1.00
      509    183  2.00
      509    478  1.00
      509    485  1.00
      509    519  1.00
      509    524  1.00
      509    547  2.00
      509    632  4.00
      509    712  1.00
      509    717  1.00
      511    531  1.00
      511    554  1.00
      511    655  1.00
      511    695  1.00
      511    703  1.00
      511    780  2.00
      513    529  3.00
      513    592  3.00
      513    662  1.00
      513    735  3.00
      514    448  1.00
      514    497  1.00
      514    505  1.00
      514    593  1.00
      515    473  2.00
      515    497  3.00
      515    528  3.00
      515    663  2.00
      515    669  2.00
      515    690  2.00
      515    749  3.00
      515    760  4.00
      515    782  3.00
      515    786  5.00
      516    476  1.00
      516    541  1.00
      516    543  1.00
      516    589  1.00
      516    602  1.00
      516    758  1.00
      519    447  1.00
      519    477  1.00
      519    524  1.00
      519    638  1.00
      519    712  1.00
      519    717  1.00
      519    723  1.00
      520    492  1.00
      520    531  1.00
      520    583  1.00
      522    542  1.00
      522    699  2.00
      523    449  2.00
      523    587  1.00
      523    655  1.00
      524    485  1.00
      524    538  1.00
      524    554  1.00
      524    710  1.00
      524    732  1.00
      524    780  1.00
      525    431  5.00
      525    432  5.00
      525    453  1.00
      525    657  2.00
      526    576  2.00
      526    654  1.00
      527    463  2.00
      527    501  2.00
      527    659  2.00
      527    725  1.00
      527    757  2.00
      528    448  1.00
      528    593  1.00
      528    607  1.00
      528    703  2.00
      528    719  3.00
      528    749  4.00
      531    520  1.00
      531    591  1.00
      531    599  1.00
      531    680  1.00
      532    569  1.00
      532    574  1.00
      533    459  2.00
      533    488  1.00
      533    581  4.00
      533    615  1.00
      533    630  1.00
      533    662  2.00
      533    733  3.00
      533    747  1.00
      533    789  1.00
      534    489  1.00
      534    537  1.00
      534    565  1.00
      534    761  1.00
      535    457  3.00
      535    476  1.00
      535    593  1.00
      535    702  2.00
      535    767  3.00
      536    463  1.00
      536    513  1.00
      536    529  1.00
      536    733  1.00
      536    753  1.00
      536    755  1.00
      537    463  2.00
      537    569  2.00
      537    604  4.00
      537    618  3.00
      537    662  4.00
      538     57  1.00
      538    446  3.00
      538    554  2.00
      538    728  1.00
      538    732  1.00
      539    644  2.00
      539    703  1.00
      540    460  1.00
      540    476  2.00
      540    497  2.00
      540    511  1.00
      540    587  6.00
      540    594  1.00
      540    681  2.00
      540    715  2.00
      540    730  2.00
      540    790  2.00
      544    579  2.00
      544    586  1.00
      544    655  1.00
      545    638  2.00
      546    471  2.00
      546    524  2.00
      546    588  4.00
      546    636  6.00
      546    776  3.00
      547    476  1.00
      547    629  1.00
      547    728  1.00
      548    488  3.00
      548    533  2.00
      548    537  4.00
      548    604  3.00
      548    615  1.00
      548    645  3.00
      548    662  6.00
      548    747  2.00
      548    789  2.00
      549    657  1.00
      549    674  2.00
      549    739  1.00
      549    751  1.00
      549    771  1.00
      550     86  2.00
      550    515  3.00
      550    557  1.00
      550    586  1.00
      550    768  1.00
      551    481  1.00
      551    581  1.00
      551    652  6.00
      551    677  3.00
      551    692  2.00
      551    713  1.00
      552    539  1.00
      552    549  1.00
      552    644  1.00
      552    646  2.00
      552    667  1.00
      552    679  1.00
      552    712  1.00
      552    718  3.00
      552    741  1.00
      554    586  1.00
      554    607  3.00
      554    638  4.00
      554    655  1.00
      554    681  1.00
      554    717  1.00
      554    732  1.00
      554    780  1.00
      555    508  1.00
      555    532  1.00
      555    541  1.00
      555    543  1.00
      555    616  1.00
      555    626  1.00
      555    707  5.00
      556    508  1.00
      556    571  1.00
      556    626  1.00
      556    637  1.00
      556    705  1.00
      556    720  1.00
      556    727  1.00
      557    468  1.00
      557    550  1.00
      557    591  1.00
      557    690  1.00
      559    460  1.00
      559    476  1.00
      559    511  1.00
      559    512  3.00
      559    679  1.00
      559    724  1.00
      559    775  4.00
      563    460  2.00
      563    703  2.00
      563    742  2.00
      563    769  3.00
      564    448  1.00
      568    526  1.00
      568    579  1.00
      568    609  1.00
      568    628  1.00
      568    655  1.00
      568    786  2.00
      569    735  2.00
      569    755  4.00
      570    467  3.00
      570    475  3.00
      570    563  2.00
      570    617  3.00
      570    620  4.00
      570    691  4.00
      570    709  2.00
      571    597  4.00
      571    616  1.00
      571    689  3.00
      571    705  1.00
      571    727  1.00
      571    777  6.00
      572    698  4.00
      575    533  2.00
      575    569  1.00
      575    734  2.00
      576    717  3.00
      579    544  2.00
      579    554  1.00
      579    655  1.00
      579    688  2.00
      580    475  1.00
      580    518  1.00
      580    540  1.00
      580    549  2.00
      580    591  1.00
      580    594  1.00
      580    661  1.00
      580    715  1.00
      580    730  1.00
      583    457  2.00
      583    520  4.00
      583    609  2.00
      583    654  1.00
      583    767  3.00
      584    460  2.00
      584    476  1.00
      584    497  1.00
      584    511  2.00
      584    540  4.00
      584    549  1.00
      584    580  3.00
      584    681  3.00
      585    457  1.00
      585    514  1.00
      585    643  1.00
      585    654  1.00
      585    759  1.00
      586    478  2.00
      586    544  2.00
      586    550  2.00
      586    579  2.00
      586    610  1.00
      586    657  1.00
      586    688  2.00
      586    730  1.00
      587    136  6.00
      587    257  6.00
      587    588  2.00
      587    615  5.00
      587    672  3.00
      588    546  6.00
      589    597  1.00
      589    602  1.00
      589    657  2.00
      589    696  2.00
      589    698  2.00
      593    505  2.00
      593    518  2.00
      593    594  5.00
      593    627  3.00
      593    629  2.00
      593    674  2.00
      593    693  2.00
      593    773  4.00
      594    505  4.00
      594    593  3.00
      594    644  4.00
      594    679  2.00
      594    715  4.00
      594    730  4.00
      594    773  4.00
      596    639  1.00
      596    788  1.00
      598    662  4.00
      599    323  1.00
      599    392  1.00
      599    468  1.00
      599    531  1.00
      599    577  1.00
      600    460  1.00
      600    611  1.00
      601    149  1.00
      601    190  1.00
      603    621  1.00
      604    537  4.00
      604    575  3.00
      604    615  2.00
      604    636  2.00
      604    662  3.00
      604    733  2.00
      604    734  1.00
      606    484  6.00
      606    678  1.00
      606    746  1.00
      607    477  3.00
      607    478  1.00
      607    485  1.00
      607    524  1.00
      607    528  1.00
      607    546  2.00
      607    717  5.00
      607    719  4.00
      607    749  1.00
      607    780  1.00
      608    523  1.00
      608    588  1.00
      608    767  1.00
      608    786  1.00
      609    459  1.00
      609    533  1.00
      609    583  1.00
      609    658  4.00
      609    733  1.00
      609    767  2.00
      610    511  1.00
      610    518  1.00
      610    539  1.00
      610    547  1.00
      610    594  1.00
      610    703  2.00
      610    762  5.00
      610    775  1.00
      610    780  1.00
      611    453  1.00
      611    460  2.00
      611    525  2.00
      611    558  1.00
      611    592  2.00
      611    600  2.00
      611    657  1.00
      611    733  1.00
      613    501  3.00
      613    705  2.00
      615    489  5.00
      615    533  1.00
      615    748  1.00
      615    789  2.00
      618    499  3.00
      618    537  4.00
      618    604  2.00
      618    624  1.00
      618    745  2.00
      618    789  2.00
      621    159  6.00
      622    692  2.00
      622    726  2.00
      622    729  2.00
      624    625  2.00
      624    643  6.00
      624    656  3.00
      625    624  2.00
      625    665  2.00
      625    745  2.00
      625    746  2.00
      625    752  2.00
      625    758  2.00
      625    789  2.00
      626    555  1.00
      626    571  3.00
      626    597  3.00
      626    699  1.00
      626    705  1.00
      626    724  5.00
      626    751  6.00
      627    448  3.00
      627    549  6.00
      627    593  1.00
      627    594  1.00
      627    674  6.00
      627    751  6.00
      627    771  6.00
      631    210  1.00
      631    299  2.00
      631    492  1.00
      631    524  1.00
      631    546  4.00
      632    493  3.00
      632    582  2.00
      632    695  3.00
      633    495  1.00
      633    598  1.00
      635    488  1.00
      635    532  1.00
      635    533  1.00
      635    548  1.00
      635    565  1.00
      635    601  6.00
      635    662  1.00
      636    604  2.00
      636    663  4.00
      637    463  1.00
      637    501  1.00
      637    508  1.00
      637    529  1.00
      637    676  1.00
      639    457  2.00
      639    546  3.00
      639    690  2.00
      639    767  2.00
      640    709  1.00
      641    468  1.00
      641    469  1.00
      641    612  1.00
      641    743  1.00
      643    426  2.00
      643    485  1.00
      644    539  2.00
      645    463  1.00
      645    488  2.00
      645    533  1.00
      645    662  4.00
      645    702  4.00
      645    747  2.00
      645    757  1.00
      646    463  5.00
      647    512  4.00
      647    664  2.00
      647    760  2.00
      647    775  1.00
      648    575  2.00
      648    702  2.00
      649    665  1.00
      650    549  1.00
      650    599  1.00
      650    644  1.00
      650    667  1.00
      650    679  1.00
      650    712  1.00
      650    718  1.00
      650    771  1.00
      653    476  1.00
      653    559  2.00
      653    644  1.00
      653    718  1.00
      653    739  2.00
      653    771  1.00
      653    775  1.00
      654    531  1.00
      655    511  1.00
      655    544  1.00
      655    579  1.00
      655    586  1.00
      655    681  1.00
      658    476  1.00
      658    533  1.00
      658    535  1.00
      658    583  1.00
      658    609  1.00
      658    643  1.00
      658    645  1.00
      658    767  1.00
      662    537  1.00
      662    548  4.00
      662    645  3.00
      662    783  2.00
      663    473  1.00
      663    524  2.00
      663    690  2.00
      665    459  1.00
      665    537  1.00
      665    625  2.00
      665    649  2.00
      665    733  3.00
      665    745  1.00
      665    746  4.00
      665    752  2.00
      665    789  1.00
      669    524  5.00
      670    460  3.00
      670    594  1.00
      670    600  1.00
      670    611  2.00
      670    657  1.00
      670    679  1.00
      670    703  1.00
      670    721  1.00
      672    594  2.00
      672    611  2.00
      672    700  1.00
      672    732  1.00
      674    502  1.00
      674    549  6.00
      674    593  2.00
      674    629  1.00
      674    740  1.00
      674    771  1.00
      674    773  1.00
      675    463  2.00
      675    662  1.00
      675    733  2.00
      676    508  1.00
      676    581  1.00
      676    614  2.00
      678    564  6.00
      678    606  1.00
      679    558  1.00
      679    594  1.00
      679    747  1.00
      679    774  1.00
      681    511  1.00
      681    644  1.00
      681    679  1.00
      681    715  1.00
      681    730  1.00
      682    576  1.00
      682    712  3.00
      682    756  5.00
      683    710  1.00
      684     88  3.00
      684    635  5.00
      685    621  2.00
      685    770  3.00
      687    511  5.00
      687    582  1.00
      687    646  1.00
      687    679  3.00
      687    730  2.00
      687    741  2.00
      689    763  1.00
      690    521  1.00
      690    557  3.00
      690    612  2.00
      690    639  4.00
      690    645  2.00
      690    686  2.00
      690    743  2.00
      692    551  1.00
      692    645  1.00
      692    652  1.00
      692    662  1.00
      692    668  1.00
      692    694  1.00
      692    753  1.00
      693    467  1.00
      693    470  1.00
      693    494  3.00
      693    503  3.00
      693    593  1.00
      694    755  1.00
      695    460  3.00
      695    493  3.00
      695    505  1.00
      695    511  3.00
      695    620  5.00
      695    674  3.00
      702    645  3.00
      702    737  1.00
      703     29  1.00
      703    256  2.00
      703    272  3.00
      703    326  1.00
      703    478  1.00
      703    710  2.00
      704    659  2.00
      704    705  1.00
      704    725  2.00
      705    556  1.00
      705    613  2.00
      705    621  1.00
      705    685  1.00
      707    488  1.00
      707    530  2.00
      707    548  1.00
      707    555  2.00
      707    589  1.00
      707    629  3.00
      707    636  1.00
      707    705  2.00
      707    748  2.00
      709    674  1.00
      710    472  2.00
      710    607  1.00
      710    703  2.00
      710    712  2.00
      710    718  2.00
      711    514  3.00
      711    531  1.00
      711    557  1.00
      711    594  2.00
      711    674  1.00
      711    723  4.00
      711    725  1.00
      712    256  1.00
      712    519  1.00
      712    672  1.00
      712    686  1.00
      713    529  2.00
      713    581  2.00
      713    662  1.00
      713    737  1.00
      714    527  1.00
      715    155  3.00
      715    497  1.00
      715    540  1.00
      715    593  1.00
      715    594  1.00
      715    730  1.00
      715    741  1.00
      716    455  4.00
      716    497  3.00
      716    528  3.00
      716    539  3.00
      716    786  3.00
      719    448  1.00
      719    460  1.00
      719    521  1.00
      719    528  3.00
      719    576  1.00
      719    607  5.00
      719    654  1.00
      719    703  2.00
      719    767  3.00
      720    686  1.00
      720    712  1.00
      720    788  2.00
      723    594  1.00
      723    711  2.00
      724    496  1.00
      724    742  1.00
      725    463  2.00
      725    501  2.00
      725    704  2.00
      725    705  2.00
      726    622  1.00
      726    785  5.00
      727    753  1.00
      727    777  2.00
      728    457  5.00
      728    487  3.00
      728    538  4.00
      728    765  3.00
      729    531  1.00
      730    453  1.00
      730    540  3.00
      730    594  2.00
      730    596  1.00
      730    646  1.00
      730    715  5.00
      730    741  2.00
      730    773  1.00
      732    487  1.00
      732    723  1.00
      732    780  1.00
      733    104  6.00
      733    463  2.00
      733    533  3.00
      733    565  3.00
      733    618  2.00
      735    569  3.00
      735    755  2.00
      737    581  2.00
      737    648  3.00
      737    662  3.00
      737    713  2.00
      737    747  2.00
      739    505  1.00
      739    518  1.00
      739    549  1.00
      739    593  1.00
      739    674  1.00
      739    773  1.00
      740    150  2.00
      740    453  3.00
      740    627  3.00
      740    660  1.00
      740    679  3.00
      740    742  1.00
      741    539  1.00
      741    549  2.00
      741    644  2.00
      741    646  1.00
      741    667  2.00
      741    730  3.00
      741    771  2.00
      743    507  4.00
      745    731  3.00
      745    758  1.00
      745    789  4.00
      746    488  1.00
      746    548  1.00
      746    581  1.00
      746    615  1.00
      746    625  2.00
      746    665  2.00
      746    702  1.00
      746    745  1.00
      746    752  1.00
      747    488  3.00
      748     12  6.00
      748     29  2.00
      748    210  1.00
      748    248  3.00
      748    299  1.00
      748    358  2.00
      748    488  2.00
      748    547  5.00
      748    707  1.00
      749    447  2.00
      749    471  2.00
      749    477  6.00
      749    519  2.00
      749    528  4.00
      749    557  2.00
      749    607  2.00
      749    655  2.00
      750    210  1.00
      750    299  1.00
      750    545  2.00
      750    631  1.00
      750    638  1.00
      751    549  1.00
      751    555  1.00
      751    626  1.00
      751    627  1.00
      751    674  1.00
      751    771  1.00
      752    537  3.00
      752    575  1.00
      752    581  2.00
      752    615  2.00
      752    618  1.00
      752    625  3.00
      752    733  1.00
      752    734  2.00
      752    746  1.00
      752    789  2.00
      754    533  1.00
      754    572  1.00
      754    575  1.00
      754    615  2.00
      754    789  2.00
      755    569  3.00
      755    735  2.00
      756    466  3.00
      756    547  3.00
      756    570  3.00
      756    616  2.00
      756    617  2.00
      756    723  1.00
      756    748  3.00
      757    501  3.00
      757    527  3.00
      757    742  3.00
      759    474  1.00
      759    570  1.00
      759    585  2.00
      759    640  1.00
      759    643  1.00
      760    451  1.00
      760    512  1.00
      760    547  1.00
      760    617  1.00
      760    644  1.00
      760    661  1.00
      760    670  1.00
      760    679  1.00
      760    700  1.00
      762    463  1.00
      762    610  2.00
      762    769  1.00
      762    775  1.00
      765    655  1.00
      765    723  1.00
      765    728  3.00
      765    743  1.00
      767    476  1.00
      767    535  3.00
      767    583  1.00
      767    607  3.00
      767    645  1.00
      767    658  3.00
      767    660  1.00
      767    759  1.00
      768    586  1.00
      769    460  2.00
      769    549  2.00
      769    563  2.00
      769    644  2.00
      769    696  2.00
      769    762  2.00
      770    136  1.00
      770    463  2.00
      770    496  3.00
      770    501  3.00
      770    685  3.00
      770    725  3.00
      771    549  3.00
      771    644  3.00
      774    713  1.00
      775    448  2.00
      775    512  2.00
      775    594  1.00
      775    644  2.00
      775    664  2.00
      775    679  1.00
      775    790  2.00
      776    462  2.00
      776    463  2.00
      776    766  3.00
      777    462  4.00
      777    505  2.00
      777    571  5.00
      777    637  2.00
      777    699  1.00
      777    727  3.00
      779    194  1.00
      780    765  5.00
      783    495  1.00
      783    630  1.00
      783    633  2.00
      783    662  3.00
      785    537  1.00
      785    548  1.00
      785    615  1.00
      785    625  1.00
      785    726  4.00
      786    492  1.00
      786    716  6.00
      786    749  2.00
      787    191  1.00
      787    518  1.00
      787    593  1.00
      787    616  1.00
      787    695  1.00
      787    724  1.00
      787    757  2.00
      788    523  1.00
      788    720  1.00
      788    756  1.00
      789    484  1.00
      789    533  1.00
      789    615  2.00
      789    745  4.00
      790    557  2.00
      790    775  1.00