DL
N=569
FORMAT=EDGELIST1
DATA:
        4     21  1.00
        4     38  1.00
        4     39  2.00
        4     98  2.00
        4    124  1.00
        4    228  2.00
        4    239  6.00
        5      8  1.00
        5     38  3.00
        5     39  2.00
        5     67  4.00
        5     85  1.00
        5    115  1.00
        5    191  1.00
        5    236  5.00
        5    300  4.00
        6     43  2.00
        6     77  1.00
        6    172  4.00
        6    176  4.00
        6    210  6.00
        6    213  1.00
        6    226  1.00
        6    233  1.00
        6    288  1.00
        6    309  1.00
        7     25  3.00
        7    141  4.00
        7    187  3.00
        7    196  6.00
        8      5  1.00
        8     67  3.00
        8     85  3.00
        8    115  1.00
        8    230  5.00
        8    300  3.00
        9     15  2.00
        9    135  1.00
        9    141  5.00
        9    160  1.00
        9    171  1.00
        9    240  2.00
        9    254  1.00
       10     23  1.00
       10     66  1.00
       10    103  1.00
       10    136  1.00
       10    152  3.00
       10    257  5.00
       10    281  2.00
       10    311  1.00
       11    170  4.00
       11    195  2.00
       11    201  2.00
       11    253  2.00
       11    436  2.00
       12     11  1.00
       12     28  2.00
       12    148  3.00
       12    195  3.00
       12    244  3.00
       12    253  4.00
       12    264  2.00
       12    283  5.00
       12    291  2.00
       13     37  5.00
       13     96  1.00
       13    106  1.00
       14     24  5.00
       14     33  5.00
       14    138  5.00
       14    217  3.00
       14    230  2.00
       14    264  2.00
       14    274  2.00
       14    275  2.00
       14    306  3.00
       15      9  2.00
       15     64  4.00
       15    125  5.00
       15    315  1.00
       16    102  1.00
       16    105  2.00
       16    129  1.00
       16    227  2.00
       16    474  4.00
       17     22  5.00
       17    123  3.00
       17    211  3.00
       17    242  2.00
       18      6  3.00
       18     23  3.00
       18     43  6.00
       18     86  5.00
       18     93  3.00
       18    157  2.00
       18    172  5.00
       18    213  2.00
       18    245  4.00
       18    258  6.00
       19     73  4.00
       19     79  6.00
       19    188  3.00
       19    290  4.00
       19    298  3.00
       19    321  2.00
       20    255  2.00
       21      5  1.00
       21     36  4.00
       21     39  1.00
       21    114  2.00
       21    165  1.00
       21    215  2.00
       21    217  3.00
       21    250  1.00
       21    320  1.00
       22    174  6.00
       22    204  1.00
       24     14  6.00
       24     33  5.00
       24     39  1.00
       24     41  4.00
       24     91  1.00
       24     95  1.00
       24    208  3.00
       24    230  3.00
       24    236  3.00
       24    300  1.00
       25     69  3.00
       25    181  1.00
       25    196  3.00
       25    263  1.00
       25    282  1.00
       26    187  4.00
       26    196  1.00
       26    234  2.00
       27    145  1.00
       27    213  1.00
       27    220  1.00
       27    223  1.00
       27    230  1.00
       27    289  3.00
       27    308  6.00
       27    311  2.00
       28    148  4.00
       29    121  4.00
       30     28  3.00
       30     71  4.00
       30    111  4.00
       30    148  3.00
       30    291  2.00
       31     67  3.00
       31    191  2.00
       32    190  6.00
       32    210  5.00
       33      8  1.00
       33     14  2.00
       33     24  2.00
       33     39  1.00
       33     73  1.00
       33    134  1.00
       33    146  1.00
       33    251  2.00
       34     99  1.00
       34    100  2.00
       34    176  3.00
       34    179  4.00
       34    184  5.00
       34    213  4.00
       34    231  2.00
       34    270  4.00
       34    297  1.00
       34    298  1.00
       35     99  2.00
       35    113  2.00
       35    157  2.00
       35    164  1.00
       35    176  2.00
       35    242  2.00
       36      3  2.00
       36     23  2.00
       36    103  5.00
       36    116  1.00
       36    120  3.00
       36    139  4.00
       36    181  4.00
       36    233  2.00
       36    257  1.00
       37     13  5.00
       37     59  1.00
       37     62  1.00
       37    137  1.00
       37    146  1.00
       37    165  1.00
       37    238  1.00
       37    300  2.00
       37    320  1.00
       38      5  2.00
       38     67  4.00
       38     93  1.00
       38    114  2.00
       38    115  2.00
       38    215  3.00
       38    288  1.00
       38    294  4.00
       38    300  1.00
       39      5  2.00
       39     21  1.00
       39     38  1.00
       39     95  2.00
       39    137  1.00
       39    165  2.00
       39    191  1.00
       39    286  2.00
       39    292  3.00
       40     20  1.00
       40     82  2.00
       40     84  2.00
       40    127  1.00
       40    139  1.00
       41     21  1.00
       41     24  3.00
       41     38  1.00
       41    165  1.00
       41    178  1.00
       41    185  2.00
       41    212  5.00
       41    246  1.00
       42    176  4.00
       42    264  5.00
       43    172  6.00
       43    245  6.00
       44      3  3.00
       44    130  4.00
       44    269  6.00
       44    288  2.00
       44    303  2.00
       46    151  2.00
       46    159  3.00
       46    256  5.00
       46    311  2.00
       48     46  4.00
       48     63  4.00
       48    147  6.00
       48    159  1.00
       48    202  1.00
       48    204  4.00
       48    207  4.00
       48    218  2.00
       48    256  5.00
       49     39  2.00
       49    155  3.00
       49    181  2.00
       49    185  4.00
       49    191  1.00
       49    236  1.00
       49    293  5.00
       50     77  1.00
       50     91  6.00
       50     94  6.00
       50    103  5.00
       50    181  4.00
       50    226  1.00
       50    288  4.00
       50    313  3.00
       51     64  1.00
       51    216  1.00
       51    315  2.00
       52     39  1.00
       52     49  1.00
       52     53  5.00
       52     55  1.00
       52    135  3.00
       52    165  1.00
       52    295  4.00
       52    317  1.00
       53     49  3.00
       53     52  4.00
       53     55  4.00
       53    135  3.00
       53    155  3.00
       53    295  2.00
       54     48  4.00
       54     86  2.00
       54    114  5.00
       54    117  5.00
       54    183  6.00
       54    186  6.00
       54    200  3.00
       54    247  2.00
       54    279  4.00
       55     49  1.00
       55     52  3.00
       55     53  4.00
       55    165  1.00
       55    205  1.00
       55    252  1.00
       55    262  1.00
       55    295  4.00
       56     20  3.00
       56     49  1.00
       56    160  1.00
       56    185  1.00
       56    239  6.00
       56    255  4.00
       56    262  1.00
       57     42  5.00
       57     83  3.00
       57     91  1.00
       57    199  3.00
       57    264  4.00
       57    306  3.00
       57    330  6.00
       57    429  5.00
       57    468  6.00
       58     61  2.00
       58     68  2.00
       59     62  1.00
       59    146  2.00
       59    239  1.00
       59    255  4.00
       59    320  2.00
       61     58  3.00
       61     68  5.00
       61    290  1.00
       61    415  1.00
       61    479  3.00
       61    549  2.00
       62     93  4.00
       62    108  6.00
       62    115  4.00
       62    146  6.00
       62    230  5.00
       62    309  5.00
       64     99  1.00
       64    143  1.00
       64    213  1.00
       64    216  2.00
       64    229  1.00
       64    242  1.00
       64    289  1.00
       64    298  1.00
       66    136  1.00
       66    159  1.00
       66    241  5.00
       66    281  1.00
       66    311  5.00
       67     31  3.00
       68     58  4.00
       68     61  6.00
       68    479  5.00
       69     45  3.00
       69    143  4.00
       69    229  3.00
       69    232  3.00
       69    282  5.00
       70     32  2.00
       70     94  1.00
       70    109  1.00
       70    214  1.00
       70    243  2.00
       70    254  1.00
       71     30  4.00
       71    105  2.00
       71    129  2.00
       71    194  2.00
       71    316  3.00
       72    135  1.00
       72    188  2.00
       72    290  1.00
       73     19  1.00
       73     28  1.00
       73     58  1.00
       73     59  1.00
       73     79  1.00
       73    146  1.00
       73    208  3.00
       73    220  3.00
       73    265  1.00
       73    275  5.00
       75    103  1.00
       75    263  5.00
       76    170  1.00
       76    185  1.00
       76    206  2.00
       76    293  1.00
       76    318  1.00
       77      3  1.00
       77      6  2.00
       77     93  6.00
       77    104  2.00
       77    233  4.00
       77    249  6.00
       77    259  1.00
       77    303  1.00
       78      4  3.00
       78     49  5.00
       78     59  1.00
       78     95  3.00
       78    181  1.00
       78    185  4.00
       78    215  1.00
       78    263  1.00
       78    293  3.00
       78    301  1.00
       79     19  6.00
       79     54  6.00
       79     59  3.00
       79    180  1.00
       79    252  6.00
       79    264  2.00
       79    481  6.00
       79    559  6.00
       80    119  2.00
       80    122  2.00
       80    173  2.00
       80    204  4.00
       80    220  4.00
       80    223  1.00
       80    280  2.00
       80    297  3.00
       80    298  3.00
       81    159  3.00
       81    173  4.00
       81    312  4.00
       82     40  2.00
       83     57  6.00
       83    199  6.00
       83    306  5.00
       84      2  1.00
       84     40  4.00
       84     82  4.00
       84    106  2.00
       84    139  1.00
       84    192  1.00
       84    203  3.00
       85      8  1.00
       85     21  1.00
       85    101  1.00
       85    115  1.00
       85    137  5.00
       85    239  4.00
       85    246  1.00
       85    300  1.00
       86     18  6.00
       86     43  3.00
       86     54  1.00
       86    128  2.00
       86    157  1.00
       86    164  1.00
       86    167  2.00
       86    248  1.00
       86    258  1.00
       87    216  2.00
       88    217  5.00
       88    256  2.00
       88    292  6.00
       89    147  5.00
       89    158  3.00
       89    169  5.00
       89    197  2.00
       89    223  6.00
       89    229  5.00
       89    261  5.00
       90    221  1.00
       90    272  2.00
       90    312  5.00
       92     63  2.00
       92    122  4.00
       92    202  2.00
       92    218  1.00
       92    220  1.00
       92    247  5.00
       93      3  6.00
       93     77  6.00
       93    130  6.00
       93    181  1.00
       93    233  6.00
       93    249  2.00
       93    288  5.00
       93    303  4.00
       94     50  6.00
       94    186  6.00
       94    214  6.00
       94    268  6.00
       94    314  4.00
       95      5  3.00
       95     39  2.00
       95     67  3.00
       95    165  2.00
       95    236  6.00
       95    263  1.00
       95    300  3.00
       96    127  3.00
       96    149  4.00
       96    261  5.00
       98      4  3.00
       98    165  4.00
       98    228  4.00
       98    262  6.00
       99    242  6.00
       99    289  2.00
       99    297  3.00
       99    298  3.00
      100     34  2.00
      100     74  2.00
      100    113  5.00
      100    184  2.00
      100    270  3.00
      101      4  4.00
      101     45  6.00
      101    274  6.00
      102      2  1.00
      102     16  1.00
      102     20  2.00
      102    118  1.00
      102    134  1.00
      102    298  1.00
      103     10  6.00
      103     36  6.00
      103     50  2.00
      103    145  2.00
      103    152  6.00
      103    164  1.00
      103    192  4.00
      103    230  4.00
      103    257  6.00
      103    288  1.00
      104    259  6.00
      105     16  3.00
      105     71  3.00
      105    129  4.00
      105    194  4.00
      105    198  6.00
      105    316  5.00
      107      4  1.00
      107      5  1.00
      107     41  2.00
      107     67  2.00
      107    114  2.00
      107    115  1.00
      107    120  1.00
      107    230  1.00
      108     62  5.00
      108    100  1.00
      108    107  1.00
      108    114  1.00
      108    115  4.00
      108    212  3.00
      108    217  4.00
      108    562  5.00
      110     54  3.00
      110     57  3.00
      110    107  2.00
      110    134  3.00
      110    264  2.00
      110    276  3.00
      110    296  2.00
      110    306  2.00
      110    318  3.00
      112     62  1.00
      112    191  2.00
      112    215  1.00
      112    252  1.00
      112    255  1.00
      113     74  2.00
      113     86  3.00
      113    100  4.00
      113    106  2.00
      113    211  2.00
      113    314  2.00
      114      5  1.00
      114      8  1.00
      114     38  4.00
      114    115  1.00
      114    215  3.00
      114    230  3.00
      114    238  3.00
      114    300  2.00
      115      5  6.00
      115      8  6.00
      115     38  2.00
      115     62  6.00
      115    116  3.00
      115    230  6.00
      115    256  4.00
      115    300  6.00
      116     93  1.00
      116    104  4.00
      116    157  2.00
      116    166  1.00
      116    169  4.00
      116    220  5.00
      116    241  3.00
      116    247  5.00
      116    249  3.00
      116    288  1.00
      117    186  3.00
      117    200  4.00
      117    287  3.00
      118     21  2.00
      118    143  4.00
      118    215  3.00
      118    226  2.00
      118    229  3.00
      118    246  1.00
      118    303  2.00
      119     80  3.00
      119    122  3.00
      119    204  3.00
      119    278  2.00
      119    289  1.00
      119    305  4.00
      120     85  1.00
      120     91  1.00
      120    107  1.00
      120    417  5.00
      121     29  6.00
      121     44  3.00
      121     77  2.00
      121    145  2.00
      121    171  2.00
      121    222  1.00
      121    269  3.00
      122     80  1.00
      122     92  4.00
      122    119  1.00
      122    197  1.00
      122    204  6.00
      122    207  1.00
      122    292  2.00
      122    305  1.00
      123     17  1.00
      123    159  1.00
      123    211  1.00
      123    216  1.00
      123    270  1.00
      123    280  1.00
      123    298  1.00
      124      4  3.00
      124     11  2.00
      124     39  2.00
      124    101  1.00
      124    206  1.00
      124    234  5.00
      124    265  3.00
      124    275  3.00
      125     15  4.00
      125     63  1.00
      125    311  1.00
      126     57  1.00
      126     85  1.00
      126     89  1.00
      126    112  1.00
      126    115  1.00
      126    163  1.00
      126    201  1.00
      126    227  1.00
      126    300  1.00
      126    304  1.00
      127     96  3.00
      127    149  2.00
      127    165  2.00
      127    225  2.00
      127    261  2.00
      128     43  6.00
      128    157  6.00
      128    172  6.00
      128    210  6.00
      128    213  4.00
      128    226  6.00
      128    245  6.00
      128    302  6.00
      129     71  3.00
      129    105  4.00
      129    194  3.00
      129    198  3.00
      129    316  3.00
      131     19  3.00
      131    105  3.00
      131    134  1.00
      131    198  1.00
      131    222  2.00
      131    252  1.00
      131    304  1.00
      132     65  2.00
      132    124  1.00
      133     69  2.00
      133    143  2.00
      133    297  3.00
      134      2  2.00
      134     54  1.00
      134     63  6.00
      134    102  1.00
      134    110  1.00
      134    166  4.00
      134    261  1.00
      134    297  1.00
      134    321  1.00
      135      9  2.00
      135     52  3.00
      135     53  3.00
      135     55  3.00
      135    262  3.00
      135    295  4.00
      135    308  2.00
      136     45  5.00
      136     66  1.00
      136    152  6.00
      136    166  4.00
      136    249  3.00
      136    281  3.00
      136    311  3.00
      137     39  1.00
      137     85  2.00
      137    236  1.00
      138    104  1.00
      138    171  1.00
      138    197  1.00
      138    220  6.00
      139     36  6.00
      139    103  3.00
      139    181  3.00
      139    203  2.00
      139    263  4.00
      139    282  4.00
      139    288  2.00
      139    314  4.00
      140     69  3.00
      140     76  3.00
      140    190  5.00
      140    196  4.00
      140    232  2.00
      141      9  3.00
      141    171  2.00
      141    182  1.00
      141    196  6.00
      141    219  1.00
      143     69  4.00
      143     89  3.00
      143     96  3.00
      143    106  1.00
      143    200  2.00
      143    223  6.00
      143    229  3.00
      143    261  2.00
      143    268  2.00
      143    282  1.00
      144     26  1.00
      144     75  1.00
      144    128  1.00
      144    164  6.00
      144    175  6.00
      144    187  2.00
      144    234  1.00
      144    241  1.00
      145     69  6.00
      145    103  6.00
      145    162  6.00
      145    164  4.00
      145    197  4.00
      145    209  5.00
      145    222  3.00
      145    223  5.00
      145    241  4.00
      146     62  6.00
      146    107  5.00
      146    108  6.00
      146    115  6.00
      146    181  3.00
      146    212  6.00
      146    236  6.00
      146    367  5.00
      146    478  5.00
      147      3  1.00
      147     72  2.00
      147     89  4.00
      147    133  6.00
      147    158  3.00
      147    204  2.00
      147    207  6.00
      147    247  3.00
      148     12  2.00
      148     26  1.00
      148     28  4.00
      148     30  3.00
      148    170  2.00
      148    244  2.00
      148    283  1.00
      148    291  2.00
      149     94  4.00
      149     96  5.00
      149    127  4.00
      149    143  6.00
      149    147  4.00
      149    189  3.00
      149    211  5.00
      149    229  5.00
      149    261  6.00
      149    268  6.00
      150     47  4.00
      150    262  3.00
      151     23  5.00
      152     23  2.00
      152    103  4.00
      152    136  2.00
      152    281  3.00
      153     11  2.00
      153     26  2.00
      153     71  1.00
      153    195  1.00
      153    264  1.00
      153    306  1.00
      154     48  2.00
      154     81  2.00
      154    166  2.00
      154    207  3.00
      154    222  3.00
      154    223  3.00
      155     99  4.00
      155    106  4.00
      155    292  4.00
      155    297  3.00
      156     26  1.00
      156    187  1.00
      156    218  1.00
      157     77  2.00
      157    128  3.00
      157    166  3.00
      157    210  3.00
      157    213  5.00
      157    226  3.00
      157    241  5.00
      157    248  4.00
      157    249  5.00
      158     46  4.00
      158    166  3.00
      158    169  2.00
      158    248  4.00
      159     46  2.00
      159     63  1.00
      159    169  4.00
      159    210  5.00
      159    241  3.00
      160      9  2.00
      160     49  1.00
      160    165  2.00
      160    178  2.00
      160    286  1.00
      161    143  3.00
      161    221  5.00
      161    242  3.00
      161    272  1.00
      162    145  6.00
      163     49  2.00
      163     57  3.00
      163    124  1.00
      163    149  2.00
      163    185  2.00
      163    215  1.00
      163    234  5.00
      164    103  2.00
      164    144  4.00
      164    145  4.00
      164    162  1.00
      164    175  6.00
      164    222  3.00
      164    223  6.00
      165      5  3.00
      165     38  1.00
      165     95  2.00
      165    127  2.00
      165    228  2.00
      165    286  5.00
      165    297  2.00
      165    301  3.00
      166    104  3.00
      166    136  5.00
      166    157  3.00
      166    226  4.00
      166    241  4.00
      166    248  4.00
      166    249  5.00
      166    281  5.00
      166    303  6.00
      168     36  1.00
      168     46  2.00
      168    232  2.00
      168    256  4.00
      168    279  4.00
      168    314  5.00
      169     89  4.00
      169    115  2.00
      169    116  2.00
      169    159  6.00
      169    241  2.00
      169    451  5.00
      170     76  2.00
      170    148  2.00
      171    141  2.00
      171    182  4.00
      171    317  1.00
      173     80  3.00
      173     81  1.00
      173    122  2.00
      173    216  2.00
      173    280  1.00
      174     22  6.00
      174    251  2.00
      175    144  6.00
      175    164  6.00
      175    187  4.00
      175    196  2.00
      176      6  5.00
      176     34  3.00
      176     42  4.00
      176     43  2.00
      176    157  2.00
      176    179  2.00
      176    213  3.00
      176    256  3.00
      176    258  3.00
      177     13  3.00
      177     82  3.00
      177    106  2.00
      177    117  6.00
      177    285  6.00
      177    288  3.00
      177    303  3.00
      178      5  1.00
      178    146  2.00
      178    212  2.00
      179     18  1.00
      179     34  3.00
      179     43  1.00
      179    157  1.00
      179    176  1.00
      179    210  3.00
      179    213  4.00
      179    226  1.00
      179    245  6.00
      179    270  1.00
      180     48  2.00
      180    136  1.00
      180    152  1.00
      180    182  1.00
      180    281  1.00
      180    317  1.00
      181     36  5.00
      181    139  6.00
      181    203  1.00
      181    263  4.00
      181    288  6.00
      182     48  2.00
      182    141  4.00
      182    171  4.00
      182    196  2.00
      182    198  2.00
      182    219  1.00
      182    317  6.00
      183     48  6.00
      183     54  6.00
      183    109  6.00
      184     34  6.00
      184     47  5.00
      184     99  6.00
      184    100  5.00
      184    162  5.00
      184    189  4.00
      184    258  5.00
      184    262  6.00
      184    297  4.00
      185     49  4.00
      185     99  4.00
      185    106  3.00
      185    155  5.00
      185    184  6.00
      185    262  5.00
      185    292  3.00
      185    293  5.00
      186     91  3.00
      186     94  5.00
      186    214  4.00
      186    268  5.00
      187     26  4.00
      187    144  1.00
      187    175  1.00
      187    196  6.00
      187    234  6.00
      187    241  1.00
      187    247  4.00
      188     19  3.00
      188     72  3.00
      188    252  1.00
      188    290  3.00
      190    178  3.00
      190    191  4.00
      190    196  6.00
      191      5  1.00
      191     31  1.00
      191     67  1.00
      191    215  4.00
      191    487  4.00
      192     23  5.00
      192     77  3.00
      192    103  6.00
      192    143  1.00
      192    154  5.00
      192    226  2.00
      192    232  1.00
      192    257  5.00
      192    260  3.00
      192    276  5.00
      193    321  2.00
      194    105  5.00
      194    129  3.00
      194    254  3.00
      194    289  5.00
      194    312  3.00
      194    316  6.00
      195     12  1.00
      195     71  1.00
      195    244  1.00
      195    253  1.00
      195    283  1.00
      196      7  6.00
      196     25  3.00
      196    141  6.00
      196    187  6.00
      197    122  1.00
      197    241  1.00
      198     53  1.00
      198     91  2.00
      198    105  5.00
      198    182  3.00
      198    232  1.00
      198    244  2.00
      198    312  3.00
      198    317  3.00
      199     57  1.00
      199     83  5.00
      199    134  1.00
      199    306  2.00
      199    321  1.00
      200     80  3.00
      200    117  5.00
      200    127  2.00
      200    143  4.00
      200    225  4.00
      200    297  1.00
      201    296  4.00
      201    536  5.00
      202     63  1.00
      202     66  2.00
      202     92  3.00
      202    152  1.00
      202    218  6.00
      202    311  1.00
      203     84  1.00
      203    139  5.00
      203    181  6.00
      203    263  2.00
      203    288  6.00
      203    303  3.00
      204     66  5.00
      204     80  6.00
      204     88  4.00
      204     99  5.00
      204    119  5.00
      204    122  6.00
      204    284  5.00
      204    297  5.00
      205     52  1.00
      205     53  2.00
      205     55  1.00
      205    262  2.00
      205    295  2.00
      205    333  1.00
      205    339  1.00
      207    122  1.00
      207    147  4.00
      207    159  3.00
      207    247  3.00
      207    266  1.00
      208     31  4.00
      208     62  1.00
      208     67  4.00
      208     85  6.00
      208    115  1.00
      208    230  2.00
      208    370  6.00
      209    145  3.00
      209    162  6.00
      210      6  6.00
      210    128  6.00
      210    159  6.00
      210    166  3.00
      210    189  1.00
      210    213  5.00
      210    241  4.00
      210    248  4.00
      211     17  2.00
      211    113  1.00
      211    123  4.00
      211    216  1.00
      211    270  1.00
      211    287  1.00
      211    298  2.00
      212     21  2.00
      212     41  3.00
      212    106  1.00
      212    146  6.00
      212    178  4.00
      212    236  4.00
      212    250  4.00
      213    128  1.00
      213    157  6.00
      213    179  3.00
      213    210  3.00
      213    226  4.00
      213    309  5.00
      214     91  4.00
      214     94  6.00
      214    186  4.00
      214    268  6.00
      214    282  1.00
      214    314  3.00
      215      5  2.00
      215     38  2.00
      215    163  2.00
      215    191  2.00
      215    224  1.00
      215    238  5.00
      215    267  1.00
      215    268  2.00
      215    300  2.00
      216     64  2.00
      216     80  5.00
      216    123  3.00
      216    211  4.00
      216    289  5.00
      217     88  4.00
      217    108  5.00
      217    165  3.00
      217    239  6.00
      217    250  4.00
      217    274  3.00
      217    292  3.00
      218     92  1.00
      218    202  6.00
      219     32  2.00
      219     80  1.00
      219     91  2.00
      219     94  3.00
      219    147  1.00
      219    204  1.00
      219    303  1.00
      220     92  4.00
      220    159  4.00
      220    207  2.00
      220    241  5.00
      220    247  5.00
      221     65  2.00
      221    118  2.00
      221    149  2.00
      221    161  5.00
      221    176  2.00
      221    272  4.00
      222     89  1.00
      222    145  2.00
      222    162  2.00
      222    164  2.00
      222    175  2.00
      222    180  2.00
      222    209  3.00
      222    223  5.00
      223     96  3.00
      223    143  6.00
      223    147  3.00
      223    152  5.00
      223    164  3.00
      223    222  4.00
      223    229  3.00
      224     31  2.00
      224     38  3.00
      224     67  1.00
      224    105  1.00
      225     65  2.00
      225     80  1.00
      225    117  2.00
      225    127  4.00
      225    149  1.00
      225    189  1.00
      225    200  3.00
      225    226  1.00
      225    277  2.00
      226    128  6.00
      226    157  3.00
      226    166  2.00
      226    172  2.00
      226    179  1.00
      226    210  2.00
      226    213  2.00
      226    241  2.00
      226    249  1.00
      227     16  2.00
      227     28  1.00
      227     52  2.00
      227     53  5.00
      227     55  2.00
      227    262  2.00
      227    295  2.00
      227    303  2.00
      228      4  5.00
      228     98  3.00
      228    127  2.00
      228    165  3.00
      228    224  2.00
      228    225  2.00
      228    262  4.00
      228    301  2.00
      229     69  5.00
      229     90  4.00
      229    143  4.00
      229    169  4.00
      229    197  2.00
      229    223  2.00
      229    248  3.00
      229    261  3.00
      229    282  1.00
      230    103  6.00
      230    115  4.00
      230    208  3.00
      230    257  5.00
      230    260  1.00
      230    288  5.00
      230    300  1.00
      231     34  3.00
      231    158  2.00
      231    176  2.00
      231    189  1.00
      231    210  2.00
      231    258  2.00
      231    270  2.00
      231    297  1.00
      232     69  4.00
      232    279  5.00
      233     77  6.00
      233     93  6.00
      233    130  5.00
      233    152  1.00
      233    181  2.00
      233    210  3.00
      233    288  6.00
      233    303  4.00
      234     26  4.00
      234     31  5.00
      234    124  2.00
      234    187  6.00
      234    196  1.00
      234    300  3.00
      234    405  5.00
      235    102  1.00
      235    124  1.00
      235    134  1.00
      235    201  1.00
      235    215  1.00
      235    224  4.00
      235    227  2.00
      235    252  2.00
      235    321  2.00
      236      5  4.00
      236     21  1.00
      236     39  4.00
      236     85  1.00
      236     95  3.00
      236    137  1.00
      236    212  1.00
      236    250  2.00
      236    451  3.00
      238      4  1.00
      238      5  2.00
      238     38  1.00
      238     39  1.00
      238     73  1.00
      238    124  1.00
      238    163  6.00
      238    215  4.00
      238    294  1.00
      239     56  2.00
      239     85  2.00
      239    137  2.00
      239    140  3.00
      239    212  2.00
      239    217  6.00
      239    246  2.00
      239    309  2.00
      240    198  4.00
      240    243  1.00
      241     66  5.00
      241    104  3.00
      241    116  3.00
      241    128  3.00
      241    159  4.00
      241    166  2.00
      241    210  6.00
      241    226  2.00
      242     17  2.00
      242     64  1.00
      242     94  3.00
      242     99  6.00
      242    106  2.00
      242    143  3.00
      242    161  3.00
      242    268  2.00
      242    272  4.00
      242    298  3.00
      243     13  3.00
      243     70  2.00
      243    198  3.00
      243    282  3.00
      244     12  6.00
      244    253  1.00
      244    283  6.00
      244    332  1.00
      244    436  5.00
      244    440  1.00
      245     18  1.00
      245     34  1.00
      245     43  5.00
      245     77  1.00
      245    159  1.00
      245    172  2.00
      245    179  6.00
      245    248  1.00
      245    302  1.00
      245    311  1.00
      246      5  1.00
      246      8  2.00
      246     62  1.00
      246     85  1.00
      246    114  1.00
      246    115  1.00
      246    230  1.00
      246    294  1.00
      246    320  1.00
      247     63  1.00
      247     92  5.00
      247    116  4.00
      247    159  1.00
      247    218  1.00
      247    220  4.00
      248     67  4.00
      248     77  6.00
      248    157  6.00
      248    166  6.00
      248    210  6.00
      248    245  2.00
      248    249  5.00
      248    303  6.00
      248    311  6.00
      249     77  6.00
      249    104  3.00
      249    136  2.00
      249    157  6.00
      249    166  2.00
      249    213  1.00
      249    241  3.00
      250     21  1.00
      250     39  1.00
      250     41  1.00
      250    163  1.00
      250    165  1.00
      250    217  5.00
      250    236  2.00
      251     29  5.00
      251     33  3.00
      251     35  1.00
      251     69  4.00
      251    113  6.00
      251    174  3.00
      251    229  6.00
      251    288  5.00
      251    298  2.00
      252     51  4.00
      252     80  4.00
      252     99  4.00
      252    242  3.00
      252    297  3.00
      252    298  3.00
      252    321  4.00
      252    435  3.00
      252    559  2.00
      253     12  3.00
      253     71  2.00
      253    195  2.00
      253    244  3.00
      253    283  3.00
      254     29  1.00
      254    105  1.00
      254    194  2.00
      254    312  1.00
      255     59  4.00
      255    112  1.00
      255    301  1.00
      258     18  5.00
      258     43  1.00
      258     65  5.00
      258    226  1.00
      259    104  6.00
      259    157  4.00
      259    241  1.00
      259    249  1.00
      259    311  1.00
      260     60  1.00
      260    103  2.00
      260    192  2.00
      260    230  1.00
      260    257  3.00
      260    276  3.00
      260    303  1.00
      260    309  1.00
      261     89  3.00
      261     96  5.00
      261    127  2.00
      261    143  4.00
      261    149  3.00
      261    189  4.00
      261    229  3.00
      261    313  5.00
      262     56  3.00
      262     98  4.00
      262     99  4.00
      262    106  1.00
      262    184  1.00
      262    293  3.00
      262    297  6.00
      262    301  3.00
      262    321  3.00
      262    414  3.00
      263    103  1.00
      263    139  4.00
      263    181  4.00
      263    288  1.00
      264    235  1.00
      264    244  1.00
      264    296  1.00
      265     31  2.00
      265     62  4.00
      265     72  2.00
      265    108  3.00
      265    124  4.00
      265    230  3.00
      265    286  3.00
      265    300  3.00
      265    320  4.00
      266    223  3.00
      266    279  4.00
      267      5  1.00
      267     38  2.00
      267     39  1.00
      267     62  1.00
      267    115  1.00
      267    124  2.00
      267    215  2.00
      267    238  2.00
      267    239  1.00
      269     44  5.00
      269    277  1.00
      270     34  4.00
      270     92  3.00
      270    122  3.00
      270    174  2.00
      270    176  2.00
      270    216  3.00
      270    231  3.00
      272     90  3.00
      272    221  4.00
      272    312  2.00
      273     41  2.00
      273    107  2.00
      273    191  2.00
      273    244  3.00
      274      3  6.00
      274     21  2.00
      274    101  6.00
      274    108  3.00
      274    114  3.00
      274    115  3.00
      274    217  4.00
      274    256  6.00
      275     31  1.00
      275     98  3.00
      275    124  1.00
      275    185  3.00
      275    262  3.00
      275    294  3.00
      275    321  3.00
      276    103  4.00
      276    154  6.00
      276    192  6.00
      276    229  2.00
      276    232  2.00
      276    257  3.00
      276    260  4.00
      276    279  2.00
      276    288  2.00
      276    309  1.00
      277    117  2.00
      277    118  2.00
      277    200  2.00
      277    216  2.00
      277    269  3.00
      277    270  2.00
      278    119  1.00
      278    156  2.00
      278    202  1.00
      278    310  2.00
      279    168  4.00
      279    232  5.00
      279    314  4.00
      280     80  2.00
      280     88  1.00
      280    119  3.00
      280    122  3.00
      280    204  3.00
      280    278  2.00
      280    292  1.00
      280    313  2.00
      281     45  1.00
      281     77  3.00
      281    136  2.00
      281    152  3.00
      281    159  2.00
      281    166  4.00
      281    303  2.00
      281    311  2.00
      282     69  6.00
      282    139  6.00
      282    143  1.00
      282    181  5.00
      282    229  1.00
      282    232  1.00
      282    263  6.00
      282    279  1.00
      282    310  5.00
      283     11  2.00
      283     12  5.00
      283    148  1.00
      283    195  3.00
      283    244  6.00
      283    253  4.00
      283    291  3.00
      283    436  5.00
      284     46  2.00
      284     88  4.00
      284    113  1.00
      284    204  2.00
      284    292  1.00
      285     13  1.00
      285     82  1.00
      285     84  1.00
      285    106  1.00
      285    177  4.00
      285    287  1.00
      285    288  1.00
      286     39  2.00
      286     67  5.00
      286    165  6.00
      286    236  6.00
      286    451  5.00
      287     94  1.00
      287    117  2.00
      287    186  2.00
      287    214  2.00
      287    268  2.00
      288     45  2.00
      288     77  3.00
      288     93  5.00
      288    106  1.00
      288    130  5.00
      288    181  6.00
      288    203  1.00
      288    233  4.00
      288    303  2.00
      288    309  1.00
      289    316  6.00
      290     19  3.00
      290    188  3.00
      290    252  2.00
      291     12  3.00
      291    283  3.00
      292     88  4.00
      292    159  1.00
      292    202  1.00
      292    204  1.00
      292    311  1.00
      293     49  4.00
      293     99  2.00
      293    106  2.00
      293    155  5.00
      293    165  3.00
      293    185  5.00
      293    262  4.00
      293    292  1.00
      293    297  2.00
      295      9  1.00
      295     16  3.00
      295     52  4.00
      295     53  3.00
      295     55  2.00
      295    135  4.00
      295    145  3.00
      296      8  1.00
      296     59  4.00
      296    185  1.00
      296    201  6.00
      296    230  2.00
      296    255  4.00
      296    293  1.00
      296    300  1.00
      297     80  2.00
      297     99  2.00
      297    157  1.00
      297    210  2.00
      297    213  1.00
      297    292  2.00
      297    298  4.00
      297    372  1.00
      297    543  3.00
      298     80  5.00
      298    149  6.00
      298    204  4.00
      298    211  5.00
      298    287  1.00
      298    297  5.00
      300      3  5.00
      300      5  6.00
      300      8  3.00
      300     38  3.00
      300     67  5.00
      300     85  4.00
      300    130  6.00
      300    215  3.00
      300    274  2.00
      301     38  2.00
      301    114  2.00
      301    165  5.00
      301    213  4.00
      301    229  3.00
      301    246  2.00
      301    255  3.00
      301    262  4.00
      301    320  2.00
      302     43  1.00
      302    118  1.00
      302    128  6.00
      302    157  1.00
      302    210  1.00
      302    245  1.00
      303     45  5.00
      303     46  2.00
      303     50  2.00
      303     77  3.00
      303     93  3.00
      303    166  5.00
      303    233  5.00
      303    248  6.00
      303    260  2.00
      303    309  3.00
      304    115  1.00
      304    126  1.00
      304    169  1.00
      304    190  4.00
      304    215  3.00
      304    227  1.00
      304    230  1.00
      304    300  1.00
      304    476  4.00
      305    119  2.00
      305    122  2.00
      305    204  1.00
      305    316  1.00
      306     20  2.00
      306     57  4.00
      306     83  4.00
      306    110  6.00
      306    163  3.00
      306    199  6.00
      306    215  2.00
      306    238  1.00
      306    264  2.00
      307      2  2.00
      307    118  2.00
      307    163  2.00
      307    185  3.00
      307    228  3.00
      307    236  2.00
      307    259  2.00
      307    301  2.00
      308     27  1.00
      308     84  1.00
      308    145  1.00
      308    169  1.00
      308    222  1.00
      308    223  1.00
      308    480  2.00
      308    484  2.00
      309      5  1.00
      309      6  4.00
      309     62  2.00
      309     77  4.00
      309    166  3.00
      309    181  3.00
      309    213  3.00
      309    239  1.00
      309    249  3.00
      309    288  2.00
      311     46  2.00
      311     66  4.00
      311    136  2.00
      311    157  2.00
      311    159  4.00
      311    189  1.00
      311    248  3.00
      311    281  1.00
      313      7  2.00
      313     13  1.00
      313     48  1.00
      313     50  1.00
      313     96  1.00
      313    261  5.00
      313    280  2.00
      313    288  1.00
      313    303  1.00
      314     54  4.00
      314     86  2.00
      314     94  4.00
      314    106  2.00
      314    168  6.00
      314    183  6.00
      314    263  4.00
      314    279  6.00
      315     51  5.00
      315     97  3.00
      315    106  2.00
      315    204  3.00
      315    242  3.00
      315    262  3.00
      315    287  3.00
      315    295  3.00
      316     71  4.00
      316    105  4.00
      316    129  3.00
      316    194  6.00
      316    289  5.00
      317     36  4.00
      317    103  5.00
      317    139  3.00
      317    182  6.00
      317    198  5.00
      317    261  3.00
      317    404  5.00
      317    507  2.00
      317    509  4.00
      318     57  3.00
      318     76  2.00
      318    110  2.00
      319      6  2.00
      319     18  5.00
      319    128  5.00
      319    157  5.00
      319    210  6.00
      319    213  4.00
      319    229  1.00
      319    302  1.00
      319    303  3.00
      319    309  3.00
      320     21  2.00
      320     38  3.00
      320     59  1.00
      320     62  1.00
      320    114  2.00
      320    165  1.00
      320    215  1.00
      320    300  2.00
      321     20  2.00
      321     49  3.00
      321    118  1.00
      321    185  1.00
      321    193  1.00
      321    262  3.00
      321    293  4.00
      321    294  2.00
      321    301  3.00
      322    332  2.00
      322    351  1.00
      322    372  1.00
      322    389  5.00
      322    461  3.00
      322    515  3.00
      322    550  2.00
      323    380  2.00
      323    386  3.00
      323    423  2.00
      323    434  5.00
      323    509  3.00
      323    533  1.00
      323    558  5.00
      324    341  5.00
      324    507  2.00
      324    563  3.00
      325    382  3.00
      325    404  3.00
      325    453  2.00
      325    458  3.00
      325    550  2.00
      326    370  2.00
      326    423  3.00
      326    453  3.00
      326    484  3.00
      326    509  2.00
      326    525  4.00
      327    347  3.00
      327    372  1.00
      327    388  1.00
      327    463  1.00
      327    497  1.00
      327    499  4.00
      327    502  3.00
      327    520  2.00
      327    522  2.00
      327    555  1.00
      328    332  2.00
      328    398  2.00
      328    440  2.00
      328    488  2.00
      328    516  2.00
      329    332  1.00
      329    374  1.00
      329    427  1.00
      329    463  1.00
      329    492  1.00
      329    542  1.00
      329    547  1.00
      329    555  1.00
      329    561  1.00
      330     29  1.00
      330     57  4.00
      330    394  2.00
      330    412  1.00
      330    429  5.00
      330    468  3.00
      330    556  2.00
      331    353  1.00
      331    397  1.00
      331    414  4.00
      331    462  3.00
      331    465  4.00
      331    548  2.00
      332    244  1.00
      332    322  2.00
      332    328  2.00
      332    337  2.00
      332    398  1.00
      332    399  2.00
      332    436  4.00
      332    440  3.00
      332    516  2.00
      333    326  2.00
      333    363  1.00
      333    433  2.00
      333    472  4.00
      333    481  1.00
      333    515  5.00
      334    333  4.00
      334    339  4.00
      334    363  2.00
      334    373  5.00
      334    472  2.00
      334    474  3.00
      335    370  1.00
      335    413  1.00
      335    423  1.00
      335    437  3.00
      335    486  4.00
      335    522  1.00
      335    560  3.00
      335    564  1.00
      337    332  4.00
      337    354  1.00
      339    321  2.00
      339    326  1.00
      339    334  1.00
      339    405  1.00
      339    461  1.00
      339    472  3.00
      339    515  3.00
      340    381  3.00
      340    431  4.00
      340    530  2.00
      341    106  3.00
      341    118  3.00
      341    261  2.00
      341    292  2.00
      341    294  3.00
      341    344  3.00
      341    346  4.00
      341    420  5.00
      342    351  2.00
      342    369  1.00
      342    415  2.00
      342    459  2.00
      342    512  1.00
      342    523  1.00
      342    549  2.00
      342    553  1.00
      343    323  1.00
      343    356  3.00
      343    391  1.00
      343    417  1.00
      343    423  1.00
      343    434  1.00
      343    533  1.00
      343    556  2.00
      344    341  3.00
      344    343  1.00
      344    356  1.00
      344    365  1.00
      344    448  2.00
      344    468  3.00
      344    507  1.00
      345    400  1.00
      345    413  2.00
      345    437  1.00
      345    452  2.00
      345    455  1.00
      345    458  2.00
      345    463  5.00
      345    480  2.00
      345    534  3.00
      345    543  1.00
      346    448  2.00
      346    468  4.00
      346    538  2.00
      346    568  2.00
      347    203  5.00
      347    327  1.00
      347    395  1.00
      347    413  1.00
      347    499  2.00
      347    501  1.00
      347    531  1.00
      347    534  1.00
      347    543  1.00
      348    401  1.00
      348    442  1.00
      348    490  3.00
      348    496  1.00
      348    518  2.00
      349    361  1.00
      349    382  3.00
      349    483  2.00
      349    497  3.00
      350    414  2.00
      350    443  1.00
      350    501  1.00
      350    531  1.00
      351     47  3.00
      351     95  1.00
      351    185  1.00
      351    297  2.00
      351    346  1.00
      351    380  3.00
      351    423  1.00
      351    450  1.00
      351    489  1.00
      351    545  1.00
      352    379  1.00
      352    392  1.00
      352    409  3.00
      352    458  4.00
      352    480  2.00
      352    487  1.00
      352    492  1.00
      352    496  1.00
      352    522  2.00
      352    543  1.00
      353     19  4.00
      353    387  1.00
      353    462  1.00
      353    523  1.00
      353    553  4.00
      353    555  2.00
      354    337  2.00
      354    436  2.00
      354    465  1.00
      354    532  2.00
      355     36  5.00
      355    181  6.00
      355    360  4.00
      355    417  3.00
      355    478  1.00
      355    482  1.00
      355    533  1.00
      355    562  4.00
      356    323  2.00
      356    343  2.00
      356    386  2.00
      356    391  3.00
      356    423  2.00
      356    434  2.00
      356    509  2.00
      356    558  2.00
      357    367  2.00
      357    404  1.00
      357    462  1.00
      357    465  1.00
      357    489  4.00
      358     11  4.00
      358    327  2.00
      358    337  1.00
      358    359  2.00
      358    361  2.00
      358    441  5.00
      358    502  2.00
      358    535  3.00
      358    544  4.00
      358    555  1.00
      359    415  2.00
      359    539  3.00
      359    567  2.00
      360    355  5.00
      360    386  3.00
      360    412  1.00
      360    434  2.00
      360    469  5.00
      360    484  1.00
      360    509  4.00
      361    349  2.00
      361    358  1.00
      361    401  2.00
      361    483  2.00
      361    497  2.00
      361    502  2.00
      362    396  1.00
      362    493  4.00
      362    523  4.00
      362    536  1.00
      362    553  3.00
      363    323  2.00
      363    326  3.00
      363    333  3.00
      363    339  2.00
      363    365  2.00
      363    388  3.00
      363    405  4.00
      363    472  6.00
      363    500  4.00
      364     66  1.00
      364     92  1.00
      364    122  1.00
      364    136  2.00
      364    151  1.00
      364    152  3.00
      364    202  2.00
      364    218  3.00
      364    281  3.00
      365    382  3.00
      365    472  2.00
      365    500  2.00
      365    515  3.00
      365    527  1.00
      365    550  2.00
      366    371  3.00
      366    433  6.00
      366    471  3.00
      366    498  3.00
      366    505  3.00
      366    507  4.00
      366    545  4.00
      367    402  1.00
      367    404  1.00
      367    416  2.00
      367    423  1.00
      367    469  1.00
      367    477  1.00
      367    478  1.00
      367    481  1.00
      367    559  2.00
      368    373  1.00
      368    384  1.00
      368    437  1.00
      368    438  1.00
      368    447  2.00
      368    452  1.00
      368    463  2.00
      368    514  1.00
      368    562  2.00
      368    564  1.00
      369    342  2.00
      369    415  1.00
      369    423  1.00
      369    444  2.00
      369    549  1.00
      370    208  6.00
      370    333  4.00
      370    363  4.00
      370    472  2.00
      370    505  2.00
      371     21  2.00
      371    405  3.00
      371    505  5.00
      371    514  1.00
      372    374  6.00
      372    413  1.00
      372    499  2.00
      372    518  5.00
      372    543  1.00
      372    546  4.00
      373    343  1.00
      373    355  2.00
      373    356  3.00
      373    371  3.00
      373    381  1.00
      373    387  4.00
      373    402  1.00
      373    507  5.00
      373    514  6.00
      373    563  4.00
      374    372  4.00
      374    430  1.00
      374    508  1.00
      374    546  1.00
      374    555  1.00
      376    377  3.00
      376    381  3.00
      376    393  6.00
      376    405  6.00
      376    463  4.00
      376    537  6.00
      376    564  3.00
      377    339  3.00
      377    376  4.00
      377    382  3.00
      377    400  2.00
      377    405  3.00
      377    422  2.00
      377    455  2.00
      377    514  2.00
      377    537  4.00
      377    564  4.00
      378    329  1.00
      378    358  4.00
      378    361  1.00
      378    392  3.00
      378    408  6.00
      378    463  6.00
      378    515  4.00
      378    555  3.00
      379    384  1.00
      379    437  1.00
      379    452  1.00
      379    458  1.00
      379    486  1.00
      379    518  2.00
      379    522  2.00
      379    534  4.00
      379    543  3.00
      380    323  2.00
      380    343  1.00
      380    411  1.00
      380    423  1.00
      380    460  1.00
      380    489  1.00
      380    509  1.00
      380    527  1.00
      380    545  5.00
      381    340  6.00
      381    370  1.00
      381    376  5.00
      381    393  3.00
      381    402  6.00
      381    431  6.00
      381    530  2.00
      382    325  1.00
      382    326  2.00
      382    360  1.00
      382    405  2.00
      382    509  1.00
      382    530  2.00
      382    533  1.00
      382    537  4.00
      384    413  2.00
      384    437  2.00
      384    452  2.00
      384    454  4.00
      384    486  5.00
      384    511  4.00
      384    518  2.00
      384    537  2.00
      384    543  3.00
      384    564  2.00
      385    339  1.00
      385    433  4.00
      385    461  1.00
      385    500  1.00
      385    509  1.00
      386    323  1.00
      386    356  3.00
      386    360  1.00
      386    412  1.00
      386    434  5.00
      386    509  3.00
      386    558  1.00
      387    356  4.00
      387    373  5.00
      387    382  1.00
      387    386  4.00
      387    404  1.00
      387    434  2.00
      387    469  3.00
      387    509  3.00
      387    563  4.00
      388    333  2.00
      388    339  2.00
      388    363  2.00
      388    365  1.00
      388    405  2.00
      388    472  2.00
      388    500  1.00
      388    502  6.00
      389    322  1.00
      389    351  1.00
      389    380  1.00
      389    460  1.00
      389    461  1.00
      389    462  1.00
      390    163  2.00
      390    307  3.00
      391    343  1.00
      391    356  2.00
      391    386  2.00
      391    411  1.00
      391    447  1.00
      391    509  3.00
      391    562  1.00
      392    345  5.00
      392    368  1.00
      392    400  3.00
      392    452  1.00
      392    454  4.00
      392    458  2.00
      392    463  6.00
      392    511  1.00
      392    543  3.00
      392    554  1.00
      393    376  4.00
      393    377  1.00
      393    381  2.00
      393    382  3.00
      393    405  3.00
      393    422  2.00
      393    537  1.00
      394    330  1.00
      394    412  2.00
      394    423  1.00
      394    439  4.00
      394    472  3.00
      394    559  1.00
      394    562  2.00
      395    347  5.00
      395    361  2.00
      395    397  4.00
      395    506  1.00
      395    531  1.00
      395    537  1.00
      395    563  4.00
      395    565  2.00
      396    536  4.00
      397    395  1.00
      397    464  1.00
      397    565  1.00
      398    363  3.00
      398    400  1.00
      398    463  1.00
      398    500  2.00
      399    332  2.00
      399    422  1.00
      399    440  1.00
      399    441  1.00
      399    495  2.00
      399    500  2.00
      399    502  2.00
      399    514  1.00
      399    557  2.00
      400    422  5.00
      400    452  3.00
      400    480  3.00
      400    496  3.00
      400    511  2.00
      401    349  4.00
      401    361  2.00
      401    413  2.00
      401    483  3.00
      401    497  4.00
      401    502  3.00
      401    511  2.00
      401    518  2.00
      401    543  2.00
      403    461  2.00
      403    487  3.00
      403    525  2.00
      403    559  2.00
      404    326  1.00
      404    367  1.00
      404    412  1.00
      404    461  1.00
      404    462  5.00
      404    465  5.00
      404    563  4.00
      405    333  4.00
      405    339  2.00
      405    376  3.00
      405    382  5.00
      405    500  2.00
      405    530  2.00
      406    396  3.00
      406    477  3.00
      406    512  3.00
      406    536  1.00
      406    552  3.00
      406    553  2.00
      407    406  1.00
      407    477  1.00
      408    473  2.00
      408    495  1.00
      408    496  1.00
      408    506  3.00
      408    513  2.00
      409    384  2.00
      409    410  4.00
      409    413  1.00
      409    423  1.00
      409    437  3.00
      409    454  5.00
      409    515  2.00
      409    534  1.00
      409    543  2.00
      409    560  3.00
      410    376  2.00
      410    383  2.00
      410    409  2.00
      410    413  3.00
      410    422  1.00
      410    454  2.00
      410    495  1.00
      410    522  1.00
      410    537  3.00
      410    543  3.00
      411    356  1.00
      411    386  1.00
      411    412  1.00
      411    423  1.00
      411    434  1.00
      411    509  1.00
      411    510  1.00
      411    540  6.00
      411    558  1.00
      412    386  4.00
      412    411  1.00
      412    423  5.00
      412    434  5.00
      412    469  1.00
      412    556  2.00
      413    345  3.00
      413    379  3.00
      413    410  2.00
      413    437  1.00
      413    452  1.00
      413    458  3.00
      413    522  3.00
      413    534  4.00
      413    543  6.00
      413    560  1.00
      414    397  1.00
      414    401  1.00
      414    503  5.00
      414    524  1.00
      414    555  1.00
      415    359  4.00
      415    477  1.00
      415    479  5.00
      415    489  2.00
      415    539  2.00
      416    367  2.00
      416    435  2.00
      416    481  2.00
      416    517  2.00
      416    553  2.00
      416    559  2.00
      417    355  2.00
      417    360  3.00
      417    509  1.00
      417    533  1.00
      417    540  1.00
      418    343  1.00
      418    412  1.00
      418    423  2.00
      418    434  1.00
      418    477  1.00
      418    478  1.00
      418    498  2.00
      418    509  1.00
      418    518  1.00
      418    533  1.00
      419    341  3.00
      419    343  1.00
      419    356  1.00
      419    412  2.00
      419    420  6.00
      419    428  2.00
      419    447  4.00
      419    450  5.00
      419    474  1.00
      419    562  1.00
      422    376  1.00
      422    377  1.00
      422    382  5.00
      422    400  2.00
      422    413  2.00
      422    452  2.00
      422    463  1.00
      422    487  2.00
      422    520  2.00
      422    537  1.00
      423     77  4.00
      423    326  2.00
      423    434  4.00
      423    460  4.00
      423    469  4.00
      423    484  3.00
      423    509  4.00
      423    533  4.00
      424     61  1.00
      424    487  2.00
      424    491  2.00
      427    329  1.00
      427    331  1.00
      427    335  1.00
      427    547  2.00
      428    323  1.00
      428    380  1.00
      428    423  1.00
      428    434  1.00
      428    469  1.00
      428    478  2.00
      428    509  1.00
      428    527  1.00
      428    558  1.00
      429     57  6.00
      429    330  6.00
      429    394  2.00
      429    412  2.00
      429    468  6.00
      429    475  4.00
      429    556  3.00
      429    568  4.00
      430    178  4.00
      430    367  6.00
      430    368  3.00
      430    499  4.00
      430    508  3.00
      430    546  5.00
      430    562  2.00
      431    340  5.00
      431    365  2.00
      431    530  5.00
      431    556  2.00
      432    376  5.00
      432    413  5.00
      432    437  2.00
      432    452  2.00
      432    458  2.00
      432    486  1.00
      432    514  2.00
      432    537  6.00
      432    543  1.00
      432    564  3.00
      433    333  2.00
      433    339  2.00
      433    340  2.00
      433    381  1.00
      433    385  2.00
      433    472  1.00
      434    323  3.00
      434    360  2.00
      434    386  3.00
      434    423  2.00
      434    478  2.00
      434    489  1.00
      434    509  2.00
      434    558  3.00
      435    355  1.00
      435    419  1.00
      435    420  1.00
      435    433  1.00
      435    481  6.00
      436    244  4.00
      436    253  4.00
      436    291  2.00
      436    354  2.00
      437    233  5.00
      437    289  5.00
      437    401  2.00
      437    423  4.00
      437    452  6.00
      437    458  4.00
      437    469  2.00
      437    480  4.00
      437    486  5.00
      437    533  2.00
      438    223  1.00
      438    422  3.00
      438    511  1.00
      438    565  1.00
      439    333  3.00
      439    339  3.00
      439    343  1.00
      439    363  4.00
      439    380  1.00
      439    394  5.00
      439    405  1.00
      439    472  6.00
      439    515  4.00
      439    530  2.00
      440    244  5.00
      440    328  1.00
      440    332  2.00
      440    337  3.00
      440    338  2.00
      440    398  1.00
      440    488  5.00
      440    516  1.00
      441    327  1.00
      441    358  1.00
      441    361  1.00
      441    401  1.00
      441    502  1.00
      441    520  1.00
      441    531  1.00
      441    535  1.00
      441    544  1.00
      442    144  1.00
      442    401  2.00
      442    455  2.00
      442    464  2.00
      442    486  2.00
      442    492  2.00
      442    522  2.00
      442    543  2.00
      442    564  2.00
      443    384  3.00
      443    511  2.00
      444    453  2.00
      444    456  1.00
      445    437  1.00
      445    452  1.00
      445    458  2.00
      446    345  1.00
      446    407  3.00
      446    409  2.00
      446    441  1.00
      446    442  1.00
      446    531  1.00
      446    534  1.00
      446    561  2.00
      446    564  1.00
      447    108  2.00
      447    116  2.00
      447    391  3.00
      447    394  1.00
      447    419  2.00
      447    450  1.00
      447    478  1.00
      447    509  3.00
      447    562  3.00
      448    346  2.00
      448    468  2.00
      448    568  2.00
      449    333  1.00
      449    339  1.00
      449    340  1.00
      449    356  1.00
      449    389  1.00
      449    402  1.00
      449    407  1.00
      449    423  1.00
      449    489  1.00
      450    356  1.00
      450    394  1.00
      450    419  2.00
      450    420  3.00
      450    447  1.00
      450    461  1.00
      450    471  1.00
      450    505  1.00
      450    545  1.00
      451    169  6.00
      451    229  1.00
      451    434  1.00
      454    372  1.00
      454    392  1.00
      454    409  3.00
      454    410  5.00
      454    413  3.00
      454    414  1.00
      454    495  1.00
      454    496  1.00
      454    522  1.00
      454    543  3.00
      455     69  2.00
      455    196  2.00
      455    422  1.00
      455    461  2.00
      455    463  2.00
      455    525  2.00
      456    342  2.00
      456    372  2.00
      456    376  2.00
      456    444  2.00
      456    479  1.00
      456    522  2.00
      456    549  2.00
      457    329  1.00
      457    349  1.00
      457    400  1.00
      457    401  3.00
      457    408  1.00
      457    516  1.00
      457    534  1.00
      457    535  1.00
      457    555  4.00
      457    557  6.00
      458    352  1.00
      458    413  2.00
      458    437  1.00
      458    452  4.00
      458    463  1.00
      458    480  1.00
      458    522  1.00
      458    534  1.00
      458    544  1.00
      458    560  1.00
      459    534  2.00
      459    543  2.00
      459    555  1.00
      460    323  2.00
      460    360  4.00
      460    412  4.00
      460    423  4.00
      460    434  2.00
      460    486  2.00
      460    509  3.00
      461    322  4.00
      461    389  4.00
      461    494  6.00
      462    370  1.00
      462    465  6.00
      463    345  1.00
      463    368  3.00
      463    392  3.00
      463    400  2.00
      463    433  3.00
      463    452  1.00
      463    455  6.00
      464    348  1.00
      464    376  1.00
      464    397  1.00
      464    430  1.00
      464    438  1.00
      464    442  1.00
      464    455  1.00
      464    526  2.00
      464    564  2.00
      464    565  1.00
      465    370  1.00
      465    404  4.00
      465    439  1.00
      465    461  1.00
      465    462  5.00
      465    500  1.00
      465    507  1.00
      465    514  1.00
      466     45  2.00
      466    139  2.00
      466    203  2.00
      466    232  3.00
      466    303  2.00
      467     19  2.00
      467     61  2.00
      467     72  3.00
      467    188  3.00
      467    290  3.00
      468     57  6.00
      468    323  1.00
      468    330  5.00
      468    380  2.00
      468    409  2.00
      468    429  5.00
      468    448  4.00
      468    538  4.00
      468    540  3.00
      468    568  4.00
      469    343  1.00
      469    367  1.00
      469    412  1.00
      469    423  3.00
      469    477  1.00
      469    486  1.00
      469    510  1.00
      469    533  3.00
      470    394  1.00
      470    450  2.00
      470    545  1.00
      471    325  3.00
      471    340  2.00
      471    366  2.00
      471    380  2.00
      471    423  2.00
      471    450  3.00
      471    545  2.00
      472    333  3.00
      472    339  3.00
      472    363  5.00
      472    405  2.00
      472    478  1.00
      472    500  1.00
      472    515  6.00
      472    530  4.00
      473    138  1.00
      473    166  1.00
      473    270  1.00
      473    405  1.00
      473    408  4.00
      473    513  3.00
      473    534  4.00
      473    543  1.00
      474    363  1.00
      474    373  3.00
      475      1  6.00
      475     42  5.00
      475    330  5.00
      475    402  2.00
      475    416  2.00
      475    449  2.00
      475    568  3.00
      476    304  4.00
      476    494  1.00
      477    340  2.00
      477    355  1.00
      477    356  1.00
      477    360  1.00
      477    367  1.00
      477    402  3.00
      477    417  1.00
      477    423  2.00
      477    556  2.00
      478    323  1.00
      478    326  1.00
      478    355  1.00
      478    423  1.00
      478    436  1.00
      478    484  1.00
      478    505  1.00
      478    509  1.00
      478    558  1.00
      479     68  3.00
      479    164  1.00
      479    359  1.00
      479    415  3.00
      480    345  1.00
      480    392  1.00
      480    400  2.00
      480    452  2.00
      480    458  3.00
      480    463  1.00
      480    495  2.00
      480    496  2.00
      480    534  1.00
      481     79  6.00
      481    367  1.00
      481    416  4.00
      481    435  6.00
      481    478  1.00
      481    559  6.00
      482    355  4.00
      482    360  2.00
      482    417  3.00
      482    447  2.00
      482    478  3.00
      482    484  2.00
      483     71  1.00
      483    349  2.00
      483    361  1.00
      483    401  2.00
      483    425  1.00
      483    497  2.00
      485    338  4.00
      485    356  2.00
      485    436  4.00
      485    488  2.00
      486    384  1.00
      486    410  5.00
      486    413  1.00
      486    423  1.00
      486    454  2.00
      486    458  1.00
      486    460  1.00
      486    469  1.00
      486    524  3.00
      486    543  1.00
      487    376  1.00
      487    455  1.00
      487    463  1.00
      487    495  6.00
      487    496  6.00
      487    515  1.00
      487    537  1.00
      488     12  3.00
      488    148  5.00
      488    195  3.00
      488    244  4.00
      488    283  4.00
      488    286  6.00
      488    332  4.00
      488    440  5.00
      489    340  1.00
      489    357  4.00
      489    380  1.00
      489    530  1.00
      489    556  1.00
      490    229  3.00
      490    347  1.00
      490    454  1.00
      490    473  2.00
      490    501  2.00
      490    513  6.00
      490    514  1.00
      490    534  4.00
      490    543  2.00
      491     61  2.00
      491     68  2.00
      491    366  1.00
      491    424  4.00
      491    549  2.00
      492    352  1.00
      492    399  1.00
      492    400  1.00
      492    452  1.00
      492    511  1.00
      492    519  3.00
      492    520  2.00
      492    537  1.00
      492    544  1.00
      492    564  1.00
      493     91  1.00
      493    198  1.00
      493    357  1.00
      493    362  4.00
      493    416  1.00
      493    474  4.00
      493    523  5.00
      493    563  4.00
      494    322  3.00
      494    361  1.00
      494    401  1.00
      494    461  4.00
      494    476  1.00
      495     12  5.00
      495    265  5.00
      495    487  5.00
      495    496  5.00
      496    398  2.00
      496    480  3.00
      496    487  3.00
      496    515  2.00
      497    349  3.00
      497    361  2.00
      497    401  5.00
      497    483  2.00
      498    343  1.00
      498    366  1.00
      498    418  1.00
      498    433  1.00
      498    461  1.00
      498    474  1.00
      498    507  1.00
      499    327  5.00
      499    347  4.00
      499    430  3.00
      499    501  2.00
      499    508  5.00
      499    546  6.00
      500    405  1.00
      501    347  3.00
      501    350  2.00
      501    362  1.00
      501    414  2.00
      501    490  3.00
      501    513  2.00
      501    563  2.00
      502    349  1.00
      502    358  1.00
      502    361  2.00
      502    388  6.00
      502    398  1.00
      502    401  4.00
      502    483  2.00
      502    497  3.00
      502    551  1.00
      502    554  1.00
      503    347  1.00
      503    384  2.00
      503    414  6.00
      503    455  2.00
      503    501  2.00
      503    515  3.00
      504    378  2.00
      504    444  1.00
      505    366  3.00
      505    371  3.00
      505    381  3.00
      505    382  2.00
      505    478  5.00
      505    527  3.00
      505    537  3.00
      505    556  2.00
      505    563  5.00
      506    368  4.00
      506    408  6.00
      506    460  4.00
      506    473  4.00
      506    508  6.00
      507    324  1.00
      507    366  1.00
      507    505  1.00
      507    563  3.00
      508    374  3.00
      508    430  4.00
      508    446  1.00
      508    499  3.00
      508    506  6.00
      508    529  1.00
      508    546  4.00
      508    555  1.00
      509    411  4.00
      509    423  2.00
      509    510  3.00
      509    540  5.00
      510    434  1.00
      510    438  1.00
      510    451  1.00
      510    468  1.00
      510    538  2.00
      510    540  3.00
      510    550  1.00
      510    568  1.00
      511    352  1.00
      511    400  2.00
      511    432  2.00
      511    454  3.00
      511    495  1.00
      511    496  1.00
      511    518  2.00
      511    522  2.00
      511    537  2.00
      511    543  2.00
      512    342  1.00
      512    343  1.00
      512    406  2.00
      513    473  2.00
      513    490  4.00
      513    501  3.00
      514    373  5.00
      514    383  3.00
      514    409  3.00
      514    423  1.00
      514    437  4.00
      514    452  2.00
      514    455  1.00
      514    516  1.00
      514    520  5.00
      514    564  1.00
      515    333  5.00
      515    339  5.00
      515    405  3.00
      515    455  3.00
      515    472  6.00
      515    530  3.00
      516    332  2.00
      516    398  2.00
      516    425  2.00
      516    440  2.00
      516    514  2.00
      516    520  2.00
      516    551  2.00
      517    340  1.00
      517    346  1.00
      517    402  1.00
      517    416  1.00
      517    423  1.00
      517    464  1.00
      517    477  1.00
      517    493  1.00
      517    558  1.00
      518    384  1.00
      518    414  2.00
      518    437  3.00
      518    458  1.00
      518    480  1.00
      519    492  2.00
      520    400  2.00
      520    401  1.00
      520    422  3.00
      520    514  3.00
      521     13  2.00
      521     28  1.00
      521     30  1.00
      521    148  6.00
      521    158  1.00
      521    234  1.00
      521    283  2.00
      521    291  5.00
      522    379  1.00
      522    413  1.00
      522    518  1.00
      522    543  3.00
      523    362  2.00
      523    493  4.00
      523    537  2.00
      523    553  3.00
      524    360  2.00
      524    430  2.00
      524    437  2.00
      524    452  2.00
      524    486  4.00
      524    534  1.00
      526    335  3.00
      526    353  1.00
      526    438  1.00
      526    442  1.00
      526    464  1.00
      526    492  1.00
      526    502  1.00
      526    515  1.00
      526    543  1.00
      526    565  1.00
      527    373  1.00
      527    423  1.00
      527    505  1.00
      527    550  2.00
      528    331  1.00
      528    348  1.00
      528    353  1.00
      528    426  1.00
      528    427  1.00
      528    450  1.00
      528    522  1.00
      528    547  1.00
      529      3  2.00
      529    233  4.00
      529    248  3.00
      529    311  3.00
      529    437  4.00
      529    452  4.00
      529    455  3.00
      529    480  4.00
      530    339  1.00
      530    363  1.00
      530    382  2.00
      530    405  3.00
      530    453  5.00
      530    472  4.00
      530    533  1.00
      531    514  2.00
      531    534  2.00
      531    555  2.00
      532    337  3.00
      532    354  1.00
      533    323  2.00
      533    343  1.00
      533    363  3.00
      533    412  1.00
      533    423  4.00
      533    434  1.00
      533    469  5.00
      533    484  5.00
      533    509  3.00
      534    383  1.00
      534    437  1.00
      534    452  1.00
      534    454  1.00
      534    480  1.00
      534    490  2.00
      534    518  2.00
      534    543  2.00
      535    358  2.00
      535    361  1.00
      535    374  2.00
      535    400  1.00
      535    441  2.00
      535    442  1.00
      535    499  1.00
      535    544  2.00
      535    555  2.00
      536    374  2.00
      536    396  4.00
      536    461  3.00
      537    376  6.00
      537    382  5.00
      537    417  2.00
      537    432  2.00
      537    564  5.00
      538    323  1.00
      538    356  1.00
      538    405  1.00
      538    434  1.00
      538    451  1.00
      538    468  2.00
      538    509  1.00
      538    510  3.00
      538    540  5.00
      538    568  1.00
      539    333  3.00
      539    359  3.00
      539    372  3.00
      539    376  2.00
      539    393  2.00
      539    415  2.00
      539    550  1.00
      539    567  2.00
      540    411  2.00
      540    509  6.00
      540    510  6.00
      540    538  6.00
      541     36  2.00
      541     88  1.00
      541    123  3.00
      541    220  1.00
      541    247  3.00
      541    278  2.00
      541    280  4.00
      542    384  1.00
      542    408  6.00
      542    409  2.00
      542    503  1.00
      542    518  3.00
      542    522  1.00
      542    543  2.00
      542    555  2.00
      543    379  3.00
      543    411  6.00
      543    437  2.00
      543    452  2.00
      543    458  3.00
      543    480  1.00
      543    518  3.00
      543    522  4.00
      543    534  4.00
      543    560  1.00
      544    327  1.00
      544    358  2.00
      544    441  2.00
      544    463  1.00
      544    499  1.00
      544    514  1.00
      544    518  1.00
      544    535  3.00
      544    555  1.00
      545    343  3.00
      545    351  3.00
      545    380  6.00
      545    448  1.00
      545    471  3.00
      545    489  1.00
      545    505  3.00
      545    563  2.00
      546    372  2.00
      546    374  1.00
      546    430  2.00
      546    499  3.00
      546    506  1.00
      546    508  1.00
      547    331  2.00
      547    427  1.00
      547    548  2.00
      548    524  1.00
      548    526  3.00
      548    527  1.00
      549    198  6.00
      549    342  5.00
      549    415  2.00
      549    456  6.00
      549    471  5.00
      550    322  2.00
      550    365  1.00
      551    378  1.00
      551    463  1.00
      551    502  2.00
      551    516  3.00
      551    543  1.00
      552    356  1.00
      552    396  3.00
      552    406  3.00
      552    536  2.00
      553    198  2.00
      553    334  2.00
      553    353  2.00
      553    362  4.00
      553    405  1.00
      553    416  1.00
      553    461  1.00
      553    493  3.00
      553    523  3.00
      553    530  1.00
      554    327  1.00
      554    345  1.00
      554    368  4.00
      554    384  1.00
      554    400  1.00
      554    463  2.00
      554    555  2.00
      555    327  1.00
      555    329  1.00
      555    374  1.00
      555    384  1.00
      555    397  1.00
      555    438  1.00
      555    508  1.00
      555    535  1.00
      555    554  1.00
      556    323  1.00
      556    330  2.00
      556    343  1.00
      556    355  1.00
      556    423  2.00
      556    429  2.00
      556    460  1.00
      556    558  1.00
      556    563  1.00
      557    398  2.00
      557    399  4.00
      557    457  4.00
      557    458  2.00
      557    516  3.00
      557    555  2.00
      558    323  4.00
      558    343  1.00
      558    356  1.00
      558    386  3.00
      558    411  1.00
      558    417  1.00
      558    423  2.00
      558    434  5.00
      558    509  2.00
      559     79  5.00
      559    107  1.00
      559    183  6.00
      559    355  5.00
      559    367  2.00
      559    416  2.00
      559    478  2.00
      559    481  5.00
      560    413  1.00
      560    423  3.00
      560    437  2.00
      560    452  2.00
      560    458  4.00
      560    480  4.00
      560    518  1.00
      560    543  1.00
      560    564  1.00
      561    446  1.00
      562    355  3.00
      562    412  3.00
      562    434  1.00
      562    447  1.00
      562    478  1.00
      562    509  1.00
      562    517  1.00
      562    556  3.00
      563    404  6.00
      563    451  3.00
      563    505  4.00
      563    507  3.00
      563    509  3.00
      563    527  2.00
      564    376  5.00
      564    377  5.00
      564    382  2.00
      564    392  3.00
      564    413  3.00
      564    437  1.00
      564    452  1.00
      564    458  1.00
      564    514  1.00
      564    537  6.00
      565    345  1.00
      565    353  1.00
      565    395  1.00
      565    397  1.00
      565    438  1.00
      565    442  1.00
      565    464  1.00
      565    531  1.00
      565    544  1.00
      566    347  2.00
      566    362  1.00
      566    473  1.00
      566    501  1.00
      566    504  2.00
      566    534  1.00
      567    333  2.00
      567    342  1.00
      567    359  3.00
      567    393  2.00
      567    402  1.00
      567    415  1.00
      567    539  3.00
      568    176  2.00
      568    468  6.00
      568    514  4.00
      568    520  4.00
      568    538  4.00
      568    540  4.00
      569     15  1.00
      569     22  1.00
      569     34  1.00
      569     35  2.00
      569     42  1.00
      569     57  1.00
      569    176  2.00
      569    184  2.00