DL
N=626
FORMAT=EDGELIST1
DATA:
        1    256  2.00
        1    309  6.00
        1    435  3.00
        1    445  1.00
        1    458  5.00
        2     26  1.00
        2    181  1.00
        2    239  1.00
        2    241  1.00
        2    296  1.00
        2    445  1.00
        2    482  1.00
        2    549  5.00
        2    563  1.00
        2    601  1.00
        3    605  1.00
        4      5  1.00
        4     73  1.00
        4    104  1.00
        4    206  1.00
        4    384  1.00
        6    231  1.00
        6    235  3.00
        6    320  3.00
        6    328  1.00
        6    358  4.00
        6    406  4.00
        6    419  3.00
        6    456  1.00
        7    485  5.00
        7    564  1.00
        7    594  1.00
        8    115  3.00
        8    204  3.00
        8    246  5.00
        8    341  5.00
        8    446  4.00
        8    459  4.00
        8    605  4.00
        8    609  2.00
       10      3  1.00
       10    200  1.00
       10    257  1.00
       10    260  1.00
       10    321  3.00
       10    438  4.00
       10    443  2.00
       10    507  1.00
       10    559  3.00
       10    572  1.00
       12     63  3.00
       12    330  1.00
       12    381  3.00
       12    398  2.00
       13    414  2.00
       13    457  2.00
       13    623  2.00
       14     11  1.00
       14     24  1.00
       14     48  1.00
       14     97  2.00
       14    200  6.00
       14    244  1.00
       14    368  2.00
       14    443  2.00
       14    559  2.00
       14    599  2.00
       15    167  1.00
       15    232  2.00
       15    254  3.00
       15    446  3.00
       15    463  2.00
       15    521  1.00
       16    262  5.00
       16    348  4.00
       16    376  5.00
       16    517  4.00
       17     38  3.00
       17    150  1.00
       17    155  5.00
       17    220  1.00
       17    249  4.00
       17    252  5.00
       17    440  2.00
       17    462  2.00
       18     93  4.00
       18    198  4.00
       18    478  4.00
       19    396  4.00
       19    453  4.00
       19    481  4.00
       20     17  1.00
       20     41  2.00
       20     97  1.00
       20    234  1.00
       20    244  2.00
       20    399  1.00
       20    486  1.00
       21     82  2.00
       21    295  2.00
       21    316  2.00
       21    491  2.00
       22     16  1.00
       22     93  2.00
       22    115  5.00
       22    136  2.00
       22    187  4.00
       22    204  3.00
       22    495  3.00
       22    535  5.00
       22    609  5.00
       24     14  5.00
       24    200  4.00
       24    422  4.00
       24    443  3.00
       24    559  5.00
       25     14  2.00
       25     17  1.00
       25     48  4.00
       25     81  3.00
       25     97  1.00
       25    200  1.00
       25    305  4.00
       25    313  1.00
       25    598  1.00
       25    599  1.00
       26      2  1.00
       26    239  1.00
       26    244  2.00
       26    391  1.00
       27     84  4.00
       27    480  1.00
       28     61  3.00
       28    124  2.00
       28    526  2.00
       29     70  2.00
       30    168  2.00
       30    280  1.00
       30    382  1.00
       30    454  1.00
       30    606  4.00
       31    284  5.00
       31    322  2.00
       31    555  5.00
       32    128  4.00
       32    339  3.00
       32    411  6.00
       33     29  2.00
       33     36  2.00
       33     70  6.00
       33    201  5.00
       33    286  5.00
       33    529  4.00
       34     29  1.00
       34     33  2.00
       34     36  1.00
       34     70  3.00
       34    107  3.00
       34    114  1.00
       34    119  2.00
       34    142  2.00
       34    207  1.00
       34    529  1.00
       35    113  1.00
       35    279  1.00
       35    533  6.00
       35    578  1.00
       36     72  1.00
       36    114  1.00
       36    149  2.00
       36    404  2.00
       36    452  1.00
       36    527  1.00
       36    529  3.00
       37    110  3.00
       38     96  2.00
       38    155  6.00
       38    220  3.00
       38    249  3.00
       38    313  3.00
       38    336  2.00
       38    462  6.00
       38    494  2.00
       38    537  2.00
       38    617  4.00
       40      9  2.00
       40     63  4.00
       40    152  3.00
       40    307  3.00
       40    330  5.00
       40    358  3.00
       40    381  5.00
       40    398  4.00
       41    175  1.00
       41    301  4.00
       41    346  1.00
       41    507  3.00
       41    603  1.00
       42     66  1.00
       42    143  1.00
       42    161  1.00
       42    370  4.00
       42    535  1.00
       43    163  2.00
       43    403  3.00
       43    444  2.00
       43    604  2.00
       44     24  6.00
       44    264  3.00
       44    435  3.00
       44    442  2.00
       44    476  6.00
       44    601  2.00
       45    232  1.00
       45    254  2.00
       45    366  2.00
       45    367  2.00
       45    498  2.00
       46    100  2.00
       46    105  5.00
       46    234  5.00
       46    266  5.00
       47     48  1.00
       47    200  2.00
       47    241  1.00
       47    296  1.00
       47    309  1.00
       47    327  2.00
       47    397  4.00
       47    443  1.00
       47    476  3.00
       48     25  1.00
       48     81  1.00
       48     92  1.00
       48    200  2.00
       48    305  3.00
       48    443  2.00
       48    445  1.00
       48    494  1.00
       48    559  3.00
       48    601  1.00
       49     47  2.00
       49    171  6.00
       49    200  1.00
       49    244  1.00
       49    486  6.00
       49    579  1.00
       50     49  3.00
       50     65  3.00
       50    157  2.00
       51    175  1.00
       51    311  1.00
       51    603  1.00
       52    350  5.00
       52    353  3.00
       52    464  2.00
       52    547  2.00
       52    583  5.00
       52    618  1.00
       52    622  6.00
       53    593  1.00
       53    603  1.00
       54     56  2.00
       54    138  1.00
       54    235  1.00
       54    328  1.00
       54    339  2.00
       54    340  2.00
       54    358  2.00
       54    406  2.00
       54    412  2.00
       54    487  5.00
       55     14  4.00
       55    156  3.00
       55    249  1.00
       55    337  4.00
       55    371  1.00
       55    507  1.00
       55    599  1.00
       55    620  6.00
       56    192  5.00
       56    412  6.00
       56    528  3.00
       56    573  2.00
       56    577  6.00
       57      8  6.00
       57     79  5.00
       57    136  6.00
       57    205  3.00
       57    306  3.00
       57    312  3.00
       57    384  4.00
       57    460  5.00
       57    605  6.00
       58    576  4.00
       59     41  4.00
       59    156  4.00
       59    210  5.00
       59    301  4.00
       59    311  6.00
       59    333  5.00
       59    334  3.00
       59    372  4.00
       59    399  5.00
       59    599  4.00
       60     79  1.00
       60     87  1.00
       60    534  3.00
       61     28  5.00
       62    538  2.00
       63     12  3.00
       63     40  5.00
       63    275  3.00
       63    330  2.00
       63    381  5.00
       63    398  3.00
       63    580  2.00
       65     23  3.00
       65     47  1.00
       65    157  4.00
       65    321  6.00
       65    476  2.00
       65    625  2.00
       66    158  5.00
       66    161  4.00
       66    317  3.00
       68    136  5.00
       68    283  1.00
       68    310  4.00
       68    328  2.00
       68    420  5.00
       69      5  3.00
       69      8  1.00
       69    246  1.00
       69    248  1.00
       69    426  1.00
       69    459  1.00
       69    605  6.00
       70     29  5.00
       70     33  4.00
       70    107  4.00
       72     36  3.00
       72    114  3.00
       72    149  3.00
       72    207  1.00
       72    279  2.00
       72    404  3.00
       72    409  2.00
       72    448  5.00
       72    529  5.00
       72    579  3.00
       73      4  3.00
       73     80  3.00
       73    104  1.00
       73    206  1.00
       73    294  1.00
       73    306  1.00
       73    384  2.00
       73    489  1.00
       73    558  3.00
       74     23  1.00
       74    244  4.00
       74    256  1.00
       74    318  3.00
       74    388  1.00
       74    397  3.00
       74    415  1.00
       74    476  5.00
       75     62  2.00
       75    128  5.00
       75    411  2.00
       75    503  6.00
       75    538  2.00
       75    573  5.00
       75    577  3.00
       75    580  5.00
       76    106  6.00
       76    451  5.00
       77    141  4.00
       77    144  4.00
       77    150  3.00
       77    525  2.00
       77    574  5.00
       77    575  4.00
       77    599  2.00
       79     57  3.00
       79    281  4.00
       79    306  5.00
       79    325  3.00
       79    384  3.00
       80     73  2.00
       80    206  6.00
       80    221  2.00
       80    228  2.00
       80    294  3.00
       80    384  1.00
       80    489  3.00
       80    558  3.00
       81     48  3.00
       81     94  3.00
       81    200  4.00
       81    305  4.00
       81    443  4.00
       82     14  3.00
       82    181  1.00
       82    241  1.00
       82    395  1.00
       82    493  2.00
       83    210  3.00
       83    451  3.00
       83    575  2.00
       84     27  5.00
       84    259  4.00
       84    278  4.00
       84    407  3.00
       84    500  4.00
       84    561  4.00
       85     83  4.00
       85    167  2.00
       85    227  3.00
       85    232  3.00
       86     57  1.00
       86     79  4.00
       86    205  5.00
       86    306  6.00
       87     60  1.00
       87    554  4.00
       88     25  1.00
       88     51  1.00
       88     53  1.00
       88     90  1.00
       88     96  1.00
       88     97  1.00
       88    216  1.00
       88    252  1.00
       88    336  1.00
       88    616  1.00
       90     51  3.00
       90     53  3.00
       90     96  2.00
       90    593  2.00
       90    603  3.00
       91    198  1.00
       91    222  5.00
       92     48  2.00
       92     81  2.00
       92    200  2.00
       92    256  5.00
       92    305  2.00
       92    443  3.00
       92    515  2.00
       92    559  2.00
       92    601  4.00
       93     18  4.00
       93     91  4.00
       93    478  4.00
       93    546  4.00
       94     24  1.00
       94     48  1.00
       94     81  2.00
       94    245  5.00
       94    256  4.00
       94    264  6.00
       94    305  1.00
       94    443  4.00
       94    559  2.00
       95    254  6.00
       95    352  6.00
       95    434  6.00
       95    612  5.00
       96     88  1.00
       96     90  1.00
       96    155  1.00
       96    156  1.00
       96    175  1.00
       96    216  1.00
       96    462  1.00
       96    599  1.00
       97     17  4.00
       97    216  6.00
       97    220  4.00
       97    252  6.00
       97    336  4.00
       97    462  4.00
       97    593  4.00
       98     76  1.00
       98    106  1.00
       98    451  1.00
       99    233  4.00
       99    273  3.00
       99    283  3.00
       99    479  6.00
      100     46  2.00
      100    105  2.00
      100    234  2.00
      100    266  2.00
      100    268  3.00
      101    132  5.00
      101    139  6.00
      101    456  3.00
      101    479  5.00
      101    566  1.00
      101    567  5.00
      103     40  2.00
      103    152  2.00
      103    233  3.00
      103    242  3.00
      103    261  2.00
      103    400  2.00
      103    566  1.00
      103    611  3.00
      103    614  2.00
      103    615  1.00
      104      4  4.00
      104     73  2.00
      104     80  3.00
      104    126  2.00
      104    178  5.00
      104    206  2.00
      104    228  2.00
      104    306  2.00
      104    334  5.00
      104    599  5.00
      105     46  2.00
      105    266  3.00
      106     76  1.00
      106     98  1.00
      106    451  1.00
      107     29  3.00
      107     36  1.00
      107     70  6.00
      107    142  1.00
      107    201  4.00
      107    208  1.00
      107    286  3.00
      107    327  2.00
      107    378  1.00
      107    529  2.00
      108     79  2.00
      108    199  3.00
      108    383  6.00
      108    384  1.00
      108    450  5.00
      108    532  3.00
      109    125  2.00
      109    272  2.00
      110     37  3.00
      110    144  2.00
      110    145  2.00
      110    168  2.00
      110    280  4.00
      110    382  3.00
      110    454  2.00
      110    574  3.00
      110    575  3.00
      111     78  1.00
      111    104  2.00
      111    108  4.00
      111    142  2.00
      111    165  2.00
      111    199  2.00
      111    228  1.00
      111    383  2.00
      111    430  2.00
      111    562  2.00
      112     28  4.00
      112    408  3.00
      112    411  2.00
      112    418  1.00
      112    449  4.00
      112    503  2.00
      112    526  3.00
      112    542  3.00
      112    543  5.00
      112    555  6.00
      113     35  2.00
      113    197  1.00
      113    239  3.00
      113    286  1.00
      113    482  2.00
      113    499  1.00
      113    533  1.00
      113    578  1.00
      113    604  5.00
      114     36  4.00
      114     72  5.00
      114    149  3.00
      114    388  3.00
      114    404  5.00
      114    409  2.00
      114    448  5.00
      114    527  1.00
      114    529  3.00
      115    507  3.00
      115    520  4.00
      115    609  4.00
      117    178  4.00
      117    238  1.00
      117    254  1.00
      117    302  1.00
      117    332  1.00
      117    352  1.00
      117    366  1.00
      118      3  1.00
      118    101  1.00
      118    265  1.00
      118    332  1.00
      118    338  1.00
      118    352  1.00
      118    456  1.00
      118    479  1.00
      118    566  1.00
      118    597  1.00
      119    166  1.00
      119    195  1.00
      119    201  2.00
      119    286  1.00
      122    214  1.00
      123     18  1.00
      123    161  6.00
      123    183  6.00
      123    198  2.00
      123    222  2.00
      123    263  5.00
      123    370  5.00
      123    535  4.00
      124     28  3.00
      124     61  4.00
      124    326  1.00
      124    418  1.00
      124    430  1.00
      124    503  1.00
      124    531  4.00
      124    544  2.00
      125     12  2.00
      125     95  3.00
      125    192  2.00
      125    242  1.00
      125    573  2.00
      125    594  2.00
      126    605  6.00
      127    553  2.00
      128     62  2.00
      128     75  2.00
      128    411  2.00
      128    503  2.00
      128    538  2.00
      129    247  1.00
      131     15  1.00
      131     85  2.00
      131    232  1.00
      131    265  1.00
      131    300  1.00
      131    367  1.00
      131    446  1.00
      131    467  1.00
      131    586  4.00
      133     45  3.00
      133     52  1.00
      133    191  4.00
      133    255  1.00
      133    291  6.00
      133    453  1.00
      133    473  1.00
      133    481  1.00
      134     38  1.00
      134    182  6.00
      134    223  2.00
      134    313  6.00
      134    352  1.00
      134    373  3.00
      134    402  1.00
      134    459  2.00
      134    462  1.00
      134    617  2.00
      135    375  1.00
      135    424  3.00
      135    551  4.00
      136      8  4.00
      136     68  5.00
      136    139  5.00
      136    420  6.00
      136    520  4.00
      136    605  6.00
      138     68  1.00
      138    136  1.00
      138    212  1.00
      138    340  1.00
      138    420  1.00
      138    421  1.00
      138    426  1.00
      138    429  1.00
      138    591  1.00
      141     77  5.00
      141    144  1.00
      141    145  1.00
      141    150  3.00
      141    210  1.00
      141    525  2.00
      141    569  3.00
      141    574  2.00
      141    575  3.00
      142    120  4.00
      142    208  1.00
      142    529  1.00
      143     27  3.00
      143     54  2.00
      143    164  4.00
      143    204  4.00
      143    322  6.00
      143    325  4.00
      143    411  3.00
      143    500  5.00
      143    561  4.00
      144     76  3.00
      144     77  2.00
      144    141  2.00
      144    145  4.00
      144    168  2.00
      144    210  3.00
      144    280  2.00
      144    525  2.00
      144    574  6.00
      144    575  5.00
      145    144  2.00
      145    168  3.00
      145    210  4.00
      145    280  3.00
      145    574  2.00
      145    575  3.00
      146    512  4.00
      146    570  4.00
      147    450  3.00
      147    502  2.00
      147    534  4.00
      148    116  1.00
      148    278  1.00
      148    393  1.00
      148    430  1.00
      148    433  3.00
      148    469  1.00
      149     36  2.00
      149     72  3.00
      149    114  2.00
      149    386  2.00
      149    388  3.00
      149    404  3.00
      149    527  2.00
      149    579  1.00
      150     77  4.00
      150    141  3.00
      150    156  1.00
      150    360  4.00
      150    599  2.00
      151    131  2.00
      151    167  2.00
      151    273  2.00
      151    352  2.00
      151    434  5.00
      151    498  3.00
      151    521  2.00
      151    586  3.00
      152     12  1.00
      152    275  2.00
      152    307  2.00
      152    330  1.00
      152    381  1.00
      152    396  1.00
      152    398  1.00
      152    611  6.00
      152    614  6.00
      153    299  3.00
      153    431  3.00
      153    468  6.00
      153    515  5.00
      154    138  3.00
      154    320  6.00
      154    369  4.00
      154    420  6.00
      154    429  4.00
      154    518  5.00
      154    566  6.00
      154    591  5.00
      155     17  4.00
      155     38  5.00
      155    224  3.00
      155    249  6.00
      155    252  5.00
      155    310  1.00
      155    440  6.00
      155    462  3.00
      155    507  3.00
      155    617  3.00
      156     55  4.00
      156    150  1.00
      156    216  1.00
      156    283  5.00
      156    319  2.00
      156    334  3.00
      156    494  1.00
      156    599  3.00
      158     66  3.00
      158    229  4.00
      158    262  3.00
      158    283  3.00
      158    328  2.00
      158    358  4.00
      158    511  1.00
      159     24  1.00
      159     82  1.00
      159    397  1.00
      159    522  2.00
      159    549  1.00
      160     55  4.00
      160    134  3.00
      160    213  3.00
      160    238  2.00
      160    274  2.00
      160    438  2.00
      160    572  5.00
      160    620  4.00
      161     18  3.00
      161    123  5.00
      161    183  3.00
      161    258  2.00
      161    317  4.00
      162     27  1.00
      162    143  1.00
      162    480  1.00
      163     43  1.00
      163     50  1.00
      163    403  1.00
      164    140  2.00
      164    167  2.00
      164    173  4.00
      164    254  4.00
      164    293  2.00
      164    320  2.00
      164    399  2.00
      164    478  2.00
      164    566  1.00
      165    199  1.00
      165    277  5.00
      165    502  1.00
      165    532  1.00
      165    543  2.00
      166     29  3.00
      166    119  4.00
      166    195  5.00
      166    207  2.00
      166    208  2.00
      166    286  4.00
      166    327  1.00
      166    452  1.00
      166    529  2.00
      167     15  2.00
      167     85  2.00
      167    283  2.00
      167    332  2.00
      167    427  2.00
      167    521  2.00
      167    538  2.00
      168     30  1.00
      168    144  1.00
      168    145  4.00
      168    210  1.00
      168    280  3.00
      168    344  5.00
      168    382  6.00
      168    454  1.00
      168    574  1.00
      168    575  4.00
      169    185  2.00
      169    330  2.00
      169    392  6.00
      169    503  2.00
      169    580  3.00
      169    608  3.00
      170     81  3.00
      170    592  3.00
      171     49  5.00
      171    200  2.00
      171    579  4.00
      172    233  4.00
      172    338  4.00
      172    362  3.00
      172    402  4.00
      172    421  2.00
      172    456  6.00
      172    479  4.00
      172    483  4.00
      172    566  4.00
      172    571  3.00
      175     38  1.00
      175     88  1.00
      175     96  1.00
      175    156  1.00
      175    216  1.00
      175    220  1.00
      175    252  1.00
      175    372  1.00
      175    494  1.00
      175    599  1.00
      176    254  4.00
      176    331  1.00
      176    374  1.00
      176    390  1.00
      176    583  3.00
      176    622  1.00
      177    116  2.00
      177    202  2.00
      177    209  2.00
      177    379  1.00
      177    526  1.00
      177    544  1.00
      178     15  3.00
      178    104  6.00
      178    151  2.00
      178    227  3.00
      178    310  4.00
      178    400  3.00
      178    463  3.00
      181    224  1.00
      181    289  2.00
      181    422  3.00
      181    476  4.00
      181    507  3.00
      181    545  1.00
      181    589  2.00
      182     38  1.00
      182    134  6.00
      182    223  1.00
      182    263  1.00
      182    313  6.00
      182    373  3.00
      182    462  1.00
      182    507  1.00
      182    598  1.00
      182    617  1.00
      183    123  6.00
      183    161  4.00
      183    263  3.00
      183    308  3.00
      183    370  3.00
      183    535  5.00
      184     46  3.00
      184    223  5.00
      184    234  5.00
      184    315  2.00
      184    617  3.00
      186    189  5.00
      186    224  3.00
      186    345  6.00
      186    434  1.00
      187    115  5.00
      187    304  6.00
      187    495  6.00
      188    308  4.00
      189    186  6.00
      189    345  6.00
      189    513  4.00
      190    305  1.00
      190    313  1.00
      190    327  1.00
      190    395  1.00
      190    493  1.00
      190    515  5.00
      190    563  1.00
      191    133  2.00
      191    258  3.00
      191    291  2.00
      191    473  5.00
      191    546  2.00
      191    547  2.00
      192     56  4.00
      192    189  2.00
      192    265  4.00
      192    412  4.00
      192    573  1.00
      192    577  3.00
      192    584  3.00
      193    246  1.00
      193    248  1.00
      193    269  3.00
      193    303  1.00
      193    347  1.00
      193    426  1.00
      193    459  1.00
      193    492  5.00
      194    179  5.00
      195    119  3.00
      195    120  1.00
      195    142  1.00
      195    166  2.00
      195    201  2.00
      195    207  1.00
      195    286  4.00
      197      2  1.00
      197    239  3.00
      197    349  5.00
      197    482  2.00
      197    499  1.00
      198     18  5.00
      198    222  5.00
      198    263  5.00
      199     79  1.00
      199    108  4.00
      199    165  2.00
      199    383  5.00
      199    393  2.00
      199    450  3.00
      200     14  4.00
      200     38  3.00
      200     48  3.00
      200     81  3.00
      200     94  2.00
      200    305  4.00
      200    443  4.00
      200    559  4.00
      200    599  3.00
      201     70  3.00
      201    119  2.00
      201    283  4.00
      202    379  3.00
      202    526  2.00
      203    226  6.00
      204      8  6.00
      204    115  4.00
      204    246  3.00
      204    609  6.00
      205     79  4.00
      205     86  6.00
      205    306  4.00
      205    384  1.00
      206      4  1.00
      206     73  1.00
      206     79  1.00
      206     80  5.00
      206    306  1.00
      206    384  1.00
      206    558  1.00
      208     72  3.00
      208    120  6.00
      208    207  6.00
      208    327  5.00
      208    529  3.00
      210     83  4.00
      210    144  2.00
      210    145  4.00
      210    574  1.00
      210    575  2.00
      211     98  1.00
      211    451  1.00
      211    596  1.00
      212    138  4.00
      212    340  3.00
      212    401  2.00
      212    420  4.00
      212    566  6.00
      213     46  2.00
      213    249  1.00
      213    252  2.00
      213    346  4.00
      213    462  1.00
      213    507  1.00
      213    537  3.00
      213    593  2.00
      213    599  5.00
      215     77  2.00
      215     96  3.00
      215    220  4.00
      215    494  1.00
      215    593  3.00
      216     38  1.00
      216     97  6.00
      216    156  1.00
      216    373  1.00
      216    462  2.00
      216    494  2.00
      217     40  4.00
      217     69  4.00
      217    126  4.00
      217    248  6.00
      217    283  3.00
      217    460  5.00
      217    492  4.00
      217    498  3.00
      217    599  6.00
      218     97  1.00
      218    156  1.00
      218    216  1.00
      218    237  2.00
      218    251  1.00
      218    356  6.00
      218    360  5.00
      218    385  1.00
      218    415  4.00
      219     96  1.00
      219    220  1.00
      219    237  1.00
      219    349  1.00
      219    509  1.00
      220     17  1.00
      220     38  5.00
      220     96  5.00
      220    462  4.00
      221     73  2.00
      221     80  2.00
      221    206  3.00
      221    228  4.00
      221    347  2.00
      221    489  3.00
      222     91  5.00
      222    198  5.00
      223    155  1.00
      223    184  6.00
      223    234  1.00
      223    440  3.00
      223    507  1.00
      224     16  2.00
      224    189  2.00
      224    249  2.00
      224    376  3.00
      225    356  2.00
      225    386  3.00
      225    391  1.00
      225    501  2.00
      225    560  4.00
      226     27  3.00
      226     79  1.00
      226    203  6.00
      226    278  3.00
      226    325  3.00
      226    377  2.00
      226    393  3.00
      226    418  3.00
      226    561  3.00
      227     85  2.00
      227    232  2.00
      227    521  2.00
      228     64  2.00
      228     69  6.00
      228     80  3.00
      228    221  6.00
      228    347  5.00
      228    475  3.00
      228    605  4.00
      229    158  4.00
      230     41  3.00
      230     46  1.00
      230    234  1.00
      230    307  3.00
      230    337  5.00
      230    497  4.00
      230    507  4.00
      230    550  2.00
      231     40  4.00
      231    103  2.00
      231    242  3.00
      231    307  4.00
      231    330  3.00
      231    608  2.00
      232     15  3.00
      232     85  5.00
      232    361  4.00
      232    434  2.00
      232    521  5.00
      232    563  4.00
      233    103  4.00
      233    172  6.00
      233    538  5.00
      233    539  2.00
      233    611  5.00
      233    614  6.00
      234     46  4.00
      234     55  3.00
      234    134  2.00
      234    184  2.00
      234    223  2.00
      234    257  3.00
      234    260  3.00
      234    266  4.00
      234    507  2.00
      234    620  2.00
      237     90  2.00
      237    267  5.00
      237    509  1.00
      237    593  2.00
      237    603  3.00
      238      8  3.00
      238    134  2.00
      238    164  4.00
      238    178  2.00
      238    310  2.00
      238    332  3.00
      238    347  4.00
      238    352  2.00
      238    426  4.00
      239    472  2.00
      239    482  6.00
      239    501  2.00
      240    267  3.00
      240    428  4.00
      241     44  2.00
      241     47  2.00
      241     48  2.00
      241    422  4.00
      241    443  3.00
      241    476  6.00
      241    582  2.00
      241    583  2.00
      242     12  1.00
      242     40  1.00
      242    275  6.00
      242    510  1.00
      242    514  1.00
      243     41  1.00
      243    301  5.00
      243    511  3.00
      244     20  2.00
      244     41  3.00
      244    355  3.00
      245     94  2.00
      245    200  2.00
      245    256  2.00
      245    305  3.00
      245    443  4.00
      245    559  5.00
      246      5  1.00
      246      8  6.00
      246     69  3.00
      246    115  1.00
      246    204  3.00
      246    248  3.00
      246    446  4.00
      246    459  3.00
      246    605  4.00
      246    609  4.00
      247    129  1.00
      247    355  1.00
      248      8  5.00
      248     69  6.00
      248    193  4.00
      248    246  6.00
      248    347  5.00
      248    426  5.00
      248    459  6.00
      248    492  5.00
      248    605  6.00
      249     17  6.00
      249     38  3.00
      249    155  6.00
      249    252  6.00
      249    257  2.00
      249    260  2.00
      249    376  4.00
      249    440  6.00
      249    462  3.00
      249    494  1.00
      251    156  2.00
      251    334  2.00
      251    336  5.00
      251    385  3.00
      252     17  6.00
      252     38  3.00
      252    155  6.00
      252    213  2.00
      252    223  2.00
      252    224  2.00
      252    249  4.00
      252    440  5.00
      252    462  5.00
      252    515  3.00
      253    167  4.00
      253    273  1.00
      253    283  6.00
      253    332  6.00
      253    352  5.00
      253    419  2.00
      253    423  2.00
      253    463  1.00
      253    498  4.00
      253    581  1.00
      254     95  5.00
      254    176  4.00
      254    352  5.00
      254    434  1.00
      255    133  1.00
      256     92  2.00
      256    443  2.00
      256    601  2.00
      257    155  4.00
      257    249  3.00
      257    315  4.00
      257    368  1.00
      257    371  3.00
      257    376  3.00
      257    440  4.00
      257    462  2.00
      257    603  4.00
      258    191  6.00
      258    317  3.00
      258    473  4.00
      258    547  2.00
      259     27  1.00
      259     84  1.00
      259    278  5.00
      259    407  1.00
      259    469  1.00
      260     17  3.00
      260     38  4.00
      260     46  2.00
      260    155  5.00
      260    184  4.00
      260    249  3.00
      260    315  4.00
      260    368  3.00
      260    507  4.00
      261    262  4.00
      261    314  6.00
      261    376  2.00
      261    571  4.00
      262    261  6.00
      262    376  6.00
      262    385  6.00
      263    123  6.00
      263    183  5.00
      263    198  4.00
      263    370  6.00
      263    535  2.00
      264     44  2.00
      264     94  6.00
      264    435  4.00
      265    232  2.00
      265    271  5.00
      265    310  2.00
      265    361  5.00
      265    364  3.00
      265    567  4.00
      265    612  2.00
      266     46  5.00
      266    100  2.00
      266    105  5.00
      266    184  1.00
      266    223  1.00
      266    234  5.00
      266    262  2.00
      266    507  1.00
      267     14  1.00
      267    240  2.00
      267    443  1.00
      267    579  1.00
      268    100  3.00
      268    266  2.00
      269     22  3.00
      269    126  1.00
      269    164  3.00
      269    198  1.00
      269    282  2.00
      269    320  1.00
      269    508  1.00
      270    224  3.00
      270    345  1.00
      270    364  1.00
      270    432  2.00
      270    513  2.00
      271     52  3.00
      271    137  6.00
      271    139  5.00
      271    265  6.00
      271    361  5.00
      271    483  4.00
      271    504  4.00
      271    547  6.00
      271    567  6.00
      273    332  2.00
      273    352  6.00
      273    498  6.00
      273    588  6.00
      274     17  5.00
      274    155  3.00
      274    224  6.00
      274    249  2.00
      274    354  2.00
      274    440  4.00
      275     12  4.00
      275     63  5.00
      275    103  6.00
      275    152  1.00
      275    242  6.00
      275    307  2.00
      275    381  1.00
      275    398  3.00
      276    194  2.00
      276    246  1.00
      276    285  2.00
      276    289  2.00
      276    324  2.00
      276    545  2.00
      277    165  5.00
      277    449  1.00
      277    542  1.00
      277    543  2.00
      278     27  4.00
      278     32  2.00
      278     84  4.00
      278    148  2.00
      278    226  4.00
      278    259  6.00
      278    469  6.00
      278    500  4.00
      279     72  4.00
      279    142  1.00
      279    388  1.00
      279    404  2.00
      279    409  6.00
      279    448  6.00
      279    527  1.00
      279    529  1.00
      279    579  6.00
      280     30  1.00
      280    110  4.00
      280    144  1.00
      280    145  4.00
      280    168  6.00
      280    210  1.00
      280    344  3.00
      280    382  5.00
      280    574  1.00
      280    575  4.00
      281     79  3.00
      281    165  4.00
      281    199  1.00
      281    306  1.00
      281    384  2.00
      281    447  2.00
      281    542  3.00
      283    253  3.00
      283    265  1.00
      283    273  1.00
      283    332  6.00
      283    352  2.00
      283    366  2.00
      283    367  2.00
      283    498  3.00
      283    571  1.00
      284     31  1.00
      284    322  1.00
      285      5  1.00
      285    194  5.00
      285    276  3.00
      285    324  2.00
      285    459  1.00
      286     33  4.00
      286    195  5.00
      286    327  3.00
      286    386  3.00
      286    388  3.00
      286    452  2.00
      288    246  3.00
      288    248  2.00
      288    459  5.00
      288    605  6.00
      289    246  3.00
      289    335  4.00
      289    359  2.00
      289    428  1.00
      289    441  5.00
      289    545  4.00
      289    609  3.00
      289    613  2.00
      291    133  6.00
      291    191  3.00
      291    246  1.00
      291    258  1.00
      291    473  1.00
      291    541  1.00
      291    547  2.00
      291    602  1.00
      292    115  2.00
      292    174  3.00
      292    375  3.00
      292    437  6.00
      293     95  2.00
      293    164  6.00
      293    173  5.00
      293    254  3.00
      293    262  2.00
      294     80  2.00
      294    489  3.00
      294    558  5.00
      295     14  4.00
      295     23  1.00
      295    157  1.00
      295    316  4.00
      295    323  2.00
      295    443  1.00
      295    522  2.00
      296     24  3.00
      296    200  2.00
      296    208  1.00
      296    245  2.00
      296    425  3.00
      296    443  4.00
      296    549  1.00
      296    572  5.00
      296    598  4.00
      297     10  3.00
      297     49  6.00
      297     65  2.00
      297    321  2.00
      299    153  2.00
      299    372  2.00
      299    385  2.00
      299    431  5.00
      299    468  2.00
      300    250  6.00
      300    585  6.00
      300    587  5.00
      301     41  1.00
      301    243  3.00
      301    372  2.00
      301    440  1.00
      301    509  3.00
      301    572  2.00
      302     40  3.00
      302    167  3.00
      302    235  4.00
      302    265  5.00
      302    332  3.00
      302    352  4.00
      302    363  5.00
      302    366  6.00
      302    367  6.00
      303    335  5.00
      303    447  6.00
      303    492  3.00
      304    115  3.00
      304    187  4.00
      304    246  2.00
      304    303  2.00
      304    495  5.00
      304    520  2.00
      304    609  1.00
      305     14  3.00
      305     25  4.00
      305     48  5.00
      305     81  4.00
      305    200  5.00
      305    245  4.00
      305    354  2.00
      305    443  3.00
      305    559  3.00
      306     57  4.00
      306     73  3.00
      306     77  5.00
      306     79  5.00
      306     86  5.00
      306    188  2.00
      306    228  2.00
      306    335  3.00
      306    450  5.00
      306    565  3.00
      307     97  2.00
      307    125  2.00
      307    275  2.00
      307    514  2.00
      307    618  2.00
      307    626  2.00
      308    188  3.00
      308    303  2.00
      308    492  2.00
      308    516  4.00
      308    565  1.00
      308    613  2.00
      308    619  5.00
      309      1  6.00
      309    200  2.00
      309    445  1.00
      309    458  6.00
      310    347  3.00
      310    362  2.00
      310    364  5.00
      310    402  6.00
      310    459  5.00
      311     59  3.00
      311     76  1.00
      311    144  1.00
      311    237  1.00
      311    470  3.00
      311    569  1.00
      311    575  1.00
      311    603  1.00
      312     57  2.00
      312    355  2.00
      312    595  1.00
      312    606  2.00
      313     38  2.00
      313    134  6.00
      313    182  6.00
      313    263  2.00
      313    347  4.00
      313    373  3.00
      313    402  4.00
      313    459  3.00
      313    462  2.00
      313    617  3.00
      314    261  6.00
      315    257  2.00
      315    260  2.00
      315    399  2.00
      316     47  2.00
      316     65  1.00
      316    181  1.00
      316    245  1.00
      316    295  2.00
      316    323  2.00
      316    354  1.00
      316    476  1.00
      316    515  1.00
      316    566  1.00
      317     66  2.00
      317    161  6.00
      317    258  3.00
      318    114  3.00
      318    391  1.00
      318    404  1.00
      318    527  1.00
      318    529  1.00
      318    557  2.00
      318    560  1.00
      319      7  3.00
      319    156  2.00
      319    564  2.00
      319    594  2.00
      319    599  2.00
      320    187  6.00
      320    328  2.00
      320    432  2.00
      320    495  6.00
      320    504  3.00
      322    143  2.00
      322    204  3.00
      322    284  1.00
      322    488  5.00
      322    600  1.00
      323    120  1.00
      323    207  3.00
      323    208  2.00
      323    415  2.00
      323    452  4.00
      324    194  5.00
      324    281  4.00
      324    441  1.00
      325     27  1.00
      325     79  4.00
      325    226  3.00
      325    339  1.00
      325    377  3.00
      325    388  5.00
      325    407  6.00
      325    418  3.00
      325    480  3.00
      326    363  5.00
      326    377  5.00
      326    412  4.00
      326    418  4.00
      326    453  2.00
      326    577  1.00
      327     47  2.00
      327    181  2.00
      327    312  3.00
      327    522  1.00
      327    523  1.00
      327    563  1.00
      328     68  2.00
      328    126  6.00
      328    136  2.00
      328    310  3.00
      328    320  2.00
      328    347  4.00
      328    426  5.00
      328    459  2.00
      329    214  2.00
      329    367  1.00
      331     52  1.00
      331    176  2.00
      331    345  2.00
      331    357  6.00
      331    374  5.00
      331    471  2.00
      331    583  2.00
      331    622  2.00
      332    167  5.00
      332    253  6.00
      332    273  1.00
      332    283  6.00
      332    352  6.00
      332    498  2.00
      334    104  4.00
      334    153  2.00
      334    156  3.00
      334    251  2.00
      334    494  1.00
      334    599  2.00
      335    154  1.00
      335    158  2.00
      335    246  1.00
      335    289  4.00
      335    441  4.00
      336     38  2.00
      336    213  1.00
      336    249  2.00
      336    251  4.00
      336    385  5.00
      336    462  2.00
      336    538  1.00
      336    599  4.00
      337     14  3.00
      337     55  5.00
      337    230  3.00
      337    438  5.00
      337    497  4.00
      338      3  4.00
      338    172  6.00
      338    313  2.00
      338    352  3.00
      338    402  6.00
      338    456  3.00
      338    566  1.00
      339     32  3.00
      339     62  3.00
      339     75  3.00
      339    128  4.00
      339    325  1.00
      339    407  1.00
      339    411  6.00
      340    136  2.00
      340    138  4.00
      340    158  2.00
      340    212  4.00
      340    235  1.00
      340    358  2.00
      340    401  2.00
      340    410  2.00
      340    420  1.00
      341      5  1.00
      341      8  4.00
      341     69  2.00
      341    126  1.00
      341    283  1.00
      341    516  2.00
      341    613  1.00
      343     64  4.00
      343    164  1.00
      343    457  3.00
      343    465  1.00
      344    106  2.00
      344    144  1.00
      344    168  4.00
      344    216  1.00
      344    280  3.00
      344    373  1.00
      344    382  5.00
      344    399  2.00
      344    454  1.00
      344    575  1.00
      345    186  6.00
      346     38  1.00
      346     41  2.00
      346    213  2.00
      346    462  2.00
      347    126  3.00
      347    246  4.00
      347    248  2.00
      347    310  4.00
      347    426  5.00
      347    447  5.00
      347    460  2.00
      347    605  3.00
      348     16  4.00
      348    364  2.00
      348    390  5.00
      348    432  5.00
      348    467  3.00
      348    587  3.00
      348    597  3.00
      349    197  5.00
      349    243  2.00
      349    494  4.00
      349    540  1.00
      350    250  4.00
      350    359  4.00
      350    464  6.00
      350    583  1.00
      350    618  2.00
      351    331  1.00
      351    464  1.00
      351    471  1.00
      351    513  1.00
      351    587  2.00
      353     52  3.00
      353    464  6.00
      353    547  3.00
      353    610  3.00
      353    618  3.00
      353    622  3.00
      354     10  1.00
      354     14  1.00
      354     25  1.00
      354     81  1.00
      354    260  1.00
      354    305  1.00
      354    443  1.00
      354    445  1.00
      354    515  2.00
      354    559  1.00
      355      5  2.00
      355     41  5.00
      355    360  2.00
      355    426  3.00
      356    150  5.00
      356    200  3.00
      356    218  6.00
      356    501  6.00
      356    519  6.00
      357    331  3.00
      357    374  2.00
      358      6  4.00
      358     54  4.00
      358    125  2.00
      358    158  5.00
      358    258  2.00
      358    340  2.00
      358    406  5.00
      358    419  5.00
      359    353  4.00
      359    477  1.00
      359    589  2.00
      359    609  1.00
      360    426  2.00
      360    519  6.00
      360    581  2.00
      361    137  1.00
      361    232  4.00
      361    265  4.00
      361    290  3.00
      361    300  2.00
      361    364  4.00
      361    520  2.00
      361    567  5.00
      361    612  3.00
      362    137  2.00
      362    310  2.00
      362    364  6.00
      362    402  3.00
      362    536  6.00
      363    235  4.00
      363    410  1.00
      364    139  4.00
      364    265  2.00
      364    310  2.00
      364    361  4.00
      364    362  5.00
      364    402  6.00
      364    567  3.00
      364    583  2.00
      368     38  3.00
      368     67  3.00
      368    313  1.00
      368    431  2.00
      368    462  3.00
      368    507  1.00
      368    616  5.00
      368    617  4.00
      369    154  4.00
      369    429  3.00
      369    518  5.00
      369    576  1.00
      369    591  5.00
      370    123  6.00
      370    183  6.00
      370    263  6.00
      371     25  3.00
      371    223  3.00
      371    224  3.00
      371    315  4.00
      372    468  4.00
      373     17  2.00
      373    134  2.00
      373    252  2.00
      373    313  2.00
      375    174  4.00
      375    292  6.00
      375    437  5.00
      375    457  4.00
      376     16  6.00
      376    224  3.00
      376    249  5.00
      376    261  4.00
      376    262  5.00
      377    124  1.00
      377    325  5.00
      377    326  4.00
      377    387  1.00
      377    418  2.00
      377    420  3.00
      377    503  2.00
      377    538  1.00
      377    580  4.00
      378     29  2.00
      378     70  1.00
      378    149  2.00
      378    201  5.00
      378    286  1.00
      379    116  6.00
      379    177  1.00
      379    528  1.00
      381     12  3.00
      381     40  3.00
      381     63  4.00
      381    233  1.00
      381    330  3.00
      381    398  3.00
      381    538  1.00
      381    580  2.00
      384     57  2.00
      384     73  2.00
      384     79  4.00
      384    281  3.00
      384    306  6.00
      385     38  3.00
      385    224  3.00
      385    251  6.00
      385    260  2.00
      385    274  3.00
      385    313  3.00
      385    336  6.00
      385    462  2.00
      385    617  6.00
      386    286  4.00
      386    388  4.00
      386    404  3.00
      386    529  2.00
      387    101  5.00
      387    137  6.00
      387    139  5.00
      387    352  1.00
      387    362  3.00
      387    456  4.00
      387    536  4.00
      387    565  5.00
      388     72  3.00
      388    149  4.00
      388    286  3.00
      388    325  4.00
      388    386  3.00
      388    404  5.00
      388    407  3.00
      388    527  4.00
      388    529  3.00
      389     41  3.00
      389    224  2.00
      389    244  3.00
      389    399  2.00
      390    227  5.00
      390    254  3.00
      390    348  6.00
      390    362  3.00
      390    587  3.00
      390    597  2.00
      391    225  2.00
      391    386  1.00
      391    388  1.00
      391    405  3.00
      391    448  1.00
      391    499  4.00
      391    527  1.00
      391    560  3.00
      392      8  1.00
      392    169  4.00
      392    503  1.00
      392    556  1.00
      392    561  2.00
      392    562  1.00
      392    608  2.00
      393    383  6.00
      393    417  5.00
      393    433  5.00
      394    116  3.00
      394    124  3.00
      394    177  1.00
      394    379  3.00
      394    531  1.00
      396     19  4.00
      396    255  2.00
      397     47  4.00
      397    181  1.00
      397    415  2.00
      397    466  2.00
      397    472  4.00
      397    524  2.00
      397    572  2.00
      397    601  1.00
      398     12  2.00
      398     40  2.00
      398     63  2.00
      398    275  1.00
      398    330  3.00
      398    381  3.00
      399     59  5.00
      399     90  2.00
      399    311  4.00
      399    593  3.00
      399    599  3.00
      399    603  3.00
      400    178  1.00
      400    345  2.00
      400    446  1.00
      400    471  1.00
      400    479  4.00
      400    513  2.00
      400    615  6.00
      401     68  2.00
      401    136  2.00
      401    269  1.00
      401    340  1.00
      401    420  3.00
      402      3  6.00
      402    172  4.00
      402    310  6.00
      402    313  4.00
      402    338  6.00
      402    362  4.00
      402    364  6.00
      402    456  6.00
      402    566  1.00
      403     44  2.00
      403    413  3.00
      403    444  1.00
      403    625  1.00
      404     36  3.00
      404     72  4.00
      404    114  3.00
      404    149  2.00
      404    208  3.00
      404    388  4.00
      404    448  2.00
      404    527  2.00
      404    529  5.00
      405    114  1.00
      405    149  2.00
      405    388  1.00
      405    391  4.00
      405    404  1.00
      405    409  1.00
      405    448  1.00
      405    529  2.00
      405    579  1.00
      406      6  5.00
      406     42  2.00
      406     54  2.00
      406    158  4.00
      406    328  1.00
      406    358  5.00
      406    461  3.00
      406    487  2.00
      407     80  2.00
      407     84  1.00
      407    325  5.00
      407    339  1.00
      407    480  2.00
      407    500  1.00
      407    558  1.00
      407    561  2.00
      408     28  2.00
      408    112  4.00
      408    192  1.00
      408    449  3.00
      409     72  4.00
      409    279  6.00
      409    388  3.00
      409    404  3.00
      409    448  6.00
      409    527  3.00
      409    529  2.00
      409    579  4.00
      410    102  2.00
      410    235  3.00
      410    273  5.00
      410    401  5.00
      410    588  6.00
      411     75  3.00
      411    112  1.00
      411    128  6.00
      411    339  4.00
      411    503  3.00
      411    543  1.00
      412     54  1.00
      412     56  3.00
      412     62  1.00
      412    326  1.00
      412    418  4.00
      412    528  6.00
      412    573  1.00
      412    577  5.00
      413    490  1.00
      414     11  1.00
      414     13  1.00
      414    623  1.00
      415     48  2.00
      415     81  2.00
      415    181  2.00
      415    305  2.00
      415    422  2.00
      415    501  2.00
      415    590  2.00
      415    601  2.00
      418    377  1.00
      418    412  4.00
      418    503  1.00
      418    531  1.00
      418    577  1.00
      419     68  2.00
      419    136  2.00
      419    158  4.00
      419    358  3.00
      419    420  3.00
      419    498  2.00
      420     68  5.00
      420    136  5.00
      420    402  3.00
      420    419  3.00
      420    479  3.00
      421    483  2.00
      421    566  1.00
      421    571  3.00
      421    626  3.00
      422     24  3.00
      422     44  1.00
      422     48  1.00
      422    181  3.00
      422    241  2.00
      422    415  1.00
      422    501  1.00
      422    515  1.00
      423    209  1.00
      423    238  1.00
      423    253  2.00
      423    332  1.00
      423    513  1.00
      423    570  1.00
      424    135  1.00
      424    221  1.00
      424    228  1.00
      424    551  1.00
      425     48  3.00
      425     92  2.00
      425    104  5.00
      425    200  3.00
      425    245  6.00
      425    305  3.00
      425    443  5.00
      425    537  3.00
      425    559  5.00
      425    572  6.00
      427    167  6.00
      427    521  1.00
      428    289  1.00
      429     18  1.00
      429     68  1.00
      429    138  4.00
      429    154  4.00
      429    320  1.00
      429    420  1.00
      429    591  5.00
      430    124  2.00
      430    544  2.00
      430    561  1.00
      430    608  2.00
      431    153  2.00
      431    299  6.00
      431    468  4.00
      431    514  6.00
      431    620  5.00
      432    300  2.00
      432    345  2.00
      432    348  6.00
      432    609  5.00
      433    209  1.00
      433    393  1.00
      434     85  1.00
      434     95  4.00
      434    131  1.00
      434    151  6.00
      434    232  3.00
      434    254  2.00
      434    586  1.00
      435    264  4.00
      435    472  2.00
      436    474  2.00
      436    480  2.00
      437    135  1.00
      437    174  1.00
      437    240  1.00
      437    292  5.00
      437    375  3.00
      437    424  1.00
      437    551  1.00
      437    564  1.00
      438    497  6.00
      438    620  6.00
      439    180  4.00
      439    449  2.00
      440    155  6.00
      440    223  3.00
      440    249  4.00
      440    251  5.00
      440    257  3.00
      440    376  5.00
      440    462  2.00
      440    504  6.00
      440    507  2.00
      441    126  2.00
      441    158  2.00
      441    289  6.00
      441    335  5.00
      441    497  6.00
      442     44  4.00
      442     47  1.00
      442    264  2.00
      442    435  4.00
      442    501  1.00
      442    601  3.00
      443     14  3.00
      443     48  5.00
      443     81  2.00
      443     92  5.00
      443    200  6.00
      443    305  3.00
      443    354  3.00
      443    559  6.00
      443    572  3.00
      445      1  2.00
      445     10  2.00
      445     14  5.00
      445     48  5.00
      445    200  6.00
      445    217  5.00
      445    241  1.00
      445    305  3.00
      445    309  5.00
      445    458  2.00
      446      8  5.00
      446     15  3.00
      446    246  4.00
      446    459  3.00
      446    505  5.00
      446    605  5.00
      447      8  1.00
      447    246  1.00
      447    303  5.00
      447    347  3.00
      447    426  3.00
      447    459  1.00
      447    506  1.00
      447    568  2.00
      447    605  1.00
      448     72  4.00
      448    149  4.00
      448    279  6.00
      448    404  2.00
      448    409  6.00
      448    527  1.00
      448    529  4.00
      448    579  2.00
      449    112  3.00
      449    543  2.00
      450    108  4.00
      450    147  3.00
      450    199  3.00
      450    383  2.00
      450    534  2.00
      451    211  1.00
      451    596  2.00
      452     33  1.00
      452    107  1.00
      452    207  2.00
      452    208  2.00
      452    286  1.00
      452    323  2.00
      452    386  1.00
      452    499  1.00
      452    529  1.00
      454     30  3.00
      454    144  1.00
      454    168  3.00
      454    344  3.00
      455    114  1.00
      455    142  1.00
      455    207  1.00
      455    318  1.00
      455    327  1.00
      456      3  2.00
      456    132  6.00
      456    172  5.00
      456    338  2.00
      456    362  3.00
      456    402  6.00
      456    421  1.00
      456    483  2.00
      456    566  3.00
      457     13  2.00
      457    135  1.00
      457    375  3.00
      457    623  3.00
      459     69  3.00
      459     95  1.00
      459    140  4.00
      459    188  3.00
      459    248  4.00
      459    254  4.00
      459    347  4.00
      459    426  3.00
      459    605  6.00
      460    126  2.00
      460    248  3.00
      460    347  5.00
      460    426  2.00
      460    459  2.00
      460    492  3.00
      460    595  5.00
      460    605  1.00
      461    406  1.00
      461    420  4.00
      462     17  3.00
      462     25  4.00
      462     38  6.00
      462     88  2.00
      462    155  5.00
      462    249  3.00
      462    336  3.00
      462    371  2.00
      462    494  3.00
      462    617  4.00
      463    253  1.00
      463    254  3.00
      463    332  1.00
      463    352  1.00
      464    350  6.00
      464    353  5.00
      465     22  2.00
      465     93  2.00
      465    133  1.00
      465    343  1.00
      465    453  2.00
      465    546  1.00
      466     14  5.00
      466     48  6.00
      466     92  3.00
      466     94  3.00
      466    200  5.00
      466    256  3.00
      466    443  3.00
      466    472  1.00
      466    501  1.00
      466    601  3.00
      468    153  5.00
      468    299  1.00
      468    372  3.00
      468    431  2.00
      468    515  3.00
      469     84  1.00
      469    116  1.00
      469    202  2.00
      469    226  1.00
      469    259  2.00
      469    278  5.00
      469    339  1.00
      469    379  1.00
      469    430  4.00
      469    436  3.00
      470     59  4.00
      470    311  3.00
      470    399  4.00
      470    454  1.00
      470    530  1.00
      472    391  1.00
      472    397  4.00
      472    435  1.00
      472    466  2.00
      472    524  3.00
      473     19  1.00
      473    133  1.00
      473    191  5.00
      473    258  2.00
      473    350  1.00
      473    547  2.00
      473    587  1.00
      473    602  4.00
      474    436  6.00
      475      8  3.00
      475    246  2.00
      475    248  3.00
      475    347  1.00
      475    459  2.00
      475    605  3.00
      476     14  1.00
      476     44  1.00
      476     47  3.00
      476     82  2.00
      476    181  3.00
      476    241  6.00
      476    316  2.00
      476    327  2.00
      476    422  2.00
      476    443  2.00
      478     18  4.00
      478     91  1.00
      478     93  4.00
      478    183  1.00
      478    198  2.00
      478    263  1.00
      478    370  1.00
      478    475  5.00
      478    609  1.00
      479      3  6.00
      479    101  6.00
      479    172  5.00
      479    338  4.00
      479    400  5.00
      479    402  6.00
      479    420  5.00
      479    421  4.00
      479    483  3.00
      479    566  3.00
      480     27  4.00
      480     32  1.00
      480    259  2.00
      480    325  3.00
      480    407  3.00
      480    436  4.00
      480    500  1.00
      480    561  1.00
      481     19  5.00
      481    290  3.00
      481    300  4.00
      481    453  4.00
      481    464  2.00
      481    610  6.00
      482      2  4.00
      482    197  1.00
      482    239  5.00
      482    499  2.00
      483    271  3.00
      483    566  6.00
      483    571  4.00
      483    626  4.00
      485      7  5.00
      485    460  1.00
      485    595  1.00
      486    181  6.00
      486    296  6.00
      486    300  3.00
      486    341  2.00
      486    434  3.00
      486    443  6.00
      486    566  6.00
      486    589  4.00
      487     54  4.00
      487    358  1.00
      487    423  1.00
      488    199  1.00
      488    322  6.00
      488    383  1.00
      488    450  1.00
      488    600  5.00
      489     80  2.00
      489    221  2.00
      489    228  2.00
      489    294  3.00
      489    558  2.00
      490     23  1.00
      490     55  2.00
      490    413  2.00
      490    438  3.00
      490    497  3.00
      491     21  3.00
      492    101  2.00
      492    193  6.00
      492    246  1.00
      492    248  5.00
      492    251  1.00
      492    303  5.00
      492    426  5.00
      492    456  3.00
      492    459  3.00
      492    616  2.00
      493     81  1.00
      493    311  3.00
      493    327  1.00
      493    593  2.00
      493    603  5.00
      494     38  4.00
      494     48  2.00
      494    126  1.00
      494    156  1.00
      494    220  3.00
      494    349  4.00
      494    368  1.00
      494    443  1.00
      494    507  3.00
      494    559  1.00
      495    187  6.00
      495    304  6.00
      496    567  1.00
      497     38  1.00
      497    155  1.00
      497    249  1.00
      497    252  1.00
      497    438  6.00
      497    440  1.00
      497    462  1.00
      497    507  1.00
      499     72  2.00
      499    149  2.00
      499    208  2.00
      499    404  2.00
      499    409  3.00
      499    448  2.00
      499    501  1.00
      499    527  1.00
      499    579  2.00
      500     27  4.00
      500     84  4.00
      500    407  1.00
      500    561  6.00
      501     81  3.00
      501     92  2.00
      501     94  3.00
      501    200  3.00
      501    239  3.00
      501    256  2.00
      501    305  3.00
      501    422  3.00
      501    499  3.00
      501    601  3.00
      502    121  1.00
      502    147  2.00
      502    165  1.00
      502    450  1.00
      502    534  1.00
      503     62  1.00
      503     75  4.00
      503    124  1.00
      503    128  6.00
      503    339  1.00
      503    377  1.00
      503    411  2.00
      503    573  1.00
      503    577  1.00
      503    580  3.00
      504    566  2.00
      504    585  1.00
      505    198  1.00
      505    390  3.00
      505    446  4.00
      507     22  2.00
      507    115  2.00
      507    223  2.00
      507    230  1.00
      507    289  5.00
      507    462  3.00
      507    609  4.00
      508    138  1.00
      508    282  2.00
      508    511  2.00
      509     90  4.00
      509    220  4.00
      509    301  4.00
      509    462  4.00
      509    494  4.00
      510     12  2.00
      510     63  2.00
      510    158  2.00
      510    233  2.00
      510    381  2.00
      510    398  2.00
      510    514  2.00
      510    538  2.00
      511      8  5.00
      511    235  6.00
      511    249  3.00
      511    477  5.00
      511    508  5.00
      511    609  6.00
      511    624  6.00
      514     12  2.00
      514    242  2.00
      514    352  1.00
      514    431  6.00
      514    510  3.00
      515     17  3.00
      515    153  2.00
      515    249  3.00
      515    252  3.00
      515    468  6.00
      516      8  3.00
      516    304  2.00
      516    341  5.00
      516    520  1.00
      517     16  2.00
      517    224  2.00
      517    262  2.00
      517    263  2.00
      517    276  2.00
      517    376  2.00
      518    154  4.00
      518    258  4.00
      518    340  1.00
      518    369  4.00
      519    360  6.00
      520    115  6.00
      520    136  1.00
      520    187  1.00
      520    246  1.00
      520    459  1.00
      520    477  4.00
      520    516  1.00
      520    585  6.00
      520    589  6.00
      521     85  4.00
      521    167  4.00
      521    227  3.00
      521    232  4.00
      522    295  3.00
      522    327  3.00
      522    523  3.00
      523    244  1.00
      523    522  1.00
      524     94  3.00
      524    225  1.00
      524    239  2.00
      524    397  5.00
      524    442  1.00
      524    466  1.00
      524    472  5.00
      524    515  1.00
      524    601  1.00
      525     88  4.00
      525    141  4.00
      525    144  2.00
      525    145  1.00
      525    210  1.00
      525    575  4.00
      526     61  1.00
      527     72  1.00
      527    149  1.00
      527    279  1.00
      527    388  3.00
      527    404  1.00
      527    409  1.00
      527    448  1.00
      527    529  1.00
      528    411  4.00
      528    412  5.00
      528    453  3.00
      529     36  3.00
      529     72  2.00
      529    114  2.00
      529    149  2.00
      529    388  2.00
      529    404  4.00
      529    448  2.00
      529    527  1.00
      529    579  1.00
      530    110  6.00
      530    280  4.00
      530    382  6.00
      530    454  2.00
      531    116  2.00
      531    124  4.00
      531    379  2.00
      531    544  3.00
      531    580  1.00
      533     35  6.00
      533    279  1.00
      533    286  2.00
      534    147  5.00
      534    383  1.00
      534    450  4.00
      534    502  1.00
      534    532  1.00
      536    137  4.00
      536    362  4.00
      536    387  2.00
      536    471  5.00
      537     38  3.00
      537     48  2.00
      537    155  1.00
      537    156  1.00
      537    443  4.00
      537    494  1.00
      537    497  1.00
      537    507  1.00
      537    559  3.00
      537    603  1.00
      538     62  3.00
      538     75  1.00
      538    128  2.00
      538    172  1.00
      538    233  6.00
      538    330  2.00
      538    510  4.00
      538    566  3.00
      538    580  5.00
      539     62  4.00
      539     75  2.00
      539    233  3.00
      539    521  4.00
      539    580  2.00
      541      8  4.00
      541    194  3.00
      541    291  4.00
      541    545  5.00
      541    602  1.00
      541    613  1.00
      542     61  1.00
      542    165  4.00
      542    277  4.00
      542    411  3.00
      542    562  1.00
      544     28  4.00
      544    124  6.00
      544    533  3.00
      545    289  5.00
      545    541  1.00
      547     52  3.00
      547    350  1.00
      547    473  1.00
      547    583  1.00
      548    432  4.00
      548    619  6.00
      549      2  6.00
      549      5  6.00
      549    126  1.00
      549    159  1.00
      549    181  1.00
      549    354  1.00
      549    397  1.00
      549    443  1.00
      549    472  1.00
      550    230  2.00
      550    237  2.00
      550    507  3.00
      550    509  1.00
      550    569  2.00
      551    135  5.00
      551    228  1.00
      551    424  4.00
      551    594  1.00
      552    196  1.00
      552    200  1.00
      552    476  1.00
      552    549  1.00
      554     60  2.00
      554     87  3.00
      555     31  6.00
      555    128  2.00
      555    411  4.00
      556    306  3.00
      556    392  1.00
      556    542  2.00
      556    543  2.00
      556    608  6.00
      557     14  1.00
      557     29  1.00
      557     30  1.00
      557    211  1.00
      557    295  1.00
      557    344  1.00
      557    512  1.00
      557    530  1.00
      558     73  3.00
      558     80  4.00
      558    206  2.00
      558    294  5.00
      559     10  4.00
      559     14  4.00
      559     48  5.00
      559    200  5.00
      559    245  5.00
      559    296  3.00
      559    305  5.00
      559    425  5.00
      559    443  6.00
      559    494  4.00
      560    225  4.00
      560    318  2.00
      560    391  2.00
      560    501  1.00
      561     27  3.00
      561     84  4.00
      561    226  5.00
      561    325  3.00
      561    407  3.00
      561    411  2.00
      561    500  6.00
      561    591  4.00
      562    177  6.00
      562    608  6.00
      563      2  4.00
      563     14  2.00
      563    327  3.00
      563    491  2.00
      563    522  3.00
      564     66  6.00
      564    136  5.00
      564    139  6.00
      564    456  4.00
      564    463  5.00
      564    504  3.00
      564    516  6.00
      564    594  6.00
      565    308  2.00
      565    619  2.00
      566    132  4.00
      566    139  3.00
      566    456  4.00
      566    483  6.00
      566    571  5.00
      567    101  4.00
      567    232  6.00
      567    271  6.00
      567    283  3.00
      567    361  6.00
      567    467  3.00
      567    610  3.00
      568      8  4.00
      568    581  6.00
      569    141  1.00
      569    237  1.00
      569    301  1.00
      569    311  1.00
      569    550  1.00
      570    146  4.00
      570    512  4.00
      571    172  2.00
      571    233  2.00
      571    261  4.00
      571    283  1.00
      571    483  5.00
      571    566  4.00
      572    104  4.00
      572    160  1.00
      572    257  1.00
      572    260  2.00
      572    296  3.00
      572    425  2.00
      572    443  1.00
      572    559  3.00
      573      9  2.00
      573     56  6.00
      573     75  5.00
      573    128  3.00
      573    169  6.00
      573    412  2.00
      574     77  2.00
      574    110  2.00
      574    141  1.00
      574    144  4.00
      574    145  2.00
      574    168  1.00
      574    210  1.00
      574    525  1.00
      574    575  4.00
      575    110  2.00
      575    141  1.00
      575    144  2.00
      575    145  2.00
      575    168  2.00
      575    210  2.00
      575    280  2.00
      575    525  1.00
      575    574  4.00
      576     58  2.00
      576    158  2.00
      576    369  2.00
      576    401  2.00
      577      4  2.00
      577     56  6.00
      577    192  2.00
      577    412  6.00
      577    503  4.00
      577    528  3.00
      577    573  3.00
      578     35  3.00
      578     74  2.00
      578    114  2.00
      578    279  2.00
      578    404  2.00
      578    409  2.00
      578    499  2.00
      578    527  2.00
      578    529  2.00
      578    533  2.00
      579     72  2.00
      579     74  2.00
      579    113  2.00
      579    171  2.00
      579    404  4.00
      579    409  3.00
      579    448  3.00
      579    501  2.00
      579    527  2.00
      580     75  6.00
      580    128  2.00
      580    169  2.00
      580    233  5.00
      580    330  1.00
      580    381  1.00
      580    387  1.00
      580    503  6.00
      580    538  6.00
      581    273  4.00
      581    347  1.00
      581    352  6.00
      581    360  1.00
      581    426  1.00
      581    459  1.00
      581    506  2.00
      581    568  5.00
      581    605  1.00
      582     52  2.00
      582    331  3.00
      582    585  2.00
      582    587  3.00
      582    605  3.00
      582    622  3.00
      583     52  1.00
      583    622  1.00
      586    131  3.00
      586    151  2.00
      586    521  1.00
      586    539  2.00
      587    300  1.00
      587    477  6.00
      587    589  3.00
      588    273  5.00
      588    456  2.00
      590     33  2.00
      590    309  3.00
      590    445  3.00
      590    458  4.00
      590    472  2.00
      591    138  4.00
      591    154  4.00
      591    369  4.00
      591    429  5.00
      592      4  1.00
      592     73  1.00
      592    115  1.00
      592    206  1.00
      592    520  1.00
      593     90  3.00
      593    399  3.00
      593    493  2.00
      593    603  5.00
      594      7  2.00
      594    125  2.00
      594    217  2.00
      594    485  1.00
      594    564  3.00
      594    570  2.00
      595    116  4.00
      595    246  3.00
      595    347  4.00
      595    426  5.00
      595    459  3.00
      595    460  6.00
      595    492  4.00
      596    210  2.00
      596    211  5.00
      596    451  3.00
      597    167  1.00
      597    332  2.00
      597    348  2.00
      597    587  1.00
      597    622  1.00
      598    134  4.00
      598    182  4.00
      598    224  5.00
      598    270  3.00
      598    274  3.00
      598    313  5.00
      598    402  4.00
      598    438  3.00
      599     38  2.00
      599    150  2.00
      599    156  6.00
      599    213  5.00
      599    249  3.00
      599    334  6.00
      599    336  4.00
      599    462  1.00
      599    537  5.00
      601     38  4.00
      601     48  4.00
      601     81  3.00
      601     92  6.00
      601     94  6.00
      601    256  6.00
      601    443  4.00
      601    501  3.00
      601    537  2.00
      601    559  3.00
      602    291  2.00
      602    473  4.00
      602    541  3.00
      604     49  1.00
      604     74  1.00
      604    113  1.00
      604    114  1.00
      604    171  1.00
      604    239  1.00
      604    286  1.00
      604    323  1.00
      604    529  1.00
      605      3  6.00
      605      8  6.00
      605     69  4.00
      605    246  3.00
      605    248  3.00
      605    446  2.00
      605    459  6.00
      606     30  2.00
      606    485  1.00
      607     78  2.00
      607    108  4.00
      607    111  3.00
      607    392  3.00
      607    401  4.00
      607    407  2.00
      607    408  5.00
      607    434  5.00
      607    556  3.00
      608    169  2.00
      608    562  3.00
      609      8  3.00
      609    115  4.00
      609    136  1.00
      609    187  2.00
      609    301  2.00
      609    304  1.00
      609    495  1.00
      609    507  5.00
      610    567  5.00
      611    103  4.00
      611    233  5.00
      612     95  4.00
      612    125  1.00
      612    254  4.00
      612    361  1.00
      612    434  1.00
      612    576  1.00
      613    115  4.00
      613    289  4.00
      613    303  2.00
      613    304  2.00
      613    335  3.00
      613    495  2.00
      613    520  3.00
      613    545  3.00
      613    585  2.00
      613    609  2.00
      614    103  2.00
      614    152  4.00
      614    233  3.00
      616     38  5.00
      616     67  4.00
      616     97  1.00
      616    193  1.00
      616    320  1.00
      616    347  1.00
      616    368  6.00
      616    462  4.00
      616    507  1.00
      616    617  6.00
      617     38  4.00
      617    368  5.00
      617    462  4.00
      618     12  2.00
      618    464  2.00
      618    473  2.00
      618    582  4.00
      618    583  4.00
      618    622  4.00
      619     64  1.00
      619    303  1.00
      619    308  3.00
      619    370  4.00
      619    489  1.00
      619    565  2.00
      619    613  1.00
      620     10  1.00
      620     14  2.00
      620     17  1.00
      620     55  2.00
      620    267  1.00
      620    431  1.00
      620    438  5.00
      620    462  1.00
      620    472  1.00
      620    507  3.00
      621     16  1.00
      621    224  1.00
      621    376  2.00
      622     52  1.00
      622    583  1.00
      624    511  4.00
      625     43  2.00
      625     65  2.00
      625    490  2.00
      625    515  1.00
      626     52  1.00
      626    132  1.00
      626    421  4.00
      626    456  1.00
      626    483  2.00
      626    566  1.00
      626    571  2.00
      626    587  1.00
      626    622  1.00