DL
N=655
FORMAT=EDGELIST1
DATA:
        1    145  1.00
        1    307  2.00
        1    475  3.00
        1    523  3.00
        1    540  2.00
        1    621  5.00
        1    638  3.00
        3    396  3.00
        3    402  2.00
        3    500  2.00
        3    565  6.00
        3    601  2.00
        3    640  5.00
        4     44  3.00
        4     97  2.00
        4    152  2.00
        4    184  3.00
        4    272  1.00
        4    296  2.00
        4    461  2.00
        4    574  5.00
        5    122  2.00
        5    206  1.00
        5    287  1.00
        5    445  1.00
        6    172  1.00
        6    178  3.00
        6    205  2.00
        6    312  3.00
        6    440  4.00
        7     19  1.00
        7     46  1.00
        7    139  1.00
        7    172  1.00
        7    195  2.00
        7    280  1.00
        7    624  1.00
        8    192  1.00
        8    194  1.00
        8    277  3.00
        8    338  1.00
        8    341  1.00
        8    397  1.00
        8    420  1.00
        8    422  1.00
        8    597  1.00
        9     25  6.00
        9    202  1.00
        9    266  2.00
        9    329  3.00
        9    331  3.00
        9    374  3.00
        9    630  2.00
       10    221  5.00
       10    227  5.00
       10    297  5.00
       10    434  4.00
       10    490  3.00
       10    495  6.00
       11     22  3.00
       11     65  2.00
       11     81  3.00
       11    182  2.00
       11    326  1.00
       11    390  1.00
       11    408  1.00
       11    503  2.00
       11    629  3.00
       11    632  1.00
       12    394  6.00
       12    406  6.00
       12    486  5.00
       12    537  5.00
       14    615  4.00
       15     29  3.00
       15    131  2.00
       15    219  5.00
       15    396  4.00
       15    516  2.00
       15    565  3.00
       15    601  6.00
       15    640  3.00
       16     26  1.00
       16     85  6.00
       16     99  5.00
       16    104  5.00
       16    172  5.00
       16    304  6.00
       16    534  5.00
       16    548  4.00
       16    602  2.00
       16    653  1.00
       17     68  5.00
       17     86  6.00
       17     90  5.00
       17    541  6.00
       17    597  1.00
       17    614  3.00
       18    364  1.00
       18    453  4.00
       18    472  5.00
       18    480  5.00
       19    134  2.00
       19    316  1.00
       19    610  5.00
       21     17  1.00
       21    111  2.00
       21    242  3.00
       21    417  1.00
       21    594  3.00
       21    597  1.00
       22     11  6.00
       22     81  3.00
       22    182  4.00
       22    214  5.00
       22    326  6.00
       22    385  2.00
       22    386  5.00
       22    539  2.00
       22    629  2.00
       22    652  3.00
       23    302  5.00
       23    381  5.00
       23    384  4.00
       23    520  2.00
       23    542  4.00
       23    596  3.00
       23    608  2.00
       24      3  2.00
       24     14  2.00
       24     47  2.00
       24     48  2.00
       24    114  2.00
       24    254  2.00
       24    396  2.00
       24    516  2.00
       24    615  2.00
       24    640  2.00
       25      9  5.00
       25    227  3.00
       25    235  4.00
       25    291  2.00
       25    371  3.00
       25    374  2.00
       25    578  3.00
       25    589  3.00
       26    581  4.00
       27     32  5.00
       27    309  3.00
       27    405  3.00
       27    631  6.00
       28     60  6.00
       28     99  3.00
       28    206  6.00
       28    364  2.00
       28    396  5.00
       28    480  2.00
       28    514  4.00
       28    630  6.00
       29     15  2.00
       29     73  2.00
       29     74  4.00
       29    219  2.00
       29    222  1.00
       29    601  1.00
       30    203  1.00
       30    353  1.00
       30    415  3.00
       30    526  2.00
       30    551  2.00
       30    622  2.00
       30    644  1.00
       31    306  5.00
       32    459  2.00
       32    487  2.00
       32    563  2.00
       32    597  1.00
       33     74  3.00
       33    187  5.00
       33    451  2.00
       33    459  2.00
       33    584  3.00
       33    593  1.00
       34     45  3.00
       34    276  3.00
       34    415  6.00
       34    456  3.00
       34    514  4.00
       35     60  2.00
       35     77  3.00
       35    107  2.00
       35    224  4.00
       35    273  4.00
       35    317  3.00
       35    582  2.00
       35    643  2.00
       36     35  5.00
       36    107  1.00
       36    273  1.00
       36    317  1.00
       36    373  1.00
       37    233  3.00
       37    344  3.00
       37    359  4.00
       37    437  4.00
       37    474  6.00
       37    586  4.00
       38    249  4.00
       38    292  2.00
       38    328  4.00
       38    343  2.00
       38    469  1.00
       38    490  3.00
       38    607  1.00
       38    648  3.00
       39    228  2.00
       40    490  2.00
       40    510  4.00
       41     27  1.00
       41     91  1.00
       41    283  2.00
       41    301  1.00
       41    309  1.00
       42    177  3.00
       42    280  2.00
       42    648  1.00
       43    171  1.00
       43    256  4.00
       43    324  5.00
       43    496  1.00
       43    573  1.00
       44      4  1.00
       44     51  1.00
       44     97  4.00
       44    175  4.00
       44    262  4.00
       44    370  1.00
       44    381  1.00
       44    461  4.00
       44    538  1.00
       46     93  1.00
       46    139  3.00
       46    165  2.00
       46    293  3.00
       46    301  4.00
       46    339  6.00
       46    493  4.00
       47    171  3.00
       47    246  1.00
       47    356  1.00
       47    448  1.00
       48     43  2.00
       48    188  6.00
       48    256  6.00
       49     46  1.00
       49     93  4.00
       49    218  4.00
       49    365  3.00
       49    387  1.00
       49    571  1.00
       49    598  1.00
       50     32  1.00
       50     82  2.00
       50    165  4.00
       50    187  2.00
       50    242  2.00
       50    244  3.00
       50    341  2.00
       50    510  2.00
       51     60  2.00
       51    204  2.00
       51    386  2.00
       51    416  5.00
       51    643  5.00
       52     55  1.00
       52     66  1.00
       52    236  4.00
       52    421  1.00
       52    423  1.00
       52    464  1.00
       52    548  1.00
       53     55  2.00
       53     63  3.00
       53    247  3.00
       53    286  5.00
       53    547  4.00
       54    523  5.00
       54    537  5.00
       54    562  3.00
       54    619  4.00
       55     52  4.00
       55    275  3.00
       55    374  2.00
       55    401  4.00
       55    489  2.00
       55    501  3.00
       56    255  2.00
       56    309  2.00
       56    332  3.00
       56    341  3.00
       56    420  4.00
       56    522  2.00
       57     84  4.00
       57    164  4.00
       57    292  5.00
       57    340  1.00
       57    378  5.00
       57    537  3.00
       57    627  1.00
       57    648  4.00
       59     67  2.00
       59     86  2.00
       59    106  2.00
       59    331  1.00
       59    349  5.00
       59    387  1.00
       59    598  3.00
       60     35  3.00
       60     51  2.00
       60    273  2.00
       60    317  2.00
       60    355  6.00
       60    643  6.00
       61     45  1.00
       61     46  3.00
       61    177  3.00
       61    378  1.00
       62     22  1.00
       62    199  1.00
       62    314  1.00
       62    385  1.00
       62    503  1.00
       62    538  1.00
       62    574  1.00
       62    590  1.00
       62    644  1.00
       63     53  6.00
       63    132  2.00
       63    286  6.00
       63    401  2.00
       63    408  2.00
       63    547  4.00
       63    644  2.00
       64     83  3.00
       64    193  1.00
       64    221  1.00
       64    409  1.00
       64    613  1.00
       65     11  3.00
       65    132  6.00
       65    196  3.00
       65    241  4.00
       65    315  3.00
       65    408  3.00
       65    465  2.00
       65    468  5.00
       65    620  2.00
       65    629  5.00
       66     52  2.00
       66    153  3.00
       66    311  5.00
       66    452  5.00
       67     52  1.00
       67     54  2.00
       67    286  2.00
       67    349  3.00
       67    384  2.00
       67    523  2.00
       67    525  2.00
       67    653  1.00
       68      3  5.00
       68     17  6.00
       68     70  4.00
       68    199  4.00
       68    394  2.00
       68    409  3.00
       68    640  6.00
       68    644  6.00
       69      2  1.00
       69     92  1.00
       69    299  1.00
       69    502  2.00
       70     12  4.00
       70     68  5.00
       70    486  5.00
       70    652  3.00
       71    624  1.00
       71    654  1.00
       72     92  1.00
       72    378  1.00
       73     18  2.00
       73     45  2.00
       73    243  2.00
       73    254  6.00
       73    396  2.00
       73    622  2.00
       74     32  5.00
       74     33  6.00
       74    459  2.00
       74    553  5.00
       74    586  6.00
       74    613  6.00
       75    140  5.00
       75    278  1.00
       75    380  2.00
       75    580  5.00
       75    605  1.00
       75    621  4.00
       76    127  1.00
       76    175  3.00
       76    295  4.00
       76    505  1.00
       76    526  6.00
       76    559  1.00
       76    582  3.00
       76    596  5.00
       76    616  2.00
       77     35  2.00
       77    273  2.00
       77    317  4.00
       77    373  5.00
       77    588  2.00
       77    643  3.00
       78     68  6.00
       78    150  3.00
       78    230  3.00
       78    244  3.00
       78    490  2.00
       78    642  3.00
       79    153  1.00
       79    253  2.00
       79    391  2.00
       79    581  6.00
       80     53  1.00
       80    312  1.00
       80    423  3.00
       80    489  1.00
       80    503  4.00
       80    561  6.00
       80    602  4.00
       81     22  5.00
       81    214  3.00
       81    386  3.00
       81    390  3.00
       81    499  3.00
       81    503  2.00
       81    526  2.00
       81    644  3.00
       82     25  3.00
       82     59  2.00
       82     86  3.00
       82    349  3.00
       83    551  6.00
       85     16  3.00
       85    168  2.00
       85    172  1.00
       85    424  1.00
       85    437  1.00
       85    479  1.00
       85    534  2.00
       85    548  2.00
       86     17  5.00
       86     81  4.00
       86     91  3.00
       86    112  3.00
       86    156  5.00
       86    232  4.00
       86    282  3.00
       86    340  5.00
       86    491  6.00
       87      1  2.00
       87     89  2.00
       87    140  2.00
       87    266  2.00
       87    350  2.00
       87    438  2.00
       87    531  2.00
       87    536  2.00
       87    591  5.00
       87    621  2.00
       88    129  1.00
       88    141  1.00
       88    225  1.00
       88    226  1.00
       88    473  2.00
       89    144  2.00
       89    176  2.00
       89    190  1.00
       89    211  1.00
       89    336  1.00
       89    500  1.00
       89    531  1.00
       89    591  1.00
       90     17  4.00
       90     86  4.00
       90     91  4.00
       90    156  2.00
       90    369  1.00
       90    449  6.00
       90    450  3.00
       90    545  4.00
       91     11  1.00
       91     32  1.00
       91    231  1.00
       91    240  4.00
       91    282  6.00
       91    408  1.00
       91    487  3.00
       91    586  1.00
       92    185  5.00
       92    250  1.00
       92    257  1.00
       92    530  1.00
       92    597  2.00
       92    649  2.00
       93     46  2.00
       93     49  4.00
       93    134  1.00
       93    165  3.00
       93    172  1.00
       93    339  1.00
       93    365  2.00
       93    387  4.00
       93    388  3.00
       94     98  2.00
       94    250  5.00
       94    455  1.00
       96     58  3.00
       96    349  1.00
       96    429  1.00
       96    562  2.00
       97      4  1.00
       97     44  2.00
       97    121  3.00
       97    362  2.00
       97    456  1.00
       97    505  3.00
       97    559  3.00
       97    643  1.00
       98     94  2.00
       98    250  2.00
       98    298  2.00
       98    479  2.00
       99     28  3.00
       99     65  3.00
       99    104  3.00
       99    249  4.00
       99    345  2.00
       99    437  4.00
       99    536  5.00
       99    629  5.00
      101     47  5.00
      101    391  2.00
      101    434  1.00
      102    365  3.00
      103    108  4.00
      103    143  1.00
      103    201  3.00
      103    241  3.00
      103    282  4.00
      103    362  4.00
      103    408  2.00
      103    468  3.00
      103    626  4.00
      103    629  2.00
      104     22  5.00
      104     99  3.00
      104    214  4.00
      104    249  2.00
      104    369  4.00
      104    597  4.00
      105    438  1.00
      105    531  1.00
      106     93  1.00
      106    329  2.00
      106    331  2.00
      106    339  1.00
      106    343  3.00
      106    374  1.00
      106    387  2.00
      106    646  1.00
      106    651  3.00
      107     35  3.00
      107     77  2.00
      107    273  4.00
      107    317  3.00
      107    373  2.00
      107    460  6.00
      107    588  2.00
      107    643  2.00
      108    373  6.00
      108    626  3.00
      109     22  5.00
      109    159  1.00
      109    214  5.00
      109    464  4.00
      109    539  6.00
      109    544  5.00
      109    561  2.00
      109    568  2.00
      109    620  4.00
      109    653  1.00
      110     99  1.00
      110    104  1.00
      110    233  1.00
      110    313  1.00
      110    437  1.00
      110    563  2.00
      111     21  3.00
      111    377  5.00
      111    417  5.00
      111    594  3.00
      112     91  1.00
      112    118  1.00
      112    340  6.00
      112    399  1.00
      112    518  1.00
      112    593  1.00
      113    132  2.00
      113    227  3.00
      113    345  3.00
      113    465  3.00
      113    595  2.00
      113    620  3.00
      113    639  5.00
      113    653  2.00
      114     15  1.00
      114     24  1.00
      114     47  1.00
      114    234  1.00
      114    302  1.00
      114    516  1.00
      114    565  1.00
      114    640  1.00
      115     75  3.00
      115    140  2.00
      115    372  2.00
      115    573  1.00
      115    580  2.00
      115    621  2.00
      116    118  5.00
      116    169  3.00
      116    369  2.00
      117     22  4.00
      117    182  3.00
      117    214  4.00
      117    282  3.00
      117    326  3.00
      117    564  1.00
      117    644  1.00
      120     22  3.00
      120    172  2.00
      120    186  3.00
      120    214  3.00
      120    282  1.00
      120    414  2.00
      120    479  3.00
      120    561  2.00
      121    108  3.00
      121    127  5.00
      121    295  4.00
      121    390  6.00
      121    505  5.00
      121    559  5.00
      121    581  2.00
      121    582  4.00
      121    626  3.00
      122     35  1.00
      122     60  1.00
      122    273  3.00
      122    317  3.00
      122    543  1.00
      122    588  2.00
      122    643  4.00
      123    127  4.00
      123    238  1.00
      123    505  4.00
      123    559  6.00
      123    582  1.00
      123    641  1.00
      124     70  1.00
      124    323  2.00
      124    382  3.00
      124    459  6.00
      124    471  2.00
      124    528  3.00
      124    642  5.00
      126    125  3.00
      126    165  3.00
      126    194  1.00
      126    237  2.00
      126    269  4.00
      126    290  3.00
      126    298  2.00
      126    310  6.00
      126    530  1.00
      126    655  2.00
      127    108  2.00
      127    121  4.00
      127    123  4.00
      127    295  5.00
      127    505  5.00
      127    526  1.00
      127    559  6.00
      127    581  3.00
      127    626  3.00
      128     84  1.00
      128    268  1.00
      128    340  1.00
      128    399  1.00
      128    610  1.00
      129     78  2.00
      129     98  1.00
      129    126  1.00
      129    298  1.00
      129    427  1.00
      129    524  3.00
      130     91  2.00
      130    517  1.00
      131    140  1.00
      131    147  3.00
      131    206  3.00
      131    278  1.00
      131    376  4.00
      131    621  3.00
      131    650  5.00
      132     65  6.00
      132    136  2.00
      132    140  2.00
      132    205  3.00
      132    315  3.00
      132    465  2.00
      132    629  3.00
      133    370  6.00
      133    375  6.00
      133    529  3.00
      134     19  6.00
      134     93  5.00
      134    120  3.00
      134    169  5.00
      134    172  2.00
      134    174  2.00
      134    187  1.00
      134    527  5.00
      134    642  5.00
      135     75  3.00
      135    140  2.00
      135    516  5.00
      135    621  4.00
      136     65  3.00
      136    312  3.00
      136    315  5.00
      136    330  3.00
      136    385  3.00
      136    489  3.00
      136    548  2.00
      136    552  4.00
      136    568  5.00
      137    213  2.00
      137    217  2.00
      137    655  3.00
      138    353  6.00
      138    364  4.00
      138    457  6.00
      138    461  2.00
      138    644  2.00
      139     16  2.00
      139    103  3.00
      139    120  2.00
      139    214  4.00
      139    231  1.00
      139    310  1.00
      139    325  1.00
      139    347  2.00
      139    369  5.00
      140     75  6.00
      140    135  1.00
      140    278  1.00
      140    564  5.00
      140    573  1.00
      140    580  6.00
      140    621  6.00
      140    650  3.00
      141    298  3.00
      141    430  1.00
      141    442  3.00
      141    522  4.00
      141    567  1.00
      141    655  1.00
      142     10  2.00
      142     32  1.00
      142     40  1.00
      142     74  1.00
      142    187  2.00
      142    490  2.00
      142    651  1.00
      143     11  1.00
      143     22  2.00
      143    182  3.00
      143    201  6.00
      143    271  3.00
      143    468  4.00
      143    564  3.00
      144    190  4.00
      144    266  3.00
      144    313  4.00
      144    345  3.00
      144    489  5.00
      147    131  5.00
      148     86  1.00
      148    106  1.00
      148    210  2.00
      148    247  2.00
      148    260  3.00
      148    308  1.00
      149    196  1.00
      151     22  1.00
      151    113  1.00
      151    117  1.00
      151    214  1.00
      151    262  2.00
      151    390  1.00
      151    461  1.00
      151    573  1.00
      151    622  1.00
      152     76  1.00
      152    149  1.00
      152    203  2.00
      152    223  4.00
      152    238  1.00
      152    284  1.00
      152    507  1.00
      152    555  2.00
      152    574  3.00
      153     66  1.00
      153    190  1.00
      153    270  1.00
      153    476  3.00
      153    494  1.00
      155     21  6.00
      155    339  3.00
      155    367  5.00
      155    465  1.00
      155    493  5.00
      155    524  6.00
      155    639  6.00
      156     17  4.00
      156     86  6.00
      156     90  5.00
      156    124  2.00
      156    221  1.00
      156    232  6.00
      156    576  1.00
      157    466  6.00
      158    202  1.00
      158    412  2.00
      158    598  2.00
      158    606  1.00
      158    627  5.00
      159    590  5.00
      160     89  1.00
      160    256  2.00
      160    349  2.00
      160    591  2.00
      162     96  1.00
      162    188  1.00
      162    202  1.00
      162    260  1.00
      162    275  1.00
      162    349  1.00
      163    100  1.00
      164     57  3.00
      164    292  3.00
      164    344  4.00
      164    346  4.00
      164    351  4.00
      164    365  3.00
      165     93  2.00
      165    304  2.00
      165    388  2.00
      165    583  2.00
      166    230  1.00
      166    252  5.00
      166    414  1.00
      166    546  6.00
      167    252  5.00
      167    443  1.00
      167    546  6.00
      167    551  3.00
      167    640  3.00
      168     16  2.00
      168     85  2.00
      168     99  1.00
      168    205  1.00
      168    310  4.00
      168    403  3.00
      168    479  1.00
      168    534  3.00
      168    632  2.00
      169    174  4.00
      169    261  5.00
      169    301  5.00
      169    502  5.00
      169    527  5.00
      170    304  3.00
      170    365  3.00
      170    583  5.00
      171    184  1.00
      171    203  1.00
      171    356  1.00
      171    373  3.00
      171    448  3.00
      171    496  3.00
      171    540  1.00
      171    555  1.00
      171    650  1.00
      172     93  1.00
      172    104  1.00
      172    120  6.00
      172    313  1.00
      172    479  4.00
      172    568  1.00
      173    167  3.00
      173    252  6.00
      173    434  2.00
      174    169  4.00
      174    267  3.00
      174    301  2.00
      174    388  2.00
      174    577  5.00
      175      1  1.00
      175     44  6.00
      175    103  1.00
      175    121  1.00
      175    184  6.00
      175    262  6.00
      175    461  3.00
      175    559  1.00
      175    573  4.00
      176     11  1.00
      176     22  1.00
      176     89  1.00
      176    207  1.00
      176    241  1.00
      176    326  1.00
      176    336  2.00
      176    337  1.00
      176    483  1.00
      176    531  1.00
      177     46  2.00
      177     61  4.00
      177    393  2.00
      177    469  2.00
      177    530  1.00
      177    571  2.00
      178      6  5.00
      178    100  3.00
      178    180  3.00
      178    183  5.00
      178    193  3.00
      178    313  1.00
      178    409  3.00
      178    440  5.00
      178    444  3.00
      179    228  1.00
      179    251  3.00
      179    285  1.00
      179    379  1.00
      179    407  3.00
      180    326  4.00
      181     42  2.00
      181    361  4.00
      182     11  2.00
      182     22  6.00
      182    241  6.00
      182    315  2.00
      182    390  3.00
      182    503  5.00
      182    568  5.00
      182    639  5.00
      182    652  5.00
      182    653  2.00
      183    167  2.00
      183    180  6.00
      183    252  3.00
      183    409  5.00
      183    443  5.00
      183    546  6.00
      183    551  6.00
      184      1  1.00
      184      4  1.00
      184     44  3.00
      184     97  1.00
      184    121  1.00
      184    175  6.00
      184    272  1.00
      184    461  3.00
      184    542  1.00
      185     92  5.00
      185    150  1.00
      185    341  1.00
      185    397  1.00
      185    530  1.00
      185    649  2.00
      186     11  1.00
      186     22  1.00
      186     65  1.00
      186    103  2.00
      186    182  1.00
      186    201  6.00
      186    326  2.00
      186    390  1.00
      186    463  1.00
      187     32  1.00
      187     33  4.00
      187    106  1.00
      187    343  2.00
      187    451  3.00
      187    636  2.00
      187    651  2.00
      188    162  2.00
      188    260  3.00
      188    265  2.00
      188    308  3.00
      188    311  1.00
      188    349  2.00
      188    525  2.00
      188    613  2.00
      190    144  5.00
      190    211  4.00
      190    214  4.00
      190    296  4.00
      190    345  5.00
      190    371  6.00
      190    434  4.00
      190    523  5.00
      190    557  4.00
      191     77  5.00
      191    505  3.00
      191    643  4.00
      192      8  2.00
      192    194  5.00
      192    341  4.00
      192    397  2.00
      192    398  2.00
      192    407  4.00
      192    420  2.00
      192    422  1.00
      192    597  1.00
      193    150  5.00
      193    180  5.00
      193    183  5.00
      193    252  2.00
      193    400  3.00
      193    444  4.00
      193    549  2.00
      193    599  4.00
      194    192  5.00
      194    285  2.00
      194    397  2.00
      194    420  5.00
      194    422  2.00
      194    530  2.00
      194    597  2.00
      195      7  1.00
      195     21  1.00
      195    187  1.00
      195    636  1.00
      196     65  3.00
      196    143  4.00
      196    214  2.00
      196    272  5.00
      196    282  4.00
      196    315  3.00
      196    385  3.00
      196    555  2.00
      196    564  4.00
      196    629  2.00
      197    453  2.00
      198     27  2.00
      198    172  2.00
      198    397  1.00
      198    479  2.00
      198    597  1.00
      198    648  1.00
      198    649  1.00
      199     12  2.00
      199     62  1.00
      199    159  1.00
      199    236  3.00
      199    326  4.00
      199    394  2.00
      199    486  2.00
      199    590  5.00
      199    609  4.00
      199    653  1.00
      200    123  2.00
      200    204  2.00
      200    353  2.00
      200    394  5.00
      200    462  6.00
      200    472  4.00
      200    484  4.00
      200    532  6.00
      200    582  3.00
      200    641  3.00
      201    143  5.00
      201    182  1.00
      201    186  6.00
      201    200  2.00
      201    452  3.00
      201    526  2.00
      201    644  3.00
      202      9  4.00
      202     15  3.00
      202     67  2.00
      202    119  2.00
      202    544  1.00
      202    561  1.00
      202    598  5.00
      202    606  2.00
      202    639  1.00
      203    152  2.00
      203    223  3.00
      203    364  1.00
      203    386  3.00
      203    472  2.00
      203    507  2.00
      203    526  1.00
      203    555  2.00
      204    123  2.00
      204    203  2.00
      204    223  2.00
      204    284  1.00
      204    295  3.00
      204    385  2.00
      204    472  3.00
      204    526  3.00
      204    555  3.00
      204    641  2.00
      205      6  6.00
      205    132  6.00
      205    138  6.00
      205    178  6.00
      205    214  6.00
      205    312  6.00
      205    318  6.00
      205    520  6.00
      205    639  6.00
      206    131  3.00
      206    318  6.00
      206    380  4.00
      206    386  1.00
      206    650  3.00
      207    418  4.00
      207    476  3.00
      207    485  3.00
      207    578  2.00
      207    600  2.00
      207    632  3.00
      208    177  2.00
      208    348  2.00
      208    441  2.00
      209     27  5.00
      209     34  4.00
      209     86  6.00
      209    156  6.00
      209    232  6.00
      209    465  6.00
      209    491  6.00
      209    540  5.00
      210    109  5.00
      210    148  2.00
      210    260  2.00
      210    308  3.00
      211      3  2.00
      211     26  2.00
      212     43  3.00
      212    101  5.00
      212    145  3.00
      212    224  2.00
      212    241  4.00
      212    256  5.00
      212    284  2.00
      212    511  2.00
      212    644  4.00
      213    137  4.00
      213    217  5.00
      213    399  1.00
      213    530  1.00
      213    648  1.00
      214     22  6.00
      214     81  3.00
      214    104  6.00
      214    109  3.00
      214    182  3.00
      214    326  5.00
      214    369  5.00
      214    653  2.00
      215     14  3.00
      215     83  1.00
      215    109  2.00
      215    412  2.00
      215    500  2.00
      215    567  2.00
      216    129  2.00
      216    524  5.00
      217    208  2.00
      217    213  5.00
      218     49  6.00
      219    278  6.00
      219    380  4.00
      219    500  4.00
      219    601  3.00
      220    221  1.00
      220    652  2.00
      221     18  4.00
      221     22  1.00
      221    117  2.00
      221    241  2.00
      221    282  2.00
      221    434  5.00
      221    551  2.00
      221    590  4.00
      221    652  5.00
      222     29  1.00
      222     43  1.00
      222    278  2.00
      222    380  2.00
      223     45  1.00
      223    152  3.00
      223    203  4.00
      223    224  1.00
      223    295  1.00
      223    507  4.00
      223    526  1.00
      223    542  1.00
      223    555  4.00
      224     35  4.00
      224    127  2.00
      224    223  2.00
      224    238  2.00
      224    273  1.00
      224    284  2.00
      224    505  2.00
      224    544  2.00
      224    555  1.00
      225     47  1.00
      225    198  5.00
      225    281  1.00
      225    333  3.00
      226     89  4.00
      226    198  6.00
      227    221  2.00
      227    279  4.00
      227    434  4.00
      227    500  4.00
      227    652  3.00
      228    192  2.00
      228    194  2.00
      228    420  5.00
      228    428  5.00
      229    213  1.00
      229    612  1.00
      230     78  3.00
      230    150  3.00
      230    166  3.00
      230    328  1.00
      230    405  5.00
      230    625  6.00
      232     86  4.00
      232    156  4.00
      233      6  2.00
      233     99  2.00
      233    120  3.00
      233    304  5.00
      233    365  1.00
      233    465  5.00
      233    479  2.00
      233    493  3.00
      233    541  1.00
      234    114  1.00
      234    516  1.00
      234    526  2.00
      234    591  1.00
      235     22  1.00
      235     25  3.00
      235     26  2.00
      235    103  1.00
      235    117  1.00
      235    182  1.00
      235    241  1.00
      235    371  1.00
      235    629  1.00
      236    104  2.00
      236    199  2.00
      236    602  2.00
      236    609  4.00
      236    620  4.00
      237     85  2.00
      237    175  1.00
      237    251  1.00
      237    298  1.00
      237    304  2.00
      237    365  2.00
      237    467  3.00
      238    224  2.00
      238    284  4.00
      238    472  5.00
      239     33  2.00
      239     68  1.00
      239    240  1.00
      239    325  2.00
      239    369  2.00
      239    451  2.00
      240     91  5.00
      240    309  4.00
      241     11  2.00
      241     22  3.00
      241     65  5.00
      241    103  4.00
      241    143  4.00
      241    182  6.00
      241    205  4.00
      241    468  5.00
      241    629  3.00
      241    652  3.00
      242     21  4.00
      242     40  3.00
      242     46  5.00
      242    292  3.00
      242    339  6.00
      242    343  4.00
      242    351  3.00
      243     73  1.00
      243    254  2.00
      243    566  5.00
      244     10  5.00
      244     50  3.00
      244     68  4.00
      244     78  4.00
      244    300  4.00
      244    490  6.00
      244    510  4.00
      245      3  3.00
      245    315  4.00
      245    385  4.00
      245    419  2.00
      245    480  4.00
      247     53  4.00
      247    203  3.00
      247    266  2.00
      247    286  4.00
      247    384  1.00
      247    432  1.00
      247    539  1.00
      247    544  1.00
      248     69  2.00
      248     71  2.00
      248    129  1.00
      248    299  2.00
      248    395  2.00
      248    399  1.00
      248    473  2.00
      248    579  2.00
      248    645  2.00
      249     38  1.00
      249     99  3.00
      249    397  3.00
      249    437  1.00
      249    597  3.00
      250     94  3.00
      250     98  1.00
      250    192  1.00
      250    251  4.00
      250    428  2.00
      252    167  6.00
      252    173  6.00
      252    183  3.00
      252    193  1.00
      252    546  5.00
      252    551  1.00
      254     73  6.00
      254    160  1.00
      254    243  2.00
      254    545  6.00
      254    572  6.00
      254    615  1.00
      255    179  1.00
      255    379  1.00
      255    407  1.00
      255    537  1.00
      256     43  4.00
      256     48  6.00
      256    160  2.00
      256    433  5.00
      256    477  3.00
      256    511  6.00
      257    319  3.00
      257    337  2.00
      257    408  4.00
      257    631  6.00
      258    158  4.00
      259     47  3.00
      259    281  5.00
      259    296  3.00
      259    342  5.00
      259    531  5.00
      259    608  3.00
      260    148  2.00
      260    210  1.00
      261    169  5.00
      261    177  3.00
      261    305  2.00
      261    441  1.00
      261    495  6.00
      261    569  2.00
      262     44  6.00
      262    151  6.00
      262    175  6.00
      262    372  6.00
      262    573  6.00
      263    129  1.00
      263    473  3.00
      263    569  1.00
      264     32  1.00
      264     40  3.00
      264    163  2.00
      264    256  2.00
      264    374  1.00
      264    487  1.00
      264    523  3.00
      266      9  1.00
      266    109  1.00
      266    144  4.00
      266    177  1.00
      266    313  2.00
      266    489  2.00
      266    548  1.00
      267    165  1.00
      267    169  1.00
      267    174  2.00
      267    388  2.00
      267    493  1.00
      268     98  6.00
      268    305  6.00
      268    309  6.00
      269    126  5.00
      269    420  3.00
      269    530  4.00
      269    569  1.00
      270    153  2.00
      270    190  3.00
      270    494  4.00
      271     75  4.00
      271    103  3.00
      271    143  5.00
      271    196  5.00
      271    241  3.00
      271    408  1.00
      271    463  3.00
      271    468  4.00
      271    564  5.00
      272    196  5.00
      272    223  3.00
      272    224  2.00
      272    284  3.00
      272    345  6.00
      272    385  3.00
      272    507  4.00
      272    555  3.00
      272    582  6.00
      272    641  6.00
      273     36  4.00
      273     77  2.00
      273    107  6.00
      273    122  2.00
      273    317  3.00
      273    364  2.00
      273    366  6.00
      273    373  2.00
      273    643  4.00
      274     10  1.00
      274    377  2.00
      274    417  2.00
      274    651  1.00
      275     55  3.00
      275    266  3.00
      275    374  3.00
      275    401  6.00
      275    422  5.00
      275    464  2.00
      275    489  1.00
      275    544  2.00
      275    597  2.00
      276     30  1.00
      276     34  3.00
      276     45  6.00
      276    415  3.00
      276    428  1.00
      276    570  1.00
      277      8  4.00
      277    164  1.00
      277    351  1.00
      277    407  1.00
      277    530  1.00
      278     75  1.00
      278    131  1.00
      278    140  1.00
      278    219  4.00
      278    222  2.00
      278    380  4.00
      278    580  1.00
      278    621  1.00
      278    650  1.00
      279     34  1.00
      279    221  1.00
      279    227  1.00
      279    434  1.00
      279    505  1.00
      279    559  1.00
      279    582  1.00
      280     42  4.00
      280    510  2.00
      280    534  5.00
      280    625  6.00
      281    226  1.00
      281    259  1.00
      281    296  1.00
      281    632  1.00
      281    637  1.00
      282     22  3.00
      282    182  2.00
      282    196  6.00
      282    214  5.00
      282    284  5.00
      282    326  3.00
      282    385  1.00
      282    512  1.00
      282    629  2.00
      283     27  1.00
      283     41  3.00
      283     46  1.00
      283     94  2.00
      283    161  2.00
      283    198  2.00
      283    309  4.00
      283    339  3.00
      283    493  4.00
      284    159  2.00
      284    196  5.00
      284    224  2.00
      284    314  2.00
      284    544  3.00
      285      8  1.00
      285    251  1.00
      285    255  1.00
      285    316  1.00
      285    361  1.00
      285    522  1.00
      285    537  1.00
      286     53  6.00
      286     63  6.00
      286    132  2.00
      286    247  5.00
      286    547  5.00
      287     53  6.00
      287    132  3.00
      287    147  2.00
      287    286  5.00
      287    364  6.00
      287    496  2.00
      287    573  2.00
      288    108  2.00
      288    121  2.00
      288    127  3.00
      288    320  3.00
      288    505  3.00
      288    559  3.00
      288    581  3.00
      288    626  4.00
      290     32  1.00
      290     38  2.00
      290    126  3.00
      290    390  1.00
      290    422  2.00
      290    597  3.00
      291    167  1.00
      291    190  2.00
      291    235  1.00
      291    445  1.00
      291    498  1.00
      291    531  5.00
      291    589  5.00
      291    632  1.00
      292     38  3.00
      292     57  5.00
      292    164  4.00
      292    378  5.00
      292    537  4.00
      292    562  2.00
      292    614  1.00
      293     46  4.00
      293    339  2.00
      293    424  2.00
      294      9  3.00
      294     26  4.00
      294    292  6.00
      294    349  2.00
      294    374  6.00
      294    401  3.00
      294    489  4.00
      294    576  5.00
      294    620  3.00
      295     76  1.00
      295    127  6.00
      295    203  1.00
      295    204  2.00
      295    223  1.00
      295    284  3.00
      295    505  1.00
      295    507  3.00
      295    526  1.00
      296    372  6.00
      296    549  1.00
      297     10  6.00
      297     18  5.00
      297    119  2.00
      297    531  6.00
      297    623  2.00
      298     77  2.00
      298    102  1.00
      298    114  3.00
      298    126  1.00
      298    237  2.00
      298    571  2.00
      299     69  1.00
      299    378  1.00
      299    579  1.00
      301     46  1.00
      301    102  1.00
      301    139  1.00
      301    169  3.00
      301    174  3.00
      301    339  1.00
      301    367  2.00
      301    493  1.00
      301    550  2.00
      301    577  5.00
      302     23  6.00
      302    381  1.00
      302    480  1.00
      302    526  1.00
      302    542  1.00
      303     90  2.00
      303    153  1.00
      303    270  3.00
      304     16  6.00
      304     85  5.00
      304    170  6.00
      304    198  3.00
      304    481  4.00
      304    550  4.00
      305    235  1.00
      305    268  4.00
      305    629  2.00
      306     31  5.00
      307      1  2.00
      307     75  3.00
      307    140  3.00
      307    580  4.00
      307    601  3.00
      307    621  4.00
      307    638  2.00
      308    210  3.00
      308    311  2.00
      309     27  1.00
      309     41  1.00
      309    163  1.00
      309    240  2.00
      309    250  1.00
      309    268  6.00
      309    283  5.00
      309    399  3.00
      309    441  3.00
      310    104  1.00
      310    139  2.00
      310    165  5.00
      310    168  3.00
      310    172  1.00
      310    403  3.00
      310    408  1.00
      310    534  3.00
      310    583  2.00
      311     66  5.00
      311     82  2.00
      311    161  2.00
      311    297  3.00
      311    417  5.00
      311    434  2.00
      311    584  2.00
      312    109  1.00
      312    330  4.00
      312    423  2.00
      312    465  4.00
      312    548  1.00
      312    552  4.00
      312    568  5.00
      312    602  3.00
      312    639  4.00
      312    653  5.00
      313    142  5.00
      313    330  5.00
      313    364  1.00
      313    437  1.00
      313    489  2.00
      315     22  1.00
      315    136  4.00
      315    196  1.00
      315    236  3.00
      315    245  3.00
      315    385  4.00
      315    463  1.00
      315    468  1.00
      315    644  2.00
      316     19  1.00
      316    285  2.00
      316    346  1.00
      317     35  3.00
      317     77  5.00
      317    107  1.00
      317    373  5.00
      317    416  5.00
      317    588  5.00
      318    122  1.00
      318    206  6.00
      318    273  3.00
      318    380  6.00
      318    543  1.00
      318    588  1.00
      318    596  4.00
      319    103  3.00
      319    127  3.00
      319    175  3.00
      319    288  3.00
      319    365  3.00
      319    581  3.00
      319    582  3.00
      319    626  3.00
      319    631  1.00
      320    108  4.00
      320    121  4.00
      320    127  4.00
      320    175  4.00
      320    288  5.00
      320    505  4.00
      320    559  4.00
      320    581  4.00
      320    582  4.00
      320    626  4.00
      321      3  6.00
      321     15  6.00
      321    122  6.00
      321    195  6.00
      321    206  6.00
      321    372  6.00
      321    386  6.00
      321    432  6.00
      321    640  6.00
      322    523  1.00
      323    360  2.00
      323    471  6.00
      324     43  4.00
      324    188  1.00
      324    195  2.00
      324    244  5.00
      324    319  2.00
      324    342  1.00
      324    494  2.00
      324    519  1.00
      325    231  1.00
      325    338  1.00
      325    369  1.00
      325    459  1.00
      325    527  1.00
      326     11  3.00
      326     22  6.00
      326     65  2.00
      326    109  2.00
      326    199  6.00
      326    214  5.00
      326    282  4.00
      326    390  4.00
      326    503  4.00
      326    590  2.00
      327     22  1.00
      327    103  1.00
      327    245  1.00
      327    271  1.00
      327    385  1.00
      327    463  4.00
      327    468  1.00
      327    564  4.00
      327    616  1.00
      327    621  1.00
      328     38  4.00
      328    177  1.00
      328    407  1.00
      328    471  1.00
      328    597  1.00
      328    607  2.00
      328    646  2.00
      329      9  2.00
      329     26  2.00
      329     70  2.00
      329    312  2.00
      329    471  5.00
      329    489  2.00
      329    546  2.00
      329    562  2.00
      329    646  2.00
      329    651  2.00
      330     99  5.00
      330    136  4.00
      330    205  3.00
      330    312  5.00
      330    385  5.00
      330    552  5.00
      330    602  3.00
      330    629  5.00
      330    639  4.00
      330    653  4.00
      331      9  2.00
      331     82  2.00
      331    106  4.00
      331    374  2.00
      331    471  2.00
      331    562  2.00
      331    598  3.00
      331    646  2.00
      331    651  4.00
      332    185  4.00
      332    417  2.00
      332    522  4.00
      332    594  6.00
      334     62  3.00
      334    390  3.00
      334    460  1.00
      334    551  3.00
      334    599  6.00
      335    108  2.00
      335    564  2.00
      336     11  1.00
      336    176  3.00
      336    337  1.00
      336    483  2.00
      337     22  1.00
      337     81  1.00
      337    214  1.00
      337    282  1.00
      337    310  1.00
      337    336  2.00
      337    403  3.00
      337    408  1.00
      337    483  1.00
      337    504  1.00
      338    104  1.00
      338    249  2.00
      338    422  1.00
      339     46  5.00
      339     93  2.00
      339    293  4.00
      339    343  5.00
      339    387  5.00
      339    424  3.00
      339    450  2.00
      339    493  2.00
      340     38  1.00
      340     84  2.00
      340     86  5.00
      340    156  5.00
      340    341  2.00
      340    487  2.00
      340    597  1.00
      341    192  1.00
      341    194  1.00
      341    255  1.00
      341    397  1.00
      341    398  3.00
      341    407  1.00
      341    420  1.00
      341    422  1.00
      341    597  1.00
      341    607  1.00
      343     49  1.00
      343    106  4.00
      343    339  4.00
      343    469  2.00
      343    648  4.00
      343    650  2.00
      343    651  4.00
      345      4  1.00
      345    196  3.00
      345    272  3.00
      345    296  2.00
      345    362  4.00
      345    386  1.00
      345    461  1.00
      345    582  1.00
      345    638  2.00
      345    641  2.00
      346     19  2.00
      346    157  2.00
      346    316  2.00
      347    139  1.00
      347    231  1.00
      347    424  1.00
      348     32  3.00
      348     40  3.00
      348    244  4.00
      348    449  5.00
      348    487  5.00
      348    490  3.00
      349      9  1.00
      349     67  2.00
      349     96  1.00
      349    113  1.00
      349    414  2.00
      349    424  1.00
      349    598  1.00
      349    613  1.00
      349    630  1.00
      350     87  2.00
      350     89  2.00
      350    207  4.00
      350    220  2.00
      350    403  2.00
      350    531  5.00
      350    632  5.00
      350    652  2.00
      351     69  1.00
      351    164  4.00
      351    177  1.00
      351    261  1.00
      351    277  1.00
      351    405  1.00
      351    610  1.00
      351    628  1.00
      352    111  4.00
      352    119  4.00
      352    325  1.00
      352    430  1.00
      353      3  1.00
      353    121  1.00
      353    138  6.00
      353    457  6.00
      353    514  2.00
      353    640  1.00
      353    644  2.00
      354     95  1.00
      354    186  1.00
      354    196  1.00
      354    201  1.00
      354    214  1.00
      354    564  1.00
      354    644  1.00
      355     60  5.00
      355    111  5.00
      355    128  1.00
      355    273  1.00
      355    643  1.00
      356     45  1.00
      356     76  2.00
      356    103  2.00
      356    175  2.00
      356    246  2.00
      356    514  1.00
      356    626  2.00
      357    216  1.00
      357    593  1.00
      358     35  2.00
      358    287  1.00
      358    315  4.00
      358    372  4.00
      358    373  1.00
      358    465  6.00
      358    639  1.00
      358    643  1.00
      359     38  2.00
      359     43  3.00
      359    230  2.00
      359    265  1.00
      359    343  5.00
      359    391  3.00
      359    651  6.00
      360     82  1.00
      360     86  1.00
      360    429  1.00
      360    523  1.00
      360    619  1.00
      361    206  1.00
      361    353  2.00
      361    364  1.00
      361    426  1.00
      361    510  1.00
      361    513  1.00
      362     65  1.00
      362    103  2.00
      362    144  2.00
      362    214  1.00
      362    279  2.00
      362    326  2.00
      362    361  1.00
      362    629  1.00
      362    632  1.00
      362    644  2.00
      363    477  2.00
      364     77  3.00
      364    107  1.00
      364    273  1.00
      364    287  6.00
      364    574  1.00
      365     93  3.00
      365    108  2.00
      365    479  2.00
      365    481  6.00
      365    569  3.00
      365    597  5.00
      365    626  2.00
      366     35  3.00
      366     51  3.00
      366    107  4.00
      366    204  2.00
      366    273  5.00
      366    284  2.00
      366    460  5.00
      366    643  4.00
      367     46  2.00
      367    102  1.00
      367    134  1.00
      367    301  5.00
      367    556  1.00
      369     26  3.00
      369    104  4.00
      369    109  4.00
      369    139  6.00
      369    214  4.00
      369    312  3.00
      369    465  4.00
      369    639  3.00
      369    653  6.00
      370     16  2.00
      370    133  3.00
      370    153  2.00
      370    159  1.00
      370    186  2.00
      370    241  1.00
      370    362  1.00
      370    616  1.00
      370    644  1.00
      371     22  1.00
      371     25  2.00
      371    390  6.00
      371    622  4.00
      371    632  4.00
      372    296  5.00
      373     35  1.00
      373     77  5.00
      373    107  2.00
      373    108  6.00
      373    273  2.00
      373    317  6.00
      373    372  1.00
      373    588  1.00
      373    643  4.00
      374      9  1.00
      374     25  1.00
      374    132  1.00
      374    294  1.00
      374    523  2.00
      374    557  4.00
      376     95  3.00
      376    131  2.00
      376    362  2.00
      376    580  3.00
      376    616  2.00
      376    621  3.00
      376    638  1.00
      376    650  3.00
      377    274  3.00
      377    417  4.00
      378     57  1.00
      378     61  3.00
      378    164  2.00
      378    292  4.00
      378    299  4.00
      378    490  6.00
      378    641  1.00
      378    648  1.00
      379    192  1.00
      379    213  1.00
      379    228  1.00
      379    397  1.00
      379    398  1.00
      379    428  2.00
      379    487  2.00
      379    537  1.00
      379    541  4.00
      379    597  1.00
      380    115  3.00
      380    206  5.00
      380    219  5.00
      380    220  5.00
      380    222  5.00
      380    318  5.00
      380    573  5.00
      380    580  5.00
      380    621  5.00
      381     23  6.00
      381     44  2.00
      381    203  5.00
      381    219  2.00
      381    272  5.00
      381    461  3.00
      381    507  5.00
      381    526  4.00
      381    596  6.00
      382     26  5.00
      382    159  6.00
      382    312  3.00
      382    465  6.00
      382    489  4.00
      382    539  5.00
      382    548  6.00
      382    568  3.00
      382    597  6.00
      382    639  4.00
      383    111  2.00
      383    441  3.00
      384    127  3.00
      384    159  1.00
      384    312  2.00
      384    330  1.00
      384    432  3.00
      384    464  2.00
      384    539  2.00
      384    544  1.00
      384    596  4.00
      385     58  2.00
      385    196  2.00
      385    245  2.00
      385    272  3.00
      385    315  5.00
      385    330  5.00
      385    616  3.00
      386     51  6.00
      386    203  4.00
      386    317  1.00
      386    345  1.00
      386    472  6.00
      386    526  2.00
      386    643  4.00
      387     86  4.00
      387     93  4.00
      387    106  3.00
      387    331  2.00
      387    429  4.00
      387    432  4.00
      387    598  3.00
      387    651  1.00
      388     32  1.00
      388     46  1.00
      388     93  4.00
      388    165  4.00
      388    174  2.00
      388    267  3.00
      388    362  1.00
      388    479  2.00
      388    583  2.00
      389     57  1.00
      389    198  1.00
      389    487  2.00
      389    648  1.00
      390     22  1.00
      390     81  3.00
      390    151  2.00
      390    214  1.00
      390    245  1.00
      390    326  2.00
      390    371  5.00
      390    622  6.00
      390    632  2.00
      391      2  3.00
      391    428  4.00
      391    523  3.00
      392     35  1.00
      392     36  1.00
      392     59  1.00
      392    181  4.00
      392    204  3.00
      392    206  4.00
      392    349  1.00
      392    645  3.00
      393    177  1.00
      393    343  1.00
      393    410  3.00
      393    441  5.00
      393    489  1.00
      394     12  6.00
      394    472  5.00
      394    495  5.00
      394    539  5.00
      396      3  5.00
      396     14  2.00
      396     15  5.00
      396     28  3.00
      396     73  3.00
      396    254  2.00
      396    516  5.00
      396    565  5.00
      396    601  5.00
      396    640  5.00
      397    139  2.00
      397    192  2.00
      397    249  2.00
      397    379  2.00
      397    398  2.00
      397    407  2.00
      397    420  2.00
      397    607  2.00
      398    192  1.00
      398    249  1.00
      398    397  1.00
      398    407  1.00
      398    420  1.00
      398    422  1.00
      398    530  1.00
      398    597  1.00
      398    607  4.00
      399     37  1.00
      399    264  1.00
      399    269  1.00
      399    554  5.00
      399    633  5.00
      399    651  2.00
      400    111  5.00
      400    434  4.00
      400    599  2.00
      401     63  1.00
      401    109  1.00
      401    120  4.00
      401    275  5.00
      401    489  2.00
      401    501  1.00
      401    597  1.00
      402     15  2.00
      402     75  2.00
      402    219  4.00
      402    278  2.00
      402    364  2.00
      402    381  4.00
      402    538  2.00
      402    573  2.00
      402    596  3.00
      403    168  1.00
      403    207  1.00
      403    310  5.00
      403    337  3.00
      403    404  1.00
      403    408  1.00
      403    437  1.00
      403    483  1.00
      403    632  2.00
      405     27  2.00
      405     74  1.00
      405    100  1.00
      405    178  1.00
      405    230  1.00
      405    575  5.00
      405    625  4.00
      406     12  6.00
      406     70  1.00
      406    159  1.00
      406    382  1.00
      406    409  3.00
      406    457  2.00
      406    486  3.00
      406    539  4.00
      406    551  2.00
      407    192  6.00
      407    255  5.00
      407    341  6.00
      407    397  4.00
      407    398  6.00
      409    178  3.00
      409    183  5.00
      409    406  3.00
      409    443  3.00
      409    546  4.00
      409    549  4.00
      409    551  4.00
      410     43  4.00
      410    393  3.00
      411     11  1.00
      411    116  1.00
      411    120  1.00
      411    165  1.00
      411    218  3.00
      411    266  1.00
      411    408  1.00
      411    493  1.00
      411    508  4.00
      412    360  5.00
      412    387  2.00
      412    598  3.00
      412    627  2.00
      413    163  1.00
      413    168  1.00
      413    207  2.00
      413    379  1.00
      413    510  1.00
      413    597  1.00
      413    600  2.00
      414      6  4.00
      414    167  3.00
      414    199  3.00
      414    382  2.00
      414    409  3.00
      414    421  2.00
      414    479  4.00
      414    546  2.00
      414    548  2.00
      414    653  2.00
      415     30  3.00
      415     34  6.00
      415    276  3.00
      415    472  1.00
      415    514  2.00
      415    526  1.00
      415    603  1.00
      415    622  1.00
      416     51  3.00
      416    317  6.00
      416    373  3.00
      416    472  1.00
      416    507  1.00
      416    588  2.00
      417    144  3.00
      417    313  4.00
      417    594  3.00
      418    207  4.00
      418    485  2.00
      418    600  6.00
      419     29  1.00
      419    321  4.00
      419    480  6.00
      419    626  6.00
      419    640  4.00
      420    194  2.00
      420    228  1.00
      420    251  5.00
      420    397  1.00
      420    398  1.00
      420    422  1.00
      420    537  1.00
      421     52  3.00
      421    266  4.00
      421    409  3.00
      421    489  3.00
      421    618  5.00
      422    192  1.00
      422    249  4.00
      422    338  4.00
      422    341  1.00
      422    351  1.00
      422    382  1.00
      422    398  2.00
      422    420  1.00
      422    597  4.00
      422    607  2.00
      423    109  3.00
      423    136  3.00
      423    312  5.00
      423    464  6.00
      423    489  5.00
      423    539  2.00
      423    548  3.00
      423    620  4.00
      423    639  6.00
      424     35  5.00
      424     85  1.00
      424    165  1.00
      424    172  5.00
      424    231  1.00
      424    293  1.00
      424    388  1.00
      424    493  1.00
      425     57  1.00
      426     38  1.00
      426    328  1.00
      426    427  1.00
      426    455  1.00
      426    530  1.00
      426    617  5.00
      427     31  5.00
      427    474  2.00
      427    522  1.00
      427    633  4.00
      429    119  3.00
      429    231  5.00
      429    279  5.00
      429    325  5.00
      429    495  2.00
      429    595  2.00
      430    179  1.00
      430    298  4.00
      430    352  3.00
      430    617  1.00
      430    645  1.00
      431    140  3.00
      431    580  3.00
      431    621  3.00
      431    640  2.00
      431    650  3.00
      432    236  3.00
      432    312  1.00
      432    321  4.00
      432    325  5.00
      432    330  1.00
      432    384  3.00
      432    387  1.00
      432    406  1.00
      432    539  2.00
      434    119  6.00
      434    173  4.00
      434    227  5.00
      434    238  5.00
      434    279  5.00
      434    566  4.00
      437     99  4.00
      437    104  1.00
      437    310  3.00
      437    315  1.00
      437    403  2.00
      437    408  2.00
      437    534  3.00
      437    632  6.00
      438      6  4.00
      438     15  1.00
      438     87  5.00
      438     89  1.00
      438    153  2.00
      438    214  1.00
      438    336  2.00
      438    489  3.00
      438    494  4.00
      439     95  5.00
      439    190  4.00
      439    295  1.00
      439    436  1.00
      439    480  2.00
      439    523  2.00
      439    622  2.00
      440      6  5.00
      440    172  3.00
      440    178  4.00
      441    102  2.00
      441    177  4.00
      441    307  4.00
      441    393  5.00
      441    530  4.00
      442    141  1.00
      442    298  1.00
      442    567  1.00
      443     83  4.00
      443    167  2.00
      443    409  5.00
      443    546  4.00
      443    549  6.00
      443    551  6.00
      447     44  1.00
      447     97  1.00
      447    506  2.00
      447    611  1.00
      448      1  1.00
      448    171  3.00
      448    184  2.00
      448    272  1.00
      448    296  1.00
      448    453  1.00
      448    475  1.00
      448    540  1.00
      449     32  1.00
      449     86  1.00
      449    348  1.00
      449    571  1.00
      450     27  2.00
      450    179  1.00
      450    309  4.00
      450    369  1.00
      450    493  3.00
      450    509  3.00
      450    550  1.00
      450    598  2.00
      450    614  2.00
      451     33  6.00
      451     74  6.00
      451    187  3.00
      451    459  1.00
      451    553  4.00
      452     66  5.00
      452    120  2.00
      452    143  2.00
      452    186  5.00
      452    201  3.00
      452    526  2.00
      452    529  2.00
      452    644  2.00
      453    314  4.00
      453    515  4.00
      453    532  4.00
      455    106  2.00
      455    165  4.00
      455    387  1.00
      455    426  3.00
      455    530  1.00
      455    650  2.00
      456     34  3.00
      456     45  5.00
      456    276  3.00
      456    515  3.00
      457    138  5.00
      457    353  6.00
      457    506  4.00
      457    551  6.00
      458     19  1.00
      458    488  2.00
      458    509  3.00
      459     32  2.00
      459     33  3.00
      459     37  1.00
      459     74  3.00
      459    124  3.00
      459    382  1.00
      459    449  2.00
      460    107  6.00
      460    224  1.00
      460    295  2.00
      460    366  5.00
      460    544  1.00
      460    644  1.00
      461     44  4.00
      461    151  3.00
      461    262  4.00
      461    370  1.00
      461    381  6.00
      461    520  1.00
      462    200  6.00
      462    394  4.00
      462    484  3.00
      462    532  6.00
      462    582  5.00
      463     81  1.00
      463    196  1.00
      463    214  1.00
      463    271  1.00
      463    315  1.00
      463    327  4.00
      463    520  1.00
      463    564  6.00
      463    622  3.00
      464    109  6.00
      464    236  4.00
      464    312  2.00
      464    330  4.00
      464    382  2.00
      464    423  6.00
      464    539  5.00
      464    548  5.00
      464    568  6.00
      464    639  5.00
      465    159  1.00
      465    312  4.00
      465    358  5.00
      465    382  2.00
      465    652  3.00
      465    653  1.00
      466    294  1.00
      466    313  1.00
      466    537  1.00
      467    195  3.00
      467    285  2.00
      467    311  1.00
      467    629  4.00
      467    636  3.00
      468     65  5.00
      468    103  2.00
      468    143  4.00
      468    196  4.00
      468    241  5.00
      468    271  4.00
      468    315  3.00
      468    385  3.00
      468    564  3.00
      468    629  3.00
      469    126  1.00
      469    249  1.00
      469    269  1.00
      469    397  3.00
      469    503  2.00
      469    530  5.00
      469    648  1.00
      470    254  2.00
      470    445  2.00
      470    545  2.00
      470    615  6.00
      471    323  5.00
      471    329  5.00
      472     51  6.00
      472    204  6.00
      472    238  6.00
      472    386  6.00
      472    394  5.00
      472    416  6.00
      472    532  5.00
      473     88  3.00
      473    102  2.00
      473    198  2.00
      473    263  3.00
      473    395  4.00
      473    645  2.00
      474    292  4.00
      474    426  2.00
      474    427  2.00
      474    522  2.00
      474    537  3.00
      474    554  1.00
      474    586  6.00
      476    153  6.00
      476    207  3.00
      476    214  3.00
      476    418  3.00
      476    529  3.00
      476    592  5.00
      476    599  4.00
      476    629  2.00
      477    256  4.00
      478    139  4.00
      478    142  3.00
      478    168  2.00
      478    325  3.00
      478    357  2.00
      478    479  2.00
      479    120  6.00
      479    172  4.00
      479    186  1.00
      479    204  1.00
      479    520  1.00
      479    542  2.00
      479    570  3.00
      480    345  4.00
      481     16  4.00
      481     49  2.00
      481    139  1.00
      481    304  4.00
      481    365  6.00
      481    479  1.00
      481    527  4.00
      482     11  2.00
      482     81  3.00
      482    327  2.00
      482    371  4.00
      482    644  2.00
      483     22  1.00
      483     81  1.00
      483    186  1.00
      483    214  1.00
      483    235  1.00
      483    271  1.00
      483    336  3.00
      483    337  1.00
      483    403  1.00
      483    404  1.00
      484    200  1.00
      484    394  1.00
      484    462  1.00
      484    526  1.00
      484    532  1.00
      484    574  5.00
      485    207  4.00
      485    270  2.00
      485    418  4.00
      485    600  6.00
      487     17  4.00
      487     32  1.00
      487     91  2.00
      487    348  6.00
      487    379  3.00
      487    428  1.00
      487    500  2.00
      487    563  1.00
      488    642  2.00
      489     26  1.00
      489    144  6.00
      489    312  5.00
      489    313  5.00
      489    465  4.00
      489    539  1.00
      489    602  1.00
      490     10  2.00
      490     38  4.00
      490     40  2.00
      490    157  1.00
      490    244  2.00
      490    343  1.00
      491     17  2.00
      491     86  6.00
      491     90  3.00
      491     91  1.00
      491    156  3.00
      491    232  5.00
      491    449  1.00
      491    540  5.00
      491    616  3.00
      492    605  3.00
      493    139  2.00
      493    144  6.00
      493    301  5.00
      493    339  4.00
      493    343  4.00
      493    345  5.00
      493    387  5.00
      493    550  3.00
      493    583  4.00
      494    153  2.00
      494    270  5.00
      494    362  1.00
      494    438  3.00
      494    476  1.00
      494    531  4.00
      496    171  3.00
      496    573  1.00
      498    207  2.00
      498    291  2.00
      498    436  1.00
      498    500  1.00
      498    504  1.00
      498    557  1.00
      498    589  1.00
      499     22  1.00
      499     76  3.00
      499     81  3.00
      499    189  3.00
      499    296  1.00
      499    385  3.00
      499    505  1.00
      499    570  1.00
      499    616  1.00
      500      3  5.00
      500    124  4.00
      500    167  4.00
      500    374  1.00
      500    516  2.00
      500    566  4.00
      500    578  6.00
      500    595  2.00
      500    640  6.00
      501     55  3.00
      501     93  5.00
      501    174  2.00
      501    365  2.00
      501    401  4.00
      501    489  3.00
      502    169  6.00
      502    177  3.00
      502    261  6.00
      503     11  3.00
      503     22  5.00
      503    103  2.00
      503    117  2.00
      503    182  6.00
      503    326  5.00
      503    590  2.00
      504    235  1.00
      504    403  1.00
      504    483  2.00
      504    498  1.00
      505    108  2.00
      505    121  3.00
      505    123  4.00
      505    127  5.00
      505    288  2.00
      505    295  1.00
      505    559  5.00
      505    581  4.00
      505    582  5.00
      505    626  2.00
      506    138  2.00
      506    238  1.00
      506    353  2.00
      506    447  1.00
      506    457  6.00
      506    608  1.00
      507    203  2.00
      507    204  1.00
      507    223  3.00
      507    224  1.00
      507    272  1.00
      507    295  3.00
      507    526  4.00
      507    555  1.00
      507    602  1.00
      508    187  1.00
      508    411  3.00
      509     21  6.00
      509    228  1.00
      509    292  4.00
      509    294  3.00
      509    379  2.00
      509    428  2.00
      509    466  4.00
      509    487  2.00
      509    495  2.00
      509    537  3.00
      510     40  1.00
      510    177  1.00
      511      1  2.00
      511     24  1.00
      511     47  2.00
      511    160  1.00
      511    256  4.00
      511    396  1.00
      511    433  2.00
      512    221  1.00
      512    282  2.00
      513    177  2.00
      513    250  2.00
      513    277  2.00
      513    426  1.00
      513    455  2.00
      513    530  2.00
      513    645  3.00
      514     76  2.00
      514    356  2.00
      515     76  3.00
      515     97  1.00
      515    121  1.00
      515    127  1.00
      515    353  3.00
      515    386  4.00
      515    524  3.00
      515    559  1.00
      515    622  1.00
      516      3  6.00
      516    135  6.00
      516    242  3.00
      516    374  6.00
      516    565  6.00
      516    595  6.00
      516    640  6.00
      518    594  1.00
      519     47  6.00
      519    158  1.00
      519    254  6.00
      519    345  6.00
      519    419  3.00
      519    435  6.00
      519    549  6.00
      520    542  5.00
      521    180  1.00
      521    193  1.00
      522    298  1.00
      522    304  2.00
      522    332  4.00
      522    608  1.00
      522    617  4.00
      522    618  1.00
      522    623  2.00
      523      1  2.00
      523     82  1.00
      523    101  3.00
      523    125  2.00
      523    264  2.00
      523    374  2.00
      523    391  3.00
      524    164  3.00
      524    198  1.00
      524    255  1.00
      524    269  3.00
      524    292  1.00
      524    648  2.00
      525     25  1.00
      525     55  2.00
      525    188  3.00
      525    260  2.00
      525    264  2.00
      525    275  2.00
      525    464  2.00
      525    544  2.00
      526     76  4.00
      526    121  1.00
      526    127  1.00
      526    204  1.00
      526    223  1.00
      526    284  1.00
      526    295  1.00
      526    507  3.00
      526    555  1.00
      526    581  1.00
      527    120  1.00
      527    144  2.00
      527    169  4.00
      527    172  1.00
      527    174  2.00
      527    205  1.00
      527    313  1.00
      527    479  1.00
      527    481  3.00
      528    304  1.00
      528    312  2.00
      528    382  3.00
      528    464  2.00
      528    489  2.00
      528    548  2.00
      528    568  2.00
      528    602  2.00
      528    639  2.00
      529    103  2.00
      529    186  1.00
      529    201  3.00
      529    327  2.00
      529    408  2.00
      529    452  3.00
      529    460  1.00
      529    476  2.00
      529    644  2.00
      530    126  1.00
      530    164  1.00
      530    185  1.00
      530    257  1.00
      530    269  2.00
      530    398  3.00
      530    569  3.00
      530    627  3.00
      531    101  4.00
      531    291  4.00
      531    326  5.00
      531    350  2.00
      531    438  3.00
      531    589  4.00
      534     85  3.00
      534     99  5.00
      534    139  2.00
      534    310  3.00
      534    629  2.00
      535     63  1.00
      535     86  6.00
      535    286  1.00
      535    547  3.00
      536    121  1.00
      536    223  1.00
      536    453  1.00
      536    526  1.00
      536    581  1.00
      536    626  1.00
      537    292  6.00
      537    294  6.00
      537    394  5.00
      537    398  3.00
      537    539  5.00
      537    554  4.00
      537    652  1.00
      538    152  2.00
      538    364  1.00
      538    443  1.00
      538    551  2.00
      538    574  6.00
      538    604  6.00
      539     12  5.00
      539     26  5.00
      539    159  3.00
      539    189  2.00
      539    330  1.00
      539    406  4.00
      539    486  1.00
      539    544  5.00
      540      1  2.00
      540     24  1.00
      540    160  1.00
      540    171  3.00
      540    296  1.00
      540    448  2.00
      540    608  3.00
      542     23  5.00
      542     77  2.00
      542    461  2.00
      542    507  3.00
      542    520  5.00
      542    596  3.00
      543    107  1.00
      543    122  1.00
      543    317  3.00
      543    416  2.00
      543    588  4.00
      544    109  4.00
      544    223  4.00
      544    224  5.00
      544    284  5.00
      544    314  3.00
      544    465  3.00
      544    559  2.00
      544    568  4.00
      544    639  4.00
      545     23  2.00
      545     53  2.00
      545    254  5.00
      545    555  2.00
      546    150  6.00
      546    167  6.00
      546    221  3.00
      546    409  3.00
      546    551  5.00
      547     53  2.00
      547     63  2.00
      547    286  2.00
      547    287  2.00
      547    644  2.00
      548    312  4.00
      548    330  2.00
      548    382  6.00
      548    414  3.00
      548    423  3.00
      548    489  3.00
      548    568  2.00
      548    620  2.00
      548    639  2.00
      548    652  3.00
      549    183  4.00
      549    444  5.00
      550    301  2.00
      550    304  2.00
      550    493  2.00
      550    597  1.00
      551     83  6.00
      551    443  6.00
      551    457  6.00
      551    506  3.00
      552    136  5.00
      552    205  4.00
      552    312  5.00
      552    315  3.00
      552    382  4.00
      552    385  2.00
      552    465  6.00
      552    568  5.00
      552    639  6.00
      552    653  5.00
      553     74  3.00
      553    451  3.00
      553    584  4.00
      553    613  3.00
      554     19  1.00
      554    467  1.00
      554    488  1.00
      555    152  4.00
      555    203  4.00
      555    223  4.00
      555    224  1.00
      555    272  4.00
      555    284  1.00
      555    295  1.00
      555    507  3.00
      555    641  2.00
      556    100  4.00
      556    344  1.00
      557     25  3.00
      557    190  3.00
      557    374  6.00
      558     16  5.00
      558    134  4.00
      558    157  6.00
      558    169  3.00
      558    197  4.00
      558    304  5.00
      558    479  4.00
      558    527  3.00
      558    651  5.00
      559     76  1.00
      559    108  2.00
      559    121  4.00
      559    123  6.00
      559    127  6.00
      559    288  4.00
      559    505  4.00
      559    514  2.00
      559    581  4.00
      559    626  6.00
      560     37  2.00
      560    188  4.00
      560    237  2.00
      560    451  2.00
      560    467  1.00
      561     80  4.00
      561    109  2.00
      561    120  2.00
      561    159  2.00
      561    330  2.00
      561    465  2.00
      561    552  2.00
      561    568  2.00
      561    602  2.00
      561    653  2.00
      562    106  2.00
      562    132  1.00
      562    382  3.00
      562    565  2.00
      563     10  1.00
      563     32  2.00
      563    183  1.00
      563    300  2.00
      563    348  3.00
      563    428  3.00
      563    443  4.00
      563    449  1.00
      563    487  2.00
      563    549  2.00
      564    140  2.00
      564    143  2.00
      564    196  2.00
      564    201  1.00
      564    214  1.00
      564    271  6.00
      564    327  5.00
      564    354  1.00
      564    463  3.00
      565      3  6.00
      565     15  1.00
      565    243  1.00
      565    396  2.00
      565    480  2.00
      565    516  4.00
      565    595  1.00
      565    601  1.00
      565    640  4.00
      566    243  4.00
      566    434  2.00
      566    457  5.00
      566    506  1.00
      566    545  3.00
      567     57  1.00
      567    102  1.00
      567    298  2.00
      567    424  4.00
      568     11  1.00
      568    109  1.00
      568    312  4.00
      568    423  4.00
      568    464  4.00
      568    465  3.00
      568    552  3.00
      568    561  3.00
      568    639  5.00
      568    653  3.00
      569    102  3.00
      569    469  3.00
      569    530  5.00
      569    627  2.00
      570     18  3.00
      570     22  4.00
      570     81  4.00
      570    203  6.00
      570    415  2.00
      570    472  2.00
      570    603  6.00
      571     81  3.00
      571    100  2.00
      573     43  1.00
      573    151  4.00
      573    175  4.00
      573    262  5.00
      573    372  2.00
      573    380  4.00
      573    496  1.00
      574      4  4.00
      574    147  1.00
      574    152  6.00
      574    364  1.00
      574    484  6.00
      574    538  6.00
      574    551  3.00
      574    604  2.00
      575    334  5.00
      575    405  6.00
      575    599  3.00
      576    124  1.00
      576    156  1.00
      576    294  2.00
      577    174  5.00
      577    267  4.00
      577    301  4.00
      577    339  2.00
      577    592  4.00
      578    207  3.00
      578    220  3.00
      578    221  2.00
      578    500  3.00
      578    576  1.00
      578    652  1.00
      579     69  2.00
      579    129  2.00
      579    248  2.00
      579    299  3.00
      579    624  3.00
      580     75  6.00
      580    115  2.00
      580    132  3.00
      580    140  6.00
      580    307  4.00
      580    376  4.00
      580    621  5.00
      581     26  3.00
      581    127  3.00
      581    505  5.00
      581    526  2.00
      581    559  3.00
      581    626  5.00
      582    121  4.00
      582    123  1.00
      582    149  6.00
      582    203  3.00
      582    272  5.00
      582    284  2.00
      582    345  4.00
      582    462  3.00
      582    532  4.00
      582    641  6.00
      584    546  3.00
      584    553  5.00
      584    613  6.00
      584    630  6.00
      586    527  2.00
      588     77  4.00
      588    122  2.00
      588    317  6.00
      588    372  2.00
      588    373  2.00
      588    416  2.00
      588    543  4.00
      588    643  2.00
      589    291  5.00
      589    531  5.00
      589    578  1.00
      589    599  5.00
      590     62  2.00
      590     75  4.00
      590    159  4.00
      590    199  6.00
      590    379  6.00
      591     43  1.00
      591     87  4.00
      591    160  1.00
      591    302  1.00
      592    142  1.00
      592    153  5.00
      592    417  1.00
      592    418  1.00
      592    476  6.00
      592    577  4.00
      592    593  1.00
      592    594  1.00
      593     33  1.00
      593    112  2.00
      593    518  2.00
      593    549  1.00
      593    594  1.00
      593    605  6.00
      594     21  2.00
      594    111  2.00
      594    157  2.00
      594    301  2.00
      594    417  4.00
      594    450  1.00
      594    518  1.00
      594    577  2.00
      594    593  1.00
      595    286  1.00
      595    287  2.00
      595    374  5.00
      595    409  2.00
      595    429  1.00
      595    516  2.00
      595    539  1.00
      595    547  1.00
      595    565  2.00
      596     35  2.00
      596     51  6.00
      596     76  6.00
      596    272  5.00
      596    381  6.00
      596    386  6.00
      596    507  4.00
      596    526  6.00
      596    542  5.00
      598     59  3.00
      598    106  5.00
      598    202  2.00
      598    312  1.00
      598    331  5.00
      598    450  2.00
      598    464  2.00
      598    561  2.00
      600    207  3.00
      600    418  6.00
      600    485  6.00
      601      3  5.00
      601     15  6.00
      601    135  2.00
      601    396  4.00
      601    516  3.00
      601    640  4.00
      601    650  3.00
      602    104  3.00
      602    159  2.00
      602    236  4.00
      602    312  4.00
      602    486  3.00
      602    489  2.00
      602    548  3.00
      602    639  4.00
      602    653  6.00
      603    149  2.00
      603    203  4.00
      603    238  2.00
      603    570  6.00
      603    571  3.00
      604    538  6.00
      605     75  1.00
      605    492  3.00
      606     53  1.00
      606    159  2.00
      606    286  1.00
      606    349  2.00
      606    432  1.00
      606    561  2.00
      606    613  2.00
      607    379  2.00
      607    397  4.00
      607    398  4.00
      607    428  2.00
      608    618  5.00
      609    159  1.00
      609    199  3.00
      609    236  6.00
      609    312  1.00
      609    400  1.00
      609    423  1.00
      609    551  2.00
      609    602  2.00
      609    620  5.00
      610    198  2.00
      610    351  2.00
      610    567  2.00
      611     15  5.00
      611    472  3.00
      611    601  3.00
      612     57  1.00
      612    107  6.00
      612    206  6.00
      612    332  5.00
      612    348  4.00
      612    522  5.00
      612    648  2.00
      613     32  6.00
      613     74  5.00
      613     83  1.00
      613    334  1.00
      613    546  2.00
      613    553  6.00
      613    584  6.00
      613    630  6.00
      615     14  4.00
      616     22  1.00
      616    103  1.00
      616    271  1.00
      616    327  1.00
      616    385  4.00
      616    468  1.00
      617     92  3.00
      617    426  4.00
      617    608  2.00
      617    631  3.00
      618    304  3.00
      618    394  2.00
      618    454  2.00
      618    472  2.00
      618    520  2.00
      618    532  2.00
      618    608  2.00
      618    641  2.00
      619     54  1.00
      619    119  1.00
      619    349  1.00
      619    360  1.00
      619    454  4.00
      619    595  1.00
      620    205  4.00
      620    236  6.00
      620    294  2.00
      620    330  4.00
      620    390  6.00
      620    653  3.00
      621      1  6.00
      621     75  5.00
      621    115  1.00
      621    135  2.00
      621    140  5.00
      621    278  1.00
      621    307  3.00
      621    580  4.00
      622    121  2.00
      622    371  6.00
      622    390  6.00
      622    415  1.00
      622    463  5.00
      623    297  1.00
      623    608  1.00
      623    613  1.00
      624     71  1.00
      624    449  3.00
      624    654  1.00
      625    230  3.00
      625    280  4.00
      625    405  5.00
      626    108  3.00
      626    121  2.00
      626    127  4.00
      626    288  6.00
      626    320  3.00
      626    505  3.00
      626    559  4.00
      626    581  4.00
      627    251  2.00
      627    412  1.00
      627    530  3.00
      627    633  1.00
      629     22  2.00
      629     99  4.00
      629    235  2.00
      629    362  1.00
      629    408  2.00
      630      9  3.00
      630     28  6.00
      630    113  2.00
      630    444  2.00
      630    584  6.00
      630    613  5.00
      631     27  6.00
      631     32  2.00
      631     77  2.00
      631    109  2.00
      631    159  2.00
      631    309  3.00
      631    319  2.00
      631    459  3.00
      632    371  2.00
      632    390  4.00
      632    403  2.00
      632    437  5.00
      633    399  4.00
      633    427  4.00
      633    537  1.00
      633    554  2.00
      634     71  1.00
      635    177  1.00
      635    392  1.00
      635    422  2.00
      635    612  4.00
      638      1  2.00
      638    296  2.00
      638    607  3.00
      638    621  1.00
      639    113  6.00
      639    205  4.00
      639    312  6.00
      639    464  4.00
      639    465  6.00
      639    552  5.00
      639    568  6.00
      639    602  3.00
      639    653  4.00
      640      3  2.00
      640     15  2.00
      640    147  2.00
      640    167  3.00
      640    480  1.00
      640    516  3.00
      640    565  3.00
      640    601  3.00
      641    149  5.00
      641    200  3.00
      641    223  1.00
      641    272  6.00
      641    345  5.00
      641    362  1.00
      641    416  3.00
      641    532  1.00
      641    559  1.00
      641    582  6.00
      642    125  4.00
      642    134  3.00
      642    290  4.00
      642    459  3.00
      642    493  2.00
      643     35  1.00
      643     60  6.00
      643     77  1.00
      643    107  2.00
      643    122  5.00
      643    317  3.00
      643    373  3.00
      643    588  3.00
      644     62  2.00
      644     81  2.00
      644    138  2.00
      644    191  2.00
      644    201  3.00
      644    353  2.00
      644    460  2.00
      644    529  2.00
      644    590  2.00
      645     71  1.00
      645    378  1.00
      645    392  1.00
      645    395  2.00
      645    513  1.00
      646     83  2.00
      646    159  1.00
      646    329  5.00
      646    471  2.00
      647     26  1.00
      647    414  1.00
      647    421  1.00
      647    437  1.00
      648     38  5.00
      648    198  3.00
      648    292  2.00
      648    315  3.00
      648    343  3.00
      648    358  2.00
      648    513  4.00
      648    537  2.00
      648    602  2.00
      648    650  2.00
      649    257  1.00
      649    338  2.00
      649    382  3.00
      650     51  2.00
      650     75  2.00
      650    131  4.00
      650    140  4.00
      650    206  3.00
      650    287  1.00
      650    376  2.00
      650    641  3.00
      651     19  3.00
      651    106  4.00
      651    244  2.00
      651    274  1.00
      651    331  4.00
      651    359  6.00
      651    490  2.00
      653    109  1.00
      653    214  2.00
      653    312  4.00
      653    330  3.00
      653    369  3.00
      653    423  1.00
      653    548  2.00
      653    568  3.00
      653    602  6.00
      653    639  4.00
      654     71  1.00
      654    111  1.00
      654    119  1.00
      654    624  1.00
      655     10  1.00
      655    126  3.00
      655    137  3.00
      655    194  1.00
      655    290  3.00
      655    441  3.00