DL
N=1047
FORMAT=EDGRLIST1
DATA:
        3    287  1.00
        3    624  6.00
        5    174  2.00
        5    181  2.00
        5    520  4.00
        7     18  4.00
        7     58  4.00
        7    214  2.00
        7    239  4.00
        7    264  2.00
        7    295  2.00
        7    336  4.00
        7    397  2.00
        7    431  2.00
        7    565  1.00
        9     42  3.00
        9    329  1.00
        9    399  1.00
        9    427  3.00
        9    533  1.00
       10    194  3.00
       10    249  3.00
       10    416  1.00
       10    449  4.00
       10    513  1.00
       10    567  3.00
       10    606  1.00
       13     71  6.00
       13    234  6.00
       13    270  6.00
       13    349  6.00
       13    367  6.00
       14    126  1.00
       14    136  3.00
       14    159  1.00
       14    318  1.00
       14    461  3.00
       14    528  1.00
       14    562  2.00
       14    581  2.00
       14    629  1.00
       15    249  1.00
       15    258  1.00
       15    408  1.00
       16     70  4.00
       16    325  1.00
       18      7  5.00
       18     32  1.00
       18     62  1.00
       18     65  1.00
       18    461  3.00
       18    475  1.00
       19     29  1.00
       19    152  1.00
       19    167  1.00
       19    341  2.00
       25     12  2.00
       25    176  4.00
       25    335  1.00
       25    408  1.00
       25    609  1.00
       26    155  2.00
       26    217  1.00
       26    220  1.00
       26    338  1.00
       26    368  3.00
       26    375  1.00
       26    403  1.00
       26    553  1.00
       28     97  1.00
       28    121  2.00
       28    485  4.00
       28    548  1.00
       30     56  1.00
       30    186  3.00
       30    257  5.00
       31     75  4.00
       31    266  1.00
       31    346  5.00
       31    425  6.00
       32     18  2.00
       32     62  2.00
       32    119  1.00
       32    276  4.00
       32    317  3.00
       32    422  3.00
       32    448  1.00
       32    461  1.00
       32    500  1.00
       34    296  1.00
       34    337  1.00
       34    589  1.00
       35    148  2.00
       35    180  3.00
       35    344  2.00
       35    409  3.00
       35    560  3.00
       38     13  1.00
       38    169  1.00
       39     13  6.00
       39     80  6.00
       39     91  4.00
       39    234  6.00
       39    337  6.00
       42     77  1.00
       42    114  4.00
       42    204  4.00
       42    286  4.00
       42    458  1.00
       42    486  4.00
       42    510  3.00
       42    626  3.00
       42    629  4.00
       43    190  1.00
       43    233  4.00
       43    290  1.00
       43    312  5.00
       43    513  1.00
       44    117  1.00
       44    230  1.00
       44    234  1.00
       44    275  2.00
       44    370  1.00
       44    412  1.00
       44    436  3.00
       46     63  2.00
       46    120  3.00
       46    144  1.00
       46    226  1.00
       46    285  1.00
       46    510  1.00
       46    577  1.00
       46    600  2.00
       46    614  1.00
       47     88  3.00
       47    109  3.00
       47    264  2.00
       47    312  6.00
       47    620  4.00
       51    192  5.00
       51    634  2.00
       56    165  2.00
       57    154  2.00
       57    191  1.00
       57    340  2.00
       57    459  6.00
       57    463  5.00
       57    529  1.00
       57    562  4.00
       58      2  1.00
       58      7  1.00
       58    106  1.00
       58    165  6.00
       58    295  4.00
       58    350  1.00
       58    397  3.00
       58    478  1.00
       58    493  1.00
       60     21  1.00
       60    108  1.00
       60    567  1.00
       61    404  5.00
       61    599  4.00
       65     18  1.00
       65     62  2.00
       66    593  3.00
       67     30  1.00
       67    106  2.00
       67    197  2.00
       67    387  1.00
       67    463  1.00
       67    478  1.00
       67    480  2.00
       67    499  2.00
       68    138  1.00
       68    314  1.00
       68    318  1.00
       68    349  1.00
       68    450  1.00
       68    562  2.00
       68    575  2.00
       69    193  3.00
       69    342  4.00
       70     16  3.00
       70    179  2.00
       70    438  2.00
       70    564  2.00
       71     79  2.00
       71    270  6.00
       71    384  5.00
       75     31  4.00
       75    104  5.00
       75    135  1.00
       75    265  2.00
       75    289  4.00
       75    346  4.00
       76    172  5.00
       76    340  5.00
       77    261  6.00
       77    510  2.00
       77    577  5.00
       77    626  5.00
       79     71  1.00
       80     39  4.00
       80    274  2.00
       80    326  2.00
       80    599  5.00
       81    560  1.00
       82    126  5.00
       82    159  4.00
       82    406  3.00
       82    459  3.00
       82    461  4.00
       82    543  3.00
       82    562  4.00
       82    582  3.00
       83    178  1.00
       83    305  1.00
       83    474  1.00
       88     47  2.00
       88     68  2.00
       88    458  1.00
       91     39  5.00
       91     95  5.00
       91    129  4.00
       91    212  4.00
       91    291  5.00
       91    337  4.00
       91    448  3.00
       91    478  3.00
       91    565  3.00
       93     29  5.00
       93     36  5.00
       93    205  5.00
       95     91  4.00
      101    117  2.00
      101    246  2.00
      101    329  2.00
      101    469  2.00
      101    488  2.00
      102    489  6.00
      103     73  3.00
      103    146  1.00
      103    405  1.00
      103    471  2.00
      103    582  1.00
      104      5  4.00
      104     14  2.00
      104     75  6.00
      104    152  1.00
      104    211  2.00
      104    265  3.00
      104    287  2.00
      104    324  2.00
      104    559  1.00
      104    581  2.00
      106     58  1.00
      106     67  2.00
      106     74  1.00
      106    165  1.00
      106    397  1.00
      106    465  1.00
      106    493  1.00
      106    499  4.00
      108     57  3.00
      108    403  2.00
      108    485  2.00
      108    567  6.00
      108    569  4.00
      109    160  1.00
      109    264  6.00
      109    620  3.00
      110    259  1.00
      112    491  5.00
      114     42  6.00
      114    204  6.00
      114    286  6.00
      114    287  6.00
      114    458  6.00
      114    486  6.00
      114    510  6.00
      114    610  6.00
      114    626  6.00
      116     85  2.00
      116    443  2.00
      116    555  2.00
      116    561  2.00
      118    116  3.00
      120     46  1.00
      120    145  1.00
      120    171  1.00
      120    226  1.00
      120    450  1.00
      120    500  1.00
      120    575  1.00
      120    600  1.00
      121    199  5.00
      121    495  5.00
      122    227  1.00
      122    345  4.00
      126     82  2.00
      126    136  3.00
      126    159  2.00
      126    406  2.00
      126    459  1.00
      126    461  2.00
      126    543  4.00
      126    562  2.00
      130    623  1.00
      133    623  2.00
      134    201  2.00
      134    457  2.00
      134    535  1.00
      136     57  4.00
      136    154  3.00
      136    172  1.00
      136    256  3.00
      136    340  1.00
      136    459  2.00
      136    528  3.00
      136    562  2.00
      136    566  2.00
      136    582  1.00
      137    267  2.00
      137    602  3.00
      137    639  2.00
      138    410  1.00
      140     44  3.00
      140    160  3.00
      140    234  5.00
      140    268  3.00
      140    345  2.00
      140    349  3.00
      141    187  1.00
      141    246  3.00
      143     41  2.00
      143    138  1.00
      143    197  3.00
      143    206  5.00
      143    212  3.00
      143    255  2.00
      143    333  3.00
      143    462  1.00
      143    596  6.00
      145    171  4.00
      145    226  2.00
      145    450  3.00
      145    510  4.00
      146    238  5.00
      146    635  4.00
      148    220  1.00
      148    446  2.00
      148    610  3.00
      152    266  6.00
      152    553  2.00
      154     57  3.00
      154    136  3.00
      154    172  3.00
      154    227  1.00
      154    528  3.00
      154    565  3.00
      154    566  4.00
      155    368  4.00
      157    114  1.00
      157    567  1.00
      159     57  1.00
      159     86  3.00
      159    122  2.00
      159    127  1.00
      159    459  2.00
      159    562  3.00
      159    582  1.00
      160    109  3.00
      160    129  3.00
      160    620  4.00
      161     81  1.00
      161     85  2.00
      161    270  1.00
      161    352  1.00
      161    355  3.00
      161    472  3.00
      161    625  3.00
      163     49  6.00
      163     96  3.00
      163    212  3.00
      163    291  5.00
      164    570  5.00
      164    627  4.00
      165      7  2.00
      165     56  3.00
      165     58  1.00
      165    257  3.00
      165    475  6.00
      165    478  5.00
      165    480  5.00
      165    589  1.00
      165    619  4.00
      166     27  3.00
      166    437  4.00
      166    505  4.00
      167    518  1.00
      171     15  3.00
      171    145  2.00
      171    226  2.00
      171    410  1.00
      171    450  2.00
      171    510  2.00
      171    562  1.00
      171    575  1.00
      172     57  1.00
      172     76  5.00
      172    119  4.00
      172    154  4.00
      172    191  1.00
      172    348  1.00
      172    461  1.00
      172    528  1.00
      172    566  3.00
      174      5  2.00
      174    205  5.00
      174    347  3.00
      174    358  2.00
      174    436  2.00
      174    524  3.00
      175     36  4.00
      175     93  3.00
      175    244  2.00
      176     25  5.00
      176    314  2.00
      177     34  1.00
      177    153  1.00
      177    296  1.00
      177    330  1.00
      177    338  1.00
      177    462  1.00
      177    475  1.00
      178    105  5.00
      178    305  5.00
      178    310  3.00
      178    344  2.00
      178    474  3.00
      179     70  1.00
      179    438  1.00
      179    460  2.00
      179    559  3.00
      179    564  1.00
      180     35  5.00
      180    560  5.00
      182     91  3.00
      182     95  2.00
      182    259  5.00
      182    354  3.00
      182    433  3.00
      182    533  2.00
      182    553  1.00
      183    103  3.00
      183    150  1.00
      183    331  1.00
      183    525  1.00
      183    569  4.00
      185    136  5.00
      185    256  6.00
      185    308  5.00
      185    345  4.00
      185    418  2.00
      185    560  5.00
      186     30  3.00
      186    257  3.00
      186    302  6.00
      186    463  6.00
      186    480  4.00
      186    542  6.00
      186    569  5.00
      187    141  1.00
      187    162  3.00
      187    205  2.00
      187    246  1.00
      187    456  2.00
      187    585  2.00
      190    468  3.00
      190    513  3.00
      193     41  3.00
      193    230  4.00
      193    333  2.00
      193    347  4.00
      193    387  4.00
      193    407  1.00
      193    499  4.00
      193    565  3.00
      194    138  5.00
      194    156  5.00
      194    170  3.00
      194    337  1.00
      195     47  1.00
      195    233  2.00
      195    285  6.00
      195    312  1.00
      195    465  1.00
      195    581  1.00
      196    331  1.00
      197     67  2.00
      197    165  2.00
      197    228  3.00
      197    336  1.00
      197    480  1.00
      197    563  1.00
      197    565  2.00
      197    589  2.00
      198    147  2.00
      199    215  4.00
      199    630  4.00
      201    125  2.00
      201    134  2.00
      202    160  2.00
      202    345  2.00
      202    436  3.00
      204     42  1.00
      204    114  1.00
      204    458  1.00
      204    486  1.00
      204    510  1.00
      205    174  5.00
      208    254  2.00
      208    255  3.00
      208    634  3.00
      209    445  6.00
      211     42  3.00
      211    104  3.00
      211    145  3.00
      211    226  3.00
      211    286  2.00
      211    287  3.00
      211    450  3.00
      211    486  2.00
      212    628  6.00
      215    199  2.00
      215    234  4.00
      215    305  1.00
      215    367  2.00
      215    436  1.00
      215    451  2.00
      215    495  3.00
      215    514  2.00
      217    220  5.00
      217    245  3.00
      217    565  2.00
      217    589  2.00
      220    112  1.00
      220    148  1.00
      220    240  3.00
      220    311  1.00
      220    385  2.00
      220    597  1.00
      220    599  1.00
      221     29  2.00
      224     56  3.00
      224     91  2.00
      224    273  1.00
      224    291  2.00
      224    338  1.00
      224    432  1.00
      224    496  1.00
      224    513  4.00
      225    235  5.00
      226    138  1.00
      226    145  2.00
      226    450  2.00
      226    458  4.00
      226    577  2.00
      226    600  1.00
      227    128  2.00
      227    154  2.00
      227    159  2.00
      227    528  2.00
      227    566  2.00
      229    143  3.00
      229    206  4.00
      229    212  2.00
      229    273  3.00
      231    482  2.00
      233     43  2.00
      233    268  1.00
      233    285  1.00
      233    312  2.00
      233    606  2.00
      233    638  1.00
      234     44  4.00
      234     71  3.00
      234     79  2.00
      234    140  5.00
      234    268  4.00
      234    275  3.00
      235     69  2.00
      235    178  2.00
      235    188  5.00
      235    284  5.00
      235    415  2.00
      235    456  2.00
      236    389  3.00
      238    287  2.00
      238    543  2.00
      238    626  2.00
      238    629  2.00
      239     41  4.00
      239    248  4.00
      239    358  1.00
      239    462  1.00
      239    634  5.00
      240    220  4.00
      240    285  3.00
      241      5  1.00
      241    270  6.00
      241    278  3.00
      241    324  3.00
      241    349  1.00
      241    352  4.00
      241    524  1.00
      243    203  4.00
      243    344  6.00
      243    404  3.00
      243    496  5.00
      243    524  3.00
      243    588  2.00
      243    603  5.00
      244     23  1.00
      244    205  3.00
      244    505  2.00
      244    545  2.00
      244    552  2.00
      246    101  3.00
      246    141  4.00
      246    488  2.00
      248    149  1.00
      248    239  4.00
      248    244  2.00
      248    306  2.00
      248    329  1.00
      249     10  1.00
      249    205  2.00
      249    281  2.00
      249    359  2.00
      249    463  2.00
      249    479  2.00
      249    567  2.00
      250    326  6.00
      252    136  3.00
      252    155  3.00
      252    598  3.00
      256    136  6.00
      256    185  5.00
      256    191  4.00
      256    340  6.00
      256    528  2.00
      256    562  2.00
      259     91  1.00
      259    110  1.00
      259    182  3.00
      259    232  2.00
      259    335  1.00
      259    354  1.00
      259    433  1.00
      260    457  3.00
      260    480  3.00
      260    485  3.00
      260    536  1.00
      261     29  1.00
      261     77  1.00
      261    221  1.00
      261    444  1.00
      264    109  6.00
      264    387  1.00
      265    401  6.00
      268    140  2.00
      268    233  2.00
      268    234  5.00
      268    416  5.00
      268    427  5.00
      268    448  5.00
      268    524  2.00
      270     71  1.00
      270    241  5.00
      270    310  1.00
      270    399  1.00
      270    529  1.00
      270    615  1.00
      272    285  3.00
      272    432  4.00
      272    491  3.00
      272    591  4.00
      276    288  1.00
      276    311  1.00
      276    417  1.00
      276    537  2.00
      279     38  1.00
      279    225  1.00
      279    253  1.00
      279    628  1.00
      282     44  1.00
      282    148  2.00
      282    318  1.00
      282    349  3.00
      282    354  1.00
      282    386  2.00
      282    436  1.00
      282    616  3.00
      282    637  3.00
      283    266  1.00
      283    417  1.00
      283    448  1.00
      283    475  1.00
      283    522  1.00
      284     29  4.00
      285    240  3.00
      285    272  2.00
      287     14  3.00
      287    318  5.00
      287    510  2.00
      287    553  4.00
      287    575  3.00
      287    581  4.00
      287    599  4.00
      287    610  3.00
      287    626  3.00
      287    629  4.00
      289     75  3.00
      289    153  1.00
      289    401  1.00
      289    570  1.00
      290     43  2.00
      290    185  1.00
      290    207  1.00
      291     56  3.00
      291     91  1.00
      291    224  3.00
      291    273  1.00
      293      6  5.00
      293    344  2.00
      293    404  2.00
      293    457  1.00
      293    573  5.00
      293    603  2.00
      294     91  2.00
      294    273  2.00
      294    360  4.00
      294    568  1.00
      294    589  3.00
      294    609  1.00
      297     60  2.00
      298     80  1.00
      298    350  1.00
      298    544  1.00
      301    398  4.00
      303     31  1.00
      303    121  1.00
      303    244  1.00
      303    246  1.00
      303    401  4.00
      307    113  2.00
      307    121  2.00
      307    236  3.00
      307    389  2.00
      307    401  2.00
      307    454  3.00
      307    481  2.00
      307    570  5.00
      311    448  1.00
      314     43  1.00
      314    114  1.00
      314    311  2.00
      317     32  1.00
      317     65  2.00
      317    232  2.00
      317    276  1.00
      317    384  1.00
      317    408  6.00
      317    522  3.00
      318    109  2.00
      318    238  2.00
      318    287  3.00
      318    419  3.00
      318    629  2.00
      321    508  1.00
      321    514  1.00
      322    393  3.00
      323    139  3.00
      323    232  1.00
      323    335  3.00
      323    442  1.00
      323    466  2.00
      323    621  1.00
      324     76  1.00
      324    581  2.00
      324    589  3.00
      325    145  2.00
      325    171  1.00
      325    287  3.00
      325    419  3.00
      326    250  6.00
      326    296  1.00
      326    459  2.00
      326    599  4.00
      329    135  2.00
      329    529  2.00
      329    552  5.00
      330    626  1.00
      333    407  3.00
      337     39  5.00
      338    296  6.00
      338    589  1.00
      340     57  6.00
      340     59  4.00
      340     76  6.00
      340     95  2.00
      340    136  3.00
      340    256  3.00
      340    453  4.00
      340    604  3.00
      340    611  2.00
      342     17  3.00
      342     69  5.00
      342    359  4.00
      342    465  6.00
      342    610  4.00
      343    186  3.00
      344    243  2.00
      344    305  1.00
      344    409  1.00
      344    429  1.00
      344    456  1.00
      344    474  1.00
      344    496  5.00
      344    585  1.00
      344    603  4.00
      345    180  3.00
      345    409  6.00
      345    560  2.00
      346     31  3.00
      346     75  3.00
      347     76  1.00
      347    203  1.00
      347    358  1.00
      347    363  4.00
      347    563  4.00
      348    154  2.00
      348    172  1.00
      348    190  1.00
      348    543  1.00
      349    282  3.00
      349    592  2.00
      352    168  1.00
      352    241  6.00
      352    314  1.00
      352    318  1.00
      352    499  2.00
      352    552  6.00
      352    595  4.00
      353    163  3.00
      353    317  2.00
      353    335  5.00
      353    370  6.00
      353    384  1.00
      353    448  2.00
      353    478  5.00
      354     76  2.00
      354    255  2.00
      354    337  2.00
      354    338  1.00
      354    406  5.00
      354    478  1.00
      354    487  1.00
      354    589  4.00
      355    123  5.00
      355    360  3.00
      355    477  4.00
      356    167  1.00
      356    260  4.00
      356    418  1.00
      356    457  2.00
      356    571  1.00
      356    589  1.00
      358     76  6.00
      358    345  2.00
      358    347  4.00
      358    370  6.00
      359    190  2.00
      359    465  3.00
      360    290  1.00
      360    294  2.00
      360    354  1.00
      360    589  1.00
      361    118  3.00
      361    146  4.00
      361    308  2.00
      361    399  1.00
      361    521  1.00
      361    523  1.00
      361    574  1.00
      363     99  1.00
      363    186  3.00
      363    302  5.00
      363    347  5.00
      363    569  2.00
      368    155  5.00
      368    199  4.00
      368    234  2.00
      368    495  5.00
      368    568  1.00
      373    352  1.00
      373    396  1.00
      378     27  1.00
      378    189  6.00
      378    277  6.00
      379     46  2.00
      379     58  2.00
      379    114  2.00
      379    226  3.00
      379    319  2.00
      379    431  3.00
      379    458  2.00
      379    614  2.00
      380    175  1.00
      380    205  1.00
      380    289  1.00
      380    344  1.00
      380    573  1.00
      380    624  1.00
      386      5  1.00
      386    174  1.00
      386    219  1.00
      386    234  1.00
      386    436  1.00
      386    634  4.00
      389    227  2.00
      389    236  2.00
      389    505  2.00
      389    513  2.00
      390     22  3.00
      390    151  3.00
      392     29  3.00
      392    138  2.00
      392    244  3.00
      392    296  3.00
      392    369  2.00
      394     13  4.00
      394    402  1.00
      394    445  4.00
      394    628  4.00
      396    133  1.00
      396    161  1.00
      396    260  1.00
      396    262  1.00
      396    373  3.00
      396    399  1.00
      396    477  1.00
      396    515  1.00
      396    579  1.00
      397     15  1.00
      397     30  1.00
      397     56  1.00
      397     58  1.00
      397    165  1.00
      397    249  3.00
      397    416  1.00
      397    432  1.00
      397    493  1.00
      397    502  1.00
      398    301  6.00
      398    548  5.00
      398    636  3.00
      404     91  3.00
      404    269  3.00
      404    553  2.00
      406     82  3.00
      406    126  6.00
      406    266  2.00
      406    347  2.00
      406    354  5.00
      406    358  3.00
      406    543  5.00
      406    589  1.00
      406    629  3.00
      407    193  1.00
      409    345  6.00
      409    448  4.00
      409    452  1.00
      409    560  3.00
      410    331  3.00
      412     44  2.00
      412    114  2.00
      412    241  3.00
      412    254  1.00
      412    436  4.00
      412    552  2.00
      412    553  5.00
      412    622  1.00
      412    632  2.00
      418    116  1.00
      418    571  4.00
      419     65  3.00
      422     32  3.00
      422    491  2.00
      423     95  2.00
      423    157  3.00
      423    180  2.00
      423    424  3.00
      423    428  5.00
      423    434  3.00
      423    521  2.00
      423    523  2.00
      423    573  1.00
      424    149  5.00
      424    328  5.00
      425     88  2.00
      425    152  2.00
      425    458  6.00
      425    533  2.00
      425    567  3.00
      425    634  4.00
      426    373  4.00
      427    523  3.00
      428    105  3.00
      428    137  4.00
      428    502  1.00
      429      6  1.00
      429     83  1.00
      429    293  1.00
      429    304  1.00
      432    224  3.00
      432    274  1.00
      432    294  1.00
      432    354  1.00
      433    182  3.00
      433    259  3.00
      436      5  2.00
      436     44  5.00
      436    107  3.00
      436    174  2.00
      436    412  2.00
      436    520  4.00
      438     70  3.00
      438    179  2.00
      438    325  2.00
      438    559  2.00
      438    564  4.00
      443    253  2.00
      444    434  3.00
      444    582  1.00
      444    631  5.00
      445    209  6.00
      445    230  6.00
      446    148  3.00
      446    241  1.00
      446    282  1.00
      446    287  1.00
      446    288  1.00
      446    318  1.00
      446    450  1.00
      446    486  1.00
      446    610  3.00
      448     10  2.00
      448     42  3.00
      448    105  3.00
      448    255  2.00
      448    337  2.00
      448    409  4.00
      448    553  3.00
      450     68  1.00
      450    145  4.00
      450    171  3.00
      450    226  2.00
      450    510  5.00
      450    575  1.00
      450    600  1.00
      457    260  6.00
      458     58  4.00
      458     88  2.00
      458    114  3.00
      458    226  4.00
      458    379  2.00
      458    425  6.00
      458    482  5.00
      458    577  6.00
      459     57  6.00
      459     82  2.00
      459    154  1.00
      459    159  2.00
      459    326  4.00
      459    425  1.00
      459    463  3.00
      459    556  3.00
      459    562  3.00
      459    599  3.00
      460    232  6.00
      461     14  3.00
      461     18  3.00
      461     82  2.00
      461    126  4.00
      461    154  3.00
      461    172  1.00
      461    348  3.00
      461    581  3.00
      462    138  2.00
      462    143  1.00
      462    487  3.00
      463    186  6.00
      463    480  6.00
      463    542  6.00
      464     42  1.00
      464     57  2.00
      464    108  3.00
      464    242  1.00
      464    302  2.00
      464    480  1.00
      464    487  2.00
      464    569  2.00
      465     63  1.00
      465    342  5.00
      465    359  4.00
      465    501  4.00
      465    622  2.00
      472      5  1.00
      472    111  4.00
      472    161  4.00
      472    524  4.00
      474    154  3.00
      474    260  1.00
      474    305  6.00
      474    343  2.00
      474    457  3.00
      474    485  3.00
      474    505  5.00
      475     47  1.00
      475    165  6.00
      475    283  2.00
      475    337  1.00
      475    480  1.00
      475    544  1.00
      475    595  2.00
      476    129  2.00
      476    168  2.00
      476    238  1.00
      476    477  2.00
      477     58  1.00
      477     97  3.00
      477    161  1.00
      477    262  1.00
      477    352  1.00
      477    355  2.00
      477    373  2.00
      477    396  1.00
      478     56  6.00
      478     58  2.00
      478     67  6.00
      478    165  6.00
      478    257  2.00
      478    475  6.00
      478    480  2.00
      478    537  6.00
      480     30  2.00
      480     67  3.00
      480    165  6.00
      480    186  4.00
      480    257  3.00
      480    260  6.00
      480    487  2.00
      480    513  2.00
      481    219  6.00
      486     42  1.00
      486    204  1.00
      486    211  1.00
      486    286  1.00
      487     57  1.00
      487    108  5.00
      487    264  1.00
      487    347  3.00
      487    363  2.00
      487    462  3.00
      487    464  1.00
      487    480  1.00
      487    569  1.00
      488    101  3.00
      488    413  2.00
      488    634  2.00
      491    112  6.00
      491    422  2.00
      495    121  5.00
      495    215  2.00
      495    630  4.00
      496    243  5.00
      496    344  5.00
      500     18  1.00
      500     32  1.00
      500    171  1.00
      500    336  1.00
      504    233  2.00
      504    384  2.00
      504    459  1.00
      504    622  1.00
      504    639  5.00
      510     42  3.00
      510    114  2.00
      510    145  5.00
      510    286  1.00
      510    450  4.00
      510    622  4.00
      510    626  4.00
      512     55  3.00
      512    215  1.00
      512    454  2.00
      512    535  4.00
      512    545  1.00
      512    567  1.00
      512    570  2.00
      512    585  1.00
      518    167  6.00
      518    194  5.00
      519    117  2.00
      519    199  2.00
      519    482  2.00
      519    588  2.00
      521    111  1.00
      521    523  4.00
      521    566  1.00
      522    276  1.00
      522    408  1.00
      522    544  3.00
      523    427  3.00
      524      5  3.00
      524    114  1.00
      524    354  1.00
      524    436  4.00
      524    472  2.00
      524    637  5.00
      525    437  5.00
      525    599  4.00
      528    136  5.00
      528    154  3.00
      528    227  2.00
      528    543  3.00
      528    566  6.00
      531     57  1.00
      531     86  1.00
      531    353  1.00
      531    439  1.00
      531    449  1.00
      531    480  1.00
      531    513  1.00
      531    619  1.00
      532     24  2.00
      532    119  1.00
      532    310  2.00
      532    396  1.00
      532    635  1.00
      533     41  2.00
      533    152  2.00
      533    425  3.00
      534    122  2.00
      534    261  2.00
      535     97  2.00
      535    134  2.00
      535    432  2.00
      535    485  2.00
      535    578  1.00
      536    327  2.00
      536    340  1.00
      536    562  3.00
      536    576  5.00
      537     34  3.00
      537    207  6.00
      537    255  3.00
      537    478  3.00
      537    480  3.00
      537    629  3.00
      538     73  1.00
      538     79  1.00
      538    160  1.00
      538    241  1.00
      538    345  1.00
      538    524  1.00
      538    620  1.00
      540     18  1.00
      540    200  1.00
      540    567  1.00
      540    606  1.00
      543    126  1.00
      543    528  1.00
      543    529  1.00
      547     17  1.00
      547     91  5.00
      547    337  2.00
      547    338  1.00
      547    416  2.00
      547    449  2.00
      547    478  3.00
      547    513  1.00
      551     84  2.00
      551    253  1.00
      551    278  2.00
      551    394  2.00
      551    402  1.00
      551    413  2.00
      551    482  2.00
      551    521  1.00
      551    523  1.00
      552      9  1.00
      552    241  2.00
      552    329  3.00
      552    352  3.00
      553     32  2.00
      553     47  1.00
      553    114  4.00
      553    129  3.00
      553    152  4.00
      553    254  3.00
      553    255  4.00
      553    416  1.00
      553    448  4.00
      553    634  4.00
      557    553  1.00
      559    104  1.00
      559    179  2.00
      559    438  2.00
      559    564  3.00
      561    555  4.00
      561    556  4.00
      562     57  3.00
      562     82  4.00
      562    126  3.00
      562    136  4.00
      562    159  2.00
      562    459  3.00
      562    536  3.00
      562    582  5.00
      562    629  1.00
      563    197  3.00
      563    228  2.00
      564    179  1.00
      564    438  2.00
      564    559  2.00
      565     91  4.00
      565    154  4.00
      565    347  5.00
      565    427  4.00
      565    462  2.00
      565    487  4.00
      566     57  2.00
      566    154  1.00
      566    172  3.00
      566    565  1.00
      569     57  1.00
      569     89  5.00
      569    108  3.00
      569    183  2.00
      569    186  4.00
      569    302  3.00
      569    363  2.00
      569    487  2.00
      570    121  1.00
      570    164  1.00
      570    205  1.00
      570    307  1.00
      570    441  1.00
      570    454  1.00
      571    418  2.00
      571    631  2.00
      573     17  4.00
      573     75  1.00
      573     92  1.00
      573    135  1.00
      573    346  1.00
      573    414  1.00
      573    452  1.00
      574     87  1.00
      574    111  3.00
      574    294  2.00
      574    361  1.00
      574    473  2.00
      574    556  1.00
      574    598  2.00
      574    612  4.00
      575     68  2.00
      575    568  1.00
      577     77  6.00
      577    226  2.00
      577    431  1.00
      577    458  6.00
      577    482  4.00
      577    501  6.00
      577    626  4.00
      579    109  3.00
      579    185  1.00
      579    194  1.00
      579    264  3.00
      579    337  1.00
      579    396  1.00
      581    287  2.00
      581    422  2.00
      581    461  2.00
      582    114  2.00
      582    128  2.00
      582    161  1.00
      582    340  2.00
      582    477  1.00
      582    545  4.00
      582    553  2.00
      582    562  6.00
      583    247  1.00
      586    351  5.00
      588    284  2.00
      588    365  4.00
      588    370  4.00
      588    404  4.00
      588    408  3.00
      588    519  3.00
      588    572  2.00
      589     91  2.00
      589    165  1.00
      589    255  2.00
      589    337  2.00
      589    338  1.00
      589    354  4.00
      590    456  5.00
      591    158  1.00
      591    272  1.00
      591    285  1.00
      591    459  1.00
      591    599  1.00
      591    606  1.00
      595    475  1.00
      595    499  1.00
      596    143  5.00
      596    230  1.00
      596    425  3.00
      596    458  1.00
      596    465  3.00
      596    567  4.00
      596    622  3.00
      597    152  2.00
      597    167  5.00
      597    395  2.00
      597    551  4.00
      598    136  1.00
      598    252  1.00
      598    256  1.00
      598    327  1.00
      598    386  1.00
      599     61  4.00
      599     80  6.00
      599    326  3.00
      599    459  3.00
      599    618  4.00
      600     46  1.00
      600    120  2.00
      600    145  1.00
      600    226  1.00
      600    364  1.00
      600    450  1.00
      600    599  3.00
      600    614  1.00
      601    153  4.00
      604     59  1.00
      604    136  2.00
      604    340  2.00
      605    414  3.00
      605    484  3.00
      606    285  1.00
      606    480  2.00
      606    540  2.00
      609     76  3.00
      609    195  1.00
      609    285  2.00
      609    311  2.00
      609    612  1.00
      610     42  3.00
      610     79  3.00
      610    335  2.00
      610    446  5.00
      610    450  3.00
      610    510  2.00
      610    626  2.00
      614      9  2.00
      614     46  1.00
      614    226  1.00
      614    379  1.00
      614    438  1.00
      614    458  1.00
      614    600  1.00
      615     68  5.00
      615    109  2.00
      615    264  5.00
      616     79  1.00
      616    148  4.00
      616    278  1.00
      616    446  3.00
      616    538  1.00
      617      4  5.00
      617    142  1.00
      617    393  1.00
      617    532  1.00
      617    599  2.00
      617    618  2.00
      618    599  4.00
      619    447  1.00
      620     88  2.00
      620    109  2.00
      620    160  2.00
      620    485  2.00
      622     85  1.00
      622    162  1.00
      622    311  1.00
      622    314  1.00
      622    450  6.00
      622    510  6.00
      622    595  1.00
      624      3  6.00
      624     95  3.00
      624    121  1.00
      624    423  1.00
      624    441  1.00
      626     42  2.00
      626     77  6.00
      626    286  1.00
      626    450  1.00
      626    510  3.00
      626    575  2.00
      626    577  3.00
      628     38  1.00
      628    168  4.00
      628    212  6.00
      628    225  1.00
      628    253  2.00
      628    279  2.00
      629     42  2.00
      629     77  1.00
      629    114  3.00
      629    562  2.00
      629    626  1.00
      632    222  3.00
      632    454  1.00
      634     42  1.00
      634     72  1.00
      634    114  1.00
      634    214  1.00
      634    239  2.00
      634    255  1.00
      634    425  1.00
      634    553  1.00
      634    575  6.00
      640    735  2.00
      640    907  2.00
      640    978  2.00
      642    704  4.00
      642    832  3.00
      644    660  2.00
      644    755  3.00
      644    810  2.00
      644    823  6.00
      644    860  2.00
      644    930  2.00
      644    973  2.00
      645    682  1.00
      645    690  2.00
      645    754  1.00
      645    810  1.00
      645    868  1.00
      645    903  1.00
      645    947  3.00
      645    960  2.00
      645    982  1.00
      645    995  5.00
      646    656  1.00
      646    668  1.00
      646    733  1.00
      646    758  1.00
      646    832  1.00
      646    878  2.00
      646    932  1.00
      647    708  1.00
      647    723  1.00
      647    745  2.00
      647    842  1.00
      647    846  1.00
      647    953  1.00
      647    982  1.00
      648    806  2.00
      648    811  4.00
      648   1042  4.00
      649    750  3.00
      650    651  3.00
      650    749  2.00
      650    755  2.00
      650    845  2.00
      650    848  1.00
      650    903  2.00
      650    934  2.00
      650    948  1.00
      650    960  1.00
      651    650  3.00
      651    845  3.00
      651    849  3.00
      651    966  1.00
      653    699  2.00
      653    709  1.00
      653    755  5.00
      653    881  2.00
      653    910  2.00
      653    960  2.00
      653    995  2.00
      653   1033  1.00
      654    747  4.00
      656    646  4.00
      656    762  4.00
      656    889  3.00
      656    971  2.00
      656    974  5.00
      656    986  1.00
      656   1007  1.00
      656   1026  1.00
      656   1027  3.00
      657    692  3.00
      657    705  4.00
      657    775  6.00
      657    971  1.00
      657    985  6.00
      657   1007  2.00
      658    680  1.00
      658    856  2.00
      658    859  1.00
      658   1001  1.00
      659    889  3.00
      660    644  1.00
      660    819  6.00
      660    830  1.00
      660    913  1.00
      660    934  1.00
      660   1018  1.00
      660   1029  1.00
      661    791  1.00
      661    819  1.00
      661    825  1.00
      661    863  1.00
      662    773  1.00
      662    785  2.00
      662    807  3.00
      662    850  3.00
      662   1011  2.00
      663    682  1.00
      663    771  1.00
      663    793  1.00
      663    826  3.00
      663    846  3.00
      663    862  1.00
      663    901  3.00
      663    911  3.00
      663    966  1.00
      663   1001  3.00
      665    947  1.00
      665    977  1.00
      666    804  1.00
      666    808  1.00
      666    857  1.00
      666    862  2.00
      666    894  1.00
      666    916  1.00
      667    682  3.00
      667    754  4.00
      667    777  2.00
      667    810  3.00
      667    920  2.00
      667    995  2.00
      668    659  3.00
      668    790  3.00
      668    861  3.00
      669    653  2.00
      669    773  2.00
      669    775  2.00
      670    727  1.00
      670    876  5.00
      670    947  2.00
      671    736  2.00
      671    737  3.00
      671    772  6.00
      671    776  2.00
      671    859  4.00
      671    874  2.00
      671    956  2.00
      671    979  2.00
      671    980  3.00
      671   1015  3.00
      672    691  1.00
      672    737  4.00
      672    913  1.00
      673    823  3.00
      674    712  4.00
      674    733  1.00
      674    761  3.00
      674    774  1.00
      674    886  1.00
      674    945  4.00
      674    974  1.00
      674   1007  1.00
      675    681  4.00
      676    840  3.00
      676   1003  2.00
      678    880  2.00
      678    988  5.00
      678    996  1.00
      678   1008  1.00
      679    724  1.00
      679    767  1.00
      679    842  3.00
      679    846  3.00
      679    886  1.00
      679    982  1.00
      680    678  1.00
      680    745  1.00
      680    826  1.00
      680    842  1.00
      680    846  1.00
      680    859  1.00
      680    904  1.00
      680    929  1.00
      680   1008  1.00
      683    859  2.00
      683    980  4.00
      685    644  4.00
      685    848  5.00
      685    930  6.00
      686    965  6.00
      688    816  2.00
      688   1045  1.00
      692    646  1.00
      692    661  1.00
      692    691  1.00
      692    741  1.00
      692    804  1.00
      693    744  1.00
      695    644  4.00
      695    700  3.00
      695    745  3.00
      695    766  4.00
      695    836  4.00
      695    991  5.00
      697    656  5.00
      698    680  1.00
      698    706  2.00
      698    711  4.00
      698    818  3.00
      698    882  3.00
      698    924  5.00
      699    653  3.00
      699    670  3.00
      699    755  1.00
      699    756  2.00
      699    801  2.00
      699    832  2.00
      699    904  1.00
      699    933  2.00
      699   1017  4.00
      699   1033  2.00
      700    720  4.00
      700    927  3.00
      701    641  2.00
      701    670  2.00
      701    746  2.00
      701    886  1.00
      701    998  1.00
      701   1004  1.00
      702    777  1.00
      702    805  5.00
      702    810  1.00
      702    815  2.00
      702    871  1.00
      702    947  2.00
      702    969  3.00
      702   1032  1.00
      703    654  2.00
      703    696  6.00
      703    766  2.00
      703    784  2.00
      703    801  2.00
      703    818  6.00
      703    832  3.00
      703    849  2.00
      703    991  2.00
      705    799  1.00
      705    801  1.00
      705    948  1.00
      706    642  3.00
      706    704  4.00
      706    733  1.00
      706    767  2.00
      706    832  6.00
      706    982  1.00
      706   1042  1.00
      706   1044  4.00
      707    659  1.00
      707    660  2.00
      707    708  2.00
      707    735  2.00
      707    830  2.00
      707    868  2.00
      707    888  6.00
      707    913  5.00
      707    953  1.00
      707   1039  2.00
      708    707  3.00
      708    763  1.00
      708    795  2.00
      708    913  4.00
      709    780  2.00
      709    801  1.00
      709    830  2.00
      709    961  1.00
      711    753  2.00
      711   1001  5.00
      714   1008  4.00
      715    718  1.00
      715    755  1.00
      715    778  1.00
      715    852  4.00
      715    900  1.00
      715    918  1.00
      715    951  1.00
      715    985  1.00
      715   1036  1.00
      717    665  1.00
      717    886  1.00
      717    907  1.00
      717    947  1.00
      717    977  1.00
      718    714  1.00
      718    715  4.00
      718    754  1.00
      718    829  1.00
      718    842  1.00
      718    935  6.00
      718    938  1.00
      718    988  2.00
      718   1011  1.00
      721    659  2.00
      721    706  1.00
      721    857  1.00
      721    889  3.00
      721    950  1.00
      721   1003  2.00
      721   1027  1.00
      722    765  6.00
      722    810  2.00
      722    843  6.00
      722    886  5.00
      722    952  6.00
      722    968  1.00
      722   1029  2.00
      722   1034  2.00
      724    244  4.00
      725    757  1.00
      725    931  3.00
      725   1001  1.00
      726    641  1.00
      726    752  2.00
      726    755  1.00
      726    900  1.00
      726    930  2.00
      726    960  1.00
      726    973  2.00
      727    670  1.00
      727    977  1.00
      730    799  1.00
      730    812  2.00
      730    845  1.00
      730    868  2.00
      730    928  3.00
      731    649  3.00
      731    939  5.00
      732    728  1.00
      732   1020  1.00
      733    660  1.00
      733    810  1.00
      733    911  1.00
      733    973  2.00
      733    977  1.00
      733   1021  1.00
      733   1036  1.00
      734    753  2.00
      734    755  3.00
      734    963  2.00
      735    830  1.00
      736    737  2.00
      736    776  4.00
      736    788  5.00
      736    956  5.00
      737    672  5.00
      737    735  3.00
      737    736  2.00
      737    816  2.00
      738     27  2.00
      738    730  1.00
      738    954  3.00
      739    664  1.00
      739    678  1.00
      739    700  1.00
      739    724  1.00
      739    857  1.00
      739    882  1.00
      739    884  1.00
      739    946  1.00
      739    961  1.00
      740    256  1.00
      740    576  1.00
      740    677  1.00
      740    781  1.00
      741    692  1.00
      741    694  2.00
      742    733  3.00
      742    749  2.00
      742    797  2.00
      742    871  4.00
      742    907  2.00
      742    910  2.00
      742   1004  2.00
      742   1036  2.00
      744    654  2.00
      744    687  1.00
      744    693  1.00
      744    721  1.00
      744    749  1.00
      744    789  1.00
      745    647  1.00
      745    663  1.00
      745    724  1.00
      745    755  1.00
      745    812  1.00
      745    826  2.00
      745    842  5.00
      745    846  5.00
      745    923  1.00
      746    143  1.00
      746    260  1.00
      746    631  4.00
      748    707  1.00
      748    732  1.00
      748    793  1.00
      748    862  1.00
      748    895  1.00
      748    916  1.00
      748   1000  1.00
      749    106  1.00
      749    820  1.00
      749    903  1.00
      749    963  2.00
      749   1004  1.00
      750    649  4.00
      750    671  1.00
      750    748  1.00
      750    771  1.00
      750    772  1.00
      750    776  4.00
      750    874  2.00
      750    939  1.00
      750    966  1.00
      750    979  1.00
      751    670  1.00
      751    714  1.00
      751    870  1.00
      751    948  1.00
      751   1034  1.00
      752    659  1.00
      752    706  5.00
      752    726  3.00
      752    735  6.00
      752    778  5.00
      752    785  1.00
      752    830  1.00
      752    860  1.00
      752    962  2.00
      752   1034  1.00
      753    646  2.00
      753    734  3.00
      753    808  2.00
      753    864  3.00
      753    925  2.00
      753   1044  3.00
      754    660  2.00
      754    667  4.00
      754    755  1.00
      754    860  3.00
      754    872  3.00
      754    900  1.00
      754    960  2.00
      754    995  3.00
      755     19  1.00
      755    644  3.00
      755    734  2.00
      755    820  4.00
      755    823  3.00
      755    860  4.00
      755    913  2.00
      756    647  1.00
      756    696  2.00
      756    768  1.00
      756    840  1.00
      756    998  2.00
      757    100  2.00
      757    872  3.00
      757    883  3.00
      757    988  2.00
      757   1000  4.00
      757   1027  2.00
      757   1031  6.00
      760    657  2.00
      762    827  1.00
      762    886  1.00
      762    994  2.00
      762   1007  4.00
      763    659  1.00
      763    707  1.00
      763    722  1.00
      763    767  2.00
      763    795  3.00
      763    810  1.00
      763    843  1.00
      763    953  1.00
      763    993  1.00
      765    722  6.00
      765    810  1.00
      765    843  6.00
      765    868  2.00
      765    886  1.00
      765    940  4.00
      765    947  1.00
      765   1034  1.00
      765   1036  1.00
      766    727  3.00
      767    644  3.00
      767    707  3.00
      767    708  3.00
      767    719  3.00
      767    746  3.00
      767    763  3.00
      767    860  2.00
      767    869  2.00
      767    934  3.00
      768    880  2.00
      768   1043  4.00
      771    661  5.00
      771    825  5.00
      771    880  2.00
      771    970  2.00
      772    671  5.00
      772    750  2.00
      772    859  4.00
      772    874  5.00
      772    956  2.00
      772    970  5.00
      772    980  4.00
      772   1015  5.00
      773    749  2.00
      773    820  2.00
      773    872  2.00
      773    957  2.00
      773    983  4.00
      774    674  1.00
      774    720  1.00
      774    758  1.00
      774    795  1.00
      774    818  2.00
      774    862  1.00
      774    950  1.00
      775    657  6.00
      775    660  4.00
      775    669  4.00
      775    760  6.00
      775    821  2.00
      775    871  3.00
      776    736  5.00
      776    788  5.00
      776    874  4.00
      776    956  6.00
      776    979  6.00
      778    699  1.00
      778    726  3.00
      778    752  6.00
      778    785  3.00
      778    989  3.00
      778   1026  3.00
      779    672  1.00
      779    737  3.00
      779    785  3.00
      779    824  1.00
      779    887  1.00
      779    891  1.00
      779    957  1.00
      779   1011  1.00
      779   1034  1.00
      779   1036  1.00
      781    833  2.00
      781    898  1.00
      782    764  4.00
      782    970  2.00
      782    978  1.00
      782    988  1.00
      784    672  1.00
      784    737  1.00
      784    785  1.00
      784   1009  1.00
      785    734  2.00
      785    752  2.00
      785    778  3.00
      785    779  2.00
      785    784  1.00
      785    952  1.00
      785    959  1.00
      785   1034  2.00
      786    723  3.00
      786    773  1.00
      786    865  3.00
      787    438  3.00
      787    690  5.00
      787    722  3.00
      787    762  2.00
      787    991  3.00
      788    736  6.00
      788    776  6.00
      788    874  5.00
      788    956  6.00
      788    965  4.00
      788    980  4.00
      789    644  1.00
      789    659  1.00
      789    829  1.00
      789    886  1.00
      789    947  1.00
      789    982  1.00
      789    999  6.00
      789   1034  1.00
      791    726  1.00
      791    816  1.00
      791    820  1.00
      791    835  1.00
      791    850  1.00
      791    942  1.00
      791    953  1.00
      791    973  1.00
      791   1016  1.00
      792    735  3.00
      792    747  1.00
      792    771  1.00
      792    996  1.00
      792   1017  2.00
      793    647  1.00
      793    748  1.00
      793    902  3.00
      793    913  1.00
      793    944  1.00
      794    800  1.00
      794    861  4.00
      794   1037  1.00
      796    682  5.00
      796    735  1.00
      796    754  1.00
      796    765  5.00
      796    869  5.00
      796    940  6.00
      796    971  2.00
      797    646  3.00
      797    670  1.00
      797    751  1.00
      797    754  2.00
      797    770  2.00
      797    824  1.00
      797    869  1.00
      797    907  1.00
      798    870  1.00
      798   1012  1.00
      798   1017  2.00
      799    668  1.00
      799    705  3.00
      799    764  1.00
      799    892  1.00
      799    914  1.00
      799    948  1.00
      799   1038  3.00
      800    649  1.00
      800    700  1.00
      800    731  1.00
      800    772  1.00
      800    878  1.00
      800    905  1.00
      800    935  1.00
      800    939  1.00
      800    994  1.00
      800   1007  1.00
      804    668  5.00
      804    905  5.00
      804    916  4.00
      805    702  2.00
      807    662  4.00
      807    785  1.00
      807    827  1.00
      807    850  2.00
      807   1011  3.00
      808    646  3.00
      808    730  4.00
      808    753  3.00
      808    757  1.00
      808    831  4.00
      808    934  3.00
      808   1031  2.00
      810    682  2.00
      810    868  3.00
      810    886  2.00
      810    911  2.00
      810    977  2.00
      810   1034  2.00
      812    720  1.00
      812    745  1.00
      812    872  1.00
      812    876  1.00
      813    752  3.00
      813    772  2.00
      813    789  2.00
      813    804  2.00
      813    903  3.00
      813   1030  6.00
      814    763  2.00
      814    872  1.00
      814    933  1.00
      814    971  3.00
      815    799  3.00
      815    892  3.00
      815    971  3.00
      815   1029  3.00
      815   1033  1.00
      816    641  4.00
      816    684  3.00
      816    872  4.00
      816    911  3.00
      816    966  5.00
      816   1045  3.00
      819    653  2.00
      819    660  5.00
      819    682  1.00
      819    825  4.00
      819    830  2.00
      819    871  1.00
      819    928  3.00
      820    667  4.00
      820    755  4.00
      820    791  3.00
      820    823  4.00
      820    852  2.00
      820    860  3.00
      820    953  2.00
      820    973  3.00
      820   1016  1.00
      821    871  4.00
      822    817  2.00
      822    946  2.00
      823    644  5.00
      823    673  2.00
      823    820  3.00
      823   1036  2.00
      824    598  1.00
      824    690  1.00
      824    714  2.00
      824    767  1.00
      824    999  1.00
      824   1029  1.00
      825    646  4.00
      825    661  6.00
      825    771  6.00
      825    858  3.00
      825    994  4.00
      826    842  3.00
      826    846  3.00
      826    901  5.00
      826    929  4.00
      827    749  2.00
      827    868  2.00
      827    903  2.00
      827    910  2.00
      827    977  2.00
      827   1018  1.00
      827   1034  1.00
      828    695  5.00
      828    991  1.00
      829     84  3.00
      829    121  3.00
      829    519  4.00
      829    679  3.00
      829    700  3.00
      829    707  3.00
      829    789  3.00
      829    999  3.00
      830    399  3.00
      830    644  2.00
      830    690  2.00
      830    865  2.00
      830    982  4.00
      830   1018  3.00
      831    699  3.00
      831    704  6.00
      831    808  3.00
      831    840  1.00
      831   1016  3.00
      832    642  2.00
      832    660  2.00
      832    672  1.00
      832    704  2.00
      832    756  2.00
      832    876  2.00
      832    973  2.00
      833    665  1.00
      833    699  1.00
      833    702  1.00
      833    781  3.00
      833    853  2.00
      833    910  1.00
      833    993  1.00
      833   1018  1.00
      836    843  2.00
      836    886  2.00
      836    910  4.00
      836    912  3.00
      836   1029  6.00
      837    849  2.00
      837    864  2.00
      837    903  2.00
      842    254  4.00
      843    765  6.00
      843    810  2.00
      843    868  1.00
      843    886  3.00
      843    940  2.00
      843    952  6.00
      844    660  2.00
      844    735  1.00
      844    755  2.00
      844    830  1.00
      844    903  1.00
      844    913  2.00
      844   1018  2.00
      844   1025  2.00
      844   1026  2.00
      846    724  1.00
      846    745  5.00
      846    810  1.00
      846    826  2.00
      846    842  5.00
      846    929  4.00
      846   1012  4.00
      847    942  3.00
      848    685  2.00
      848    690  3.00
      848    742  2.00
      848    900  1.00
      848    903  6.00
      848    977  6.00
      848   1034  1.00
      848   1036  3.00
      849    651  3.00
      850    662  3.00
      850    670  1.00
      850    760  1.00
      850    785  3.00
      850    791  1.00
      850    909  1.00
      850    962  1.00
      850   1009  1.00
      850   1011  1.00
      850   1034  1.00
      851    904  1.00
      851    914  1.00
      851    938  1.00
      851    948  1.00
      851    954  2.00
      851   1001  5.00
      852    709  1.00
      852    715  6.00
      852    820  2.00
      852    830  1.00
      852    850  1.00
      852    918  1.00
      852    937  3.00
      852    985  4.00
      853    670  3.00
      853    749  4.00
      853    814  3.00
      853    833  3.00
      853    921  2.00
      853    983  2.00
      853   1004  3.00
      853   1042  1.00
      854    457  1.00
      854    465  1.00
      855    753  1.00
      855    953  3.00
      855   1000  1.00
      855   1031  1.00
      856    687  4.00
      856    691  4.00
      856    716  2.00
      856   1017  1.00
      857    952  2.00
      857   1039  2.00
      858    641  1.00
      858    745  5.00
      858    819  6.00
      858    842  6.00
      858    864  6.00
      858    894  4.00
      858    966  1.00
      858   1042  3.00
      859    658  2.00
      859    671  5.00
      859    691  2.00
      859    736  3.00
      859    772  5.00
      859    776  3.00
      859    966  3.00
      859    980  5.00
      860    155  2.00
      860    422  2.00
      860    603  2.00
      860    644  3.00
      860    755  2.00
      860    820  2.00
      860    823  3.00
      860   1034  2.00
      861    668  1.00
      862    666  5.00
      862    804  5.00
      862    842  1.00
      862    846  1.00
      862    854  5.00
      862    895  5.00
      864    903  3.00
      864   1044  5.00
      865    644  3.00
      865    722  3.00
      865    789  1.00
      865    810  3.00
      865    848  3.00
      865    907  5.00
      865   1008  6.00
      865   1029  1.00
      865   1034  3.00
      867      3  1.00
      867    624  1.00
      867    668  1.00
      867    835  3.00
      867    863  2.00
      867    897  1.00
      867    936  2.00
      867    994  1.00
      867   1000  1.00
      868    682  1.00
      868    810  5.00
      868   1034  1.00
      869    765  3.00
      869    796  5.00
      869    843  3.00
      869    940  5.00
      869    952  3.00
      872    754  2.00
      872    755  1.00
      872    810  1.00
      872    911  2.00
      872    940  1.00
      872   1031  1.00
      873    754  3.00
      873    789  1.00
      873    823  1.00
      873    830  1.00
      873    860  1.00
      873    900  1.00
      873    940  1.00
      873    952  1.00
      873   1034  1.00
      874    671  2.00
      874    736  2.00
      874    776  4.00
      874    979  5.00
      874    980  2.00
      875    663  1.00
      875    877  1.00
      875    911  1.00
      875    960  1.00
      875    993  3.00
      875   1034  1.00
      875   1036  2.00
      877    660  2.00
      877    816  1.00
      877    860  1.00
      877    872  1.00
      877    911  2.00
      877    934  2.00
      877    938  2.00
      877    969  2.00
      877   1036  3.00
      878    640  1.00
      878    724  1.00
      878    733  1.00
      879    759  1.00
      879    919  1.00
      879    949  3.00
      879    974  1.00
      880    791  3.00
      880    969  1.00
      880    973  1.00
      880   1008  2.00
      881    362  4.00
      881    665  2.00
      882    642  1.00
      882    698  1.00
      882    790  2.00
      882    794  1.00
      882    816  3.00
      882    884  6.00
      882    925  1.00
      882   1045  1.00
      883    745  3.00
      883    757  2.00
      883    842  3.00
      883    846  3.00
      883    904  2.00
      884    647  3.00
      884    663  2.00
      884    882  5.00
      884    901  2.00
      884    938  2.00
      885    927  3.00
      885    983  1.00
      886    719  2.00
      886    722  6.00
      886    789  3.00
      886    810  4.00
      886    843  4.00
      886    868  3.00
      886    910  5.00
      886    915  3.00
      886    952  5.00
      886   1034  4.00
      887    641  4.00
      887    692  3.00
      887    763  1.00
      887    795  3.00
      887    903  3.00
      887    989  2.00
      888    780  6.00
      889    656  3.00
      889    706  3.00
      889    897  5.00
      889    898  5.00
      890    656  1.00
      890    767  1.00
      890    819  1.00
      890    825  1.00
      890    925  1.00
      890    974  2.00
      890    996  1.00
      890    997  1.00
      891   1023  4.00
      892    692  1.00
      892    799  1.00
      892    815  1.00
      893    715  2.00
      893    913  1.00
      893    957  4.00
      893   1039  1.00
      897    710  1.00
      897    882  1.00
      897    961  1.00
      901    663  2.00
      901    826  2.00
      901   1001  2.00
      901   1022  2.00
      902    653  1.00
      902    978  1.00
      903    690  1.00
      903    810  1.00
      903    848  1.00
      903    864  1.00
      903    865  1.00
      903    960  1.00
      903    977  1.00
      903    982  1.00
      903    995  1.00
      904    680  2.00
      904   1001  1.00
      905    818  1.00
      905    884  1.00
      905    961  2.00
      905   1003  2.00
      906    685  1.00
      906    707  2.00
      906    708  1.00
      906    737  1.00
      906    755  1.00
      906    810  2.00
      906    900  1.00
      906    913  1.00
      906    930  6.00
      906    959  1.00
      907    175  2.00
      907    810  3.00
      907    868  3.00
      907    875  1.00
      907    910  2.00
      907    947  3.00
      907    952  3.00
      907   1034  6.00
      907   1036  4.00
      908    729  5.00
      908    954  1.00
      908   1035  1.00
      909    672  1.00
      910    722  3.00
      910    836  3.00
      910    843  3.00
      910    886  2.00
      910   1029  5.00
      911    663  1.00
      911    691  5.00
      911    733  1.00
      911    810  2.00
      911    953  1.00
      911   1034  3.00
      911   1036  3.00
      911   1046  2.00
      913    660  4.00
      913    672  3.00
      913    679  3.00
      913    707  6.00
      913    755  3.00
      913    793  3.00
      913    937  3.00
      913    959  3.00
      913   1025  4.00
      916    273  5.00
      916    832  4.00
      917    734  1.00
      917    755  1.00
      917    982  1.00
      918    672  1.00
      918    690  1.00
      918    913  3.00
      919    655  1.00
      919    664  1.00
      919    836  2.00
      919    904  2.00
      919    948  1.00
      919    949  6.00
      919   1001  2.00
      920    667  1.00
      920    754  1.00
      920    961  3.00
      921    749  2.00
      921    809  3.00
      921    818  2.00
      921    853  3.00
      921    858  1.00
      921    863  2.00
      921    934  1.00
      922    280  2.00
      922    673  1.00
      922    723  2.00
      922    733  1.00
      922    865  3.00
      922    903  1.00
      922    911  1.00
      922    952  1.00
      922   1008  3.00
      922   1036  1.00
      923    679  1.00
      923    804  1.00
      923    829  1.00
      923    842  2.00
      923    846  1.00
      923    862  2.00
      923    996  1.00
      923   1030  1.00
      924    658  1.00
      924    698  1.00
      924    889  1.00
      924    992  1.00
      924   1038  1.00
      925    641  2.00
      925    656  3.00
      925    735  2.00
      925    821  2.00
      925    834  2.00
      925    871  3.00
      925    938  2.00
      925    974  2.00
      925   1001  4.00
      926    906  1.00
      926    937  1.00
      928    640  1.00
      928    746  4.00
      928    767  2.00
      928    812  2.00
      928    919  2.00
      929    753  2.00
      929    826  5.00
      929    864  4.00
      930    685  2.00
      930    726  2.00
      930    810  3.00
      930    868  2.00
      930    906  5.00
      931    725  1.00
      931    948  1.00
      933    699  2.00
      934    660  2.00
      934    707  2.00
      934    810  2.00
      934    823  2.00
      934    868  2.00
      934    877  2.00
      934    911  2.00
      934    953  2.00
      934   1036  2.00
      935    715  6.00
      935    718  6.00
      935    745  1.00
      935    813  1.00
      935    842  1.00
      937    644  2.00
      937    685  3.00
      937    715  1.00
      937    900  3.00
      937    913  2.00
      937    926  2.00
      937   1009  1.00
      937   1011  2.00
      937   1025  4.00
      937   1034  2.00
      938    691  2.00
      938    724  1.00
      938    812  1.00
      938    842  3.00
      938    860  2.00
      938    871  4.00
      938    969  3.00
      938    982  3.00
      938   1001  6.00
      939    678  1.00
      939    680  1.00
      939    731  3.00
      939    750  1.00
      939    800  2.00
      940    722  1.00
      940    765  5.00
      940    810  2.00
      940    843  3.00
      940    868  2.00
      940    886  2.00
      940    952  3.00
      941    678  1.00
      941    680  1.00
      941    804  5.00
      941    957  2.00
      942    670  2.00
      942    726  1.00
      942    847  4.00
      942   1004  2.00
      943    733  1.00
      943    754  1.00
      943    795  1.00
      943    872  1.00
      943    910  1.00
      943   1018  1.00
      944    672  2.00
      944    685  2.00
      944    690  3.00
      944    735  2.00
      944    749  2.00
      944    821  2.00
      944    850  3.00
      944    871  2.00
      944    995  4.00
      944   1004  3.00
      945    640  3.00
      945    668  1.00
      945    674  3.00
      945    777  1.00
      945    986  1.00
      945   1007  1.00
      947     97  3.00
      947    262  1.00
      947    727  1.00
      947    868  2.00
      947    977  2.00
      948    691  1.00
      948    723  2.00
      948    839  2.00
      948    851  1.00
      948    880  1.00
      948   1001  4.00
      948   1008  3.00
      949    737  1.00
      949    858  2.00
      949    879  3.00
      949    919  6.00
      949    971  1.00
      949    994  2.00
      949   1007  2.00
      950    691  2.00
      950    762  1.00
      950    873  2.00
      950    905  2.00
      950    948  2.00
      951    665  1.00
      951    699  3.00
      951    715  1.00
      951    778  2.00
      951    921  1.00
      951   1017  1.00
      952    765  5.00
      952    810  2.00
      952    910  3.00
      952    953  2.00
      952    960  2.00
      952   1029  3.00
      952   1034  3.00
      953      5  3.00
      953    820  3.00
      953    952  5.00
      953   1016  1.00
      953   1034  1.00
      954    641  3.00
      954    747  5.00
      954    816  1.00
      954    825  1.00
      954    877  6.00
      954    916  6.00
      954    968  1.00
      954    997  1.00
      954   1005  1.00
      955    668  1.00
      955    861  2.00
      956    671  2.00
      956    736  3.00
      956    776  4.00
      956    979  3.00
      956    980  2.00
      959    785  2.00
      959    906  2.00
      959    913  3.00
      959    918  3.00
      959   1034  1.00
      960    685  2.00
      960    754  2.00
      960    900  1.00
      960    907  2.00
      960    952  1.00
      960    977  1.00
      960   1034  2.00
      960   1036  3.00
      961    709  2.00
      961    785  1.00
      961    820  2.00
      961    882  2.00
      961    920  2.00
      962     91  2.00
      962     95  1.00
      962    662  2.00
      962    752  2.00
      962    801  2.00
      962    937  3.00
      962   1034  1.00
      963    734  2.00
      963    735  2.00
      963    749  6.00
      963    848  3.00
      963    888  2.00
      963    942  2.00
      963   1004  2.00
      965    686  2.00
      965    772  2.00
      965    788  4.00
      966    688  1.00
      966    776  2.00
      966    816  4.00
      966    859  2.00
      966    875  1.00
      966    981  2.00
      966   1030  3.00
      966   1038  1.00
      967    831  5.00
      968     64  2.00
      968    722  1.00
      968    871  2.00
      969    724  1.00
      969    860  2.00
      969    877  3.00
      969    886  1.00
      969    938  3.00
      969    953  2.00
      969   1001  3.00
      969   1036  3.00
      970    750  2.00
      970    771  3.00
      970    772  4.00
      970    800  1.00
      970    812  3.00
      970    969  1.00
      970   1015  1.00
      971    657  6.00
      971    785  3.00
      971    814  6.00
      971    815  4.00
      971    878  2.00
      971    933  4.00
      971    957  2.00
      972    849  1.00
      973    777  5.00
      973    832  3.00
      973    868  1.00
      973    952  3.00
      973   1018  1.00
      973   1029  3.00
      974    656  4.00
      974    890  4.00
      974    980  4.00
      975    842  2.00
      975    864  4.00
      975    877  2.00
      975    890  3.00
      975    949  1.00
      975   1026  4.00
      977    727  1.00
      977    810  3.00
      977    868  3.00
      977    947  2.00
      977    960  4.00
      978    663  2.00
      978    828  3.00
      978    862  3.00
      978    928  4.00
      978    969  1.00
      978    974  2.00
      979    671  2.00
      979    736  5.00
      979    776  5.00
      979    874  4.00
      979    956  4.00
      979    980  2.00
      980    671  4.00
      980    736  3.00
      980    772  3.00
      980    776  2.00
      980    859  3.00
      980    874  3.00
      980    979  3.00
      980   1015  3.00
      981    682  1.00
      981    777  1.00
      981    938  2.00
      981    959  2.00
      981    966  2.00
      981   1001  2.00
      981   1026  2.00
      981   1034  2.00
      982    691  5.00
      982    830  4.00
      982    911  2.00
      982   1013  2.00
      982   1019  4.00
      982   1036  3.00
      983    111  2.00
      983    885  1.00
      983    982  1.00
      984    730  1.00
      984    973  1.00
      984    982  1.00
      985    876  4.00
      985    900  1.00
      985    943  1.00
      985   1040  4.00
      986    704  4.00
      986    733  1.00
      986    890  1.00
      986    927  1.00
      986    993  4.00
      986   1025  1.00
      986   1026  3.00
      987    699  1.00
      987    782  2.00
      987    801  1.00
      987    903  1.00
      987   1017  2.00
      987   1033  2.00
      987   1039  1.00
      988    678  2.00
      988    714  1.00
      988    839  1.00
      988    880  1.00
      989    685  1.00
      989    778  1.00
      989   1025  2.00
      990    723  2.00
      990    868  2.00
      991    695  2.00
      992    799  2.00
      992    813  2.00
      992    924  2.00
      993    660  1.00
      993    795  1.00
      993    801  5.00
      993    833  1.00
      993    874  1.00
      993    875  1.00
      994    762  3.00
      994    800  4.00
      994    819  1.00
      994    958  3.00
      994    968  1.00
      994   1007  3.00
      995    644  1.00
      995    645  6.00
      995    682  2.00
      995    690  1.00
      995    754  1.00
      995    830  1.00
      995    865  1.00
      995    868  1.00
      995    903  2.00
      995    960  1.00
      997    911  1.00
      997    915  1.00
      997    954  1.00
      998    701  1.00
      998    718  3.00
      998    863  1.00
      998   1031  4.00
      999     36  1.00
      999    598  2.00
      999    690  1.00
      999    723  2.00
      999    789  4.00
      999    824  2.00
      999    829  2.00
      999    900  1.00
      999    982  2.00
      999   1036  1.00
     1003    721  4.00
     1003    905  3.00
     1003    923  1.00
     1003    928  3.00
     1004    749  3.00
     1004    963  3.00
     1005    957  2.00
     1005   1025  1.00
     1005   1036  2.00
     1006    832  5.00
     1007    270  1.00
     1007    762  2.00
     1007    810  2.00
     1007    868  2.00
     1007    886  2.00
     1007   1034  2.00
     1008    690  2.00
     1008    714  3.00
     1008    724  2.00
     1008    746  3.00
     1008    848  3.00
     1008    878  3.00
     1008    880  1.00
     1009    737  3.00
     1009    916  2.00
     1010    701  1.00
     1010    770  1.00
     1010    811  1.00
     1010    814  1.00
     1010    824  5.00
     1010    863  1.00
     1010    998  2.00
     1010   1004  1.00
     1012     36  3.00
     1012    175  3.00
     1012    846  3.00
     1013    877  1.00
     1013    982  2.00
     1014    657  1.00
     1014    793  2.00
     1014    933  1.00
     1014   1019  2.00
     1015    671  1.00
     1015    750  2.00
     1015    772  5.00
     1015    859  3.00
     1015    874  4.00
     1015    965  1.00
     1015    979  2.00
     1015    980  3.00
     1016     64  4.00
     1016    212  3.00
     1016    423  1.00
     1016    428  1.00
     1016    953  1.00
     1017    702  2.00
     1017    792  2.00
     1017    835  1.00
     1017    908  1.00
     1017    974  2.00
     1018    660  2.00
     1018    690  4.00
     1018    709  1.00
     1018    722  2.00
     1018    830  1.00
     1018    843  1.00
     1019    982  3.00
     1020    723  6.00
     1021    723  1.00
     1021    732  2.00
     1021    733  1.00
     1021    844  2.00
     1021    899  1.00
     1021    915  1.00
     1021   1008  1.00
     1022    716  1.00
     1022    730  1.00
     1022    901  3.00
     1022   1044  1.00
     1025    660  4.00
     1025    849  1.00
     1025    913  3.00
     1025    986  1.00
     1025    989  3.00
     1025   1026  4.00
     1025   1034  3.00
     1025   1036  2.00
     1026    656  1.00
     1026    778  3.00
     1026    971  1.00
     1026    989  4.00
     1026   1025  5.00
     1026   1032  3.00
     1027    918  2.00
     1028    724  2.00
     1028    749  1.00
     1028    824  3.00
     1028    953  1.00
     1028    957  1.00
     1028    995  1.00
     1028   1005  1.00
     1028   1033  1.00
     1028   1036  1.00
     1029     69  1.00
     1029     71  1.00
     1029    203  4.00
     1029    264  1.00
     1029    397  1.00
     1031    672  1.00
     1031    757  1.00
     1031    872  2.00
     1031    892  3.00
     1031    934  1.00
     1031   1000  2.00
     1031   1027  2.00
     1033    813  4.00
     1033    923  1.00
     1034     36  3.00
     1034    175  3.00
     1034    810  4.00
     1034    868  2.00
     1034    911  4.00
     1034    947  1.00
     1034    952  4.00
     1034   1036  3.00
     1035    781  1.00
     1035    787  1.00
     1035    898  1.00
     1035    908  1.00
     1035   1008  1.00
     1035   1024  1.00
     1036    877  4.00
     1036    911  4.00
     1036    960  4.00
     1036    982  3.00
     1038    785  2.00
     1038    924  1.00
     1038    939  2.00
     1038    966  1.00
     1039    644  2.00
     1039    659  1.00
     1039    682  1.00
     1039    707  2.00
     1039    735  2.00
     1039    810  1.00
     1039    876  4.00
     1039   1034  2.00
     1039   1040  4.00
     1040    647  1.00
     1040    724  6.00
     1040    725  2.00
     1040    768  1.00
     1040    840  5.00
     1040    923  1.00
     1040    929  1.00
     1040    939  1.00
     1040    993  1.00
     1041    728  1.00
     1041    921  1.00
     1043    768  4.00
     1043    819  1.00
     1043    977  1.00
     1044    704  1.00
     1044    753  1.00
     1044    864  3.00
     1044   1036  2.00
     1045    688  3.00
     1045    766  1.00
     1045    780  3.00
     1045    816  4.00
     1046    647  1.00
     1046    966  1.00
     1046    998  2.00
     1046   1043  2.00
     1047    656  4.00
     1047    735  5.00
     1047    754  5.00
     1047    777  3.00
     1047    871  5.00
     1047    925  4.00
     1047    938  5.00
     1047    948  3.00
     1047   1002  6.00