DL
N=426
FORMAT=EDGELIST1
DATA:
        1     17  2.00
        1     41  3.00
        1     42  2.00
        1    126  5.00
        1    142  2.00
        1    205  4.00
        2     39  2.00
        2    167  6.00
        2    235  6.00
        2    241  3.00
        2    254  2.00
        3     47  6.00
        3     77  4.00
        3     91  1.00
        3    156  1.00
        4     35  3.00
        4     72  1.00
        4    100  3.00
        4    103  3.00
        4    146  3.00
        4    185  4.00
        4    256  5.00
        4    264  1.00
        5     58  6.00
        6     80  3.00
        6     90  5.00
        6    204  5.00
        7     17  3.00
        7    113  1.00
        7    114  1.00
        7    205  1.00
        8     58  1.00
        8    127  1.00
        8    140  1.00
        8    199  1.00
        8    204  3.00
        9    103  3.00
        9    171  2.00
        9    176  1.00
        9    178  1.00
        9    186  1.00
        9    262  2.00
       10    156  1.00
       10    176  5.00
       10    196  1.00
       10    241  4.00
       12      9  1.00
       12     82  4.00
       12    103  6.00
       12    175  5.00
       12    178  3.00
       12    226  2.00
       12    233  6.00
       12    237  4.00
       13     41  2.00
       13    114  3.00
       13    117  2.00
       13    119  2.00
       13    173  2.00
       13    217  3.00
       13    236  1.00
       14    101  2.00
       14    199  2.00
       15     26  1.00
       15     43  1.00
       15    114  6.00
       15    137  1.00
       15    190  1.00
       15    236  1.00
       16     36  3.00
       16     63  2.00
       16     94  3.00
       16    104  2.00
       16    116  4.00
       16    119  4.00
       16    222  3.00
       16    236  1.00
       18    102  2.00
       18    239  4.00
       19     23  6.00
       19     60  1.00
       19    124  6.00
       19    151  1.00
       19    189  6.00
       19    241  3.00
       19    256  5.00
       20     31  3.00
       20     88  6.00
       20     90  5.00
       20    109  4.00
       20    154  2.00
       20    177  3.00
       20    179  1.00
       20    184  1.00
       20    246  1.00
       21      2  2.00
       21     18  1.00
       21     45  2.00
       21    167  2.00
       21    230  1.00
       21    250  3.00
       21    254  1.00
       22      9  2.00
       22     33  6.00
       22    171  1.00
       22    241  3.00
       22    259  1.00
       23     19  2.00
       23     22  1.00
       23     28  2.00
       23     97  2.00
       23    120  2.00
       23    134  6.00
       23    189  2.00
       23    203  1.00
       23    209  5.00
       24    163  6.00
       24    198  2.00
       24    200  2.00
       24    222  5.00
       25     21  2.00
       25     42  4.00
       25     70  2.00
       25    215  5.00
       26     10  2.00
       26     13  1.00
       26    119  1.00
       26    182  4.00
       26    222  3.00
       26    244  1.00
       27     26  4.00
       28     53  1.00
       28     61  6.00
       28     78  6.00
       28     97  2.00
       28    115  1.00
       28    176  1.00
       28    191  5.00
       28    197  1.00
       28    208  1.00
       30     31  2.00
       30     35  2.00
       30    132  1.00
       30    170  2.00
       31     20  2.00
       31     52  1.00
       31     75  1.00
       31    131  4.00
       31    132  4.00
       31    179  2.00
       31    202  1.00
       33      9  1.00
       33     22  6.00
       33     73  1.00
       33    139  1.00
       33    148  1.00
       33    162  1.00
       33    175  4.00
       33    262  2.00
       34     14  2.00
       34    101  2.00
       35     31  6.00
       35     75  4.00
       35    131  5.00
       35    169  6.00
       35    177  5.00
       35    235  4.00
       35    258  4.00
       36     26  4.00
       36    108  3.00
       36    144  4.00
       36    182  6.00
       36    267  5.00
       37     19  3.00
       37     60  3.00
       37     78  4.00
       37     85  4.00
       37    176  5.00
       37    208  1.00
       37    210  5.00
       38     74  2.00
       38    114  1.00
       38    124  4.00
       38    127  1.00
       38    151  6.00
       38    172  6.00
       38    189  6.00
       38    224  1.00
       38    252  2.00
       39     35  1.00
       39    120  3.00
       39    174  2.00
       39    180  5.00
       39    183  1.00
       39    195  5.00
       39    245  3.00
       40    206  2.00
       40    249  5.00
       41     13  2.00
       41     17  2.00
       41    126  3.00
       41    127  4.00
       41    148  2.00
       41    161  2.00
       41    192  2.00
       41    267  2.00
       42      1  1.00
       42     16  2.00
       42     17  1.00
       42     94  1.00
       42    205  3.00
       42    250  1.00
       43    103  2.00
       43    137  2.00
       43    180  1.00
       43    183  1.00
       43    185  3.00
       43    190  2.00
       44    238  2.00
       45     21  3.00
       45     71  1.00
       45    165  2.00
       45    210  3.00
       45    228  2.00
       45    229  1.00
       45    239  4.00
       45    264  3.00
       46    125  1.00
       47      3  6.00
       47     77  3.00
       47    104  2.00
       47    160  4.00
       47    214  3.00
       47    229  3.00
       48     64  4.00
       48     67  3.00
       48    238  1.00
       49     35  1.00
       49     56  1.00
       49     63  1.00
       49     71  1.00
       49     73  1.00
       49    102  4.00
       49    177  1.00
       49    193  1.00
       49    235  1.00
       50     25  3.00
       50     70  4.00
       50    103  1.00
       50    134  1.00
       50    173  3.00
       50    205  1.00
       50    215  4.00
       50    227  1.00
       51     99  5.00
       51    101  1.00
       51    131  3.00
       51    227  3.00
       53    129  2.00
       53    186  2.00
       56     19  1.00
       56     23  1.00
       56     73  6.00
       56    118  3.00
       56    156  1.00
       56    178  1.00
       56    197  1.00
       56    203  2.00
       56    237  2.00
       59     76  2.00
       60     19  5.00
       60     61  4.00
       60     71  4.00
       60     85  4.00
       60    115  1.00
       60    137  4.00
       60    176  6.00
       60    191  4.00
       61     22  1.00
       61     28  6.00
       61     78  6.00
       61    174  6.00
       61    176  6.00
       61    191  3.00
       61    197  3.00
       61    201  6.00
       61    204  2.00
       63     16  2.00
       63     66  2.00
       63     94  2.00
       63    114  2.00
       63    149  3.00
       63    214  5.00
       63    216  6.00
       63    229  3.00
       63    247  2.00
       63    252  2.00
       64     48  5.00
       64     67  6.00
       64     87  4.00
       64    238  4.00
       65     51  5.00
       65    114  2.00
       67     48  3.00
       67     64  4.00
       67    130  2.00
       67    238  2.00
       67    243  2.00
       67    257  2.00
       69     31  1.00
       69     49  1.00
       69    119  1.00
       69    206  2.00
       69    212  2.00
       70     25  2.00
       70     50  6.00
       70    173  2.00
       70    253  3.00
       71     45  2.00
       71    120  3.00
       71    142  3.00
       71    174  3.00
       71    180  2.00
       71    199  4.00
       71    210  3.00
       71    245  5.00
       73     56  6.00
       73    118  3.00
       73    129  3.00
       73    142  1.00
       73    175  1.00
       73    220  3.00
       73    237  6.00
       74     38  2.00
       74     72  1.00
       74    151  1.00
       74    161  1.00
       74    164  1.00
       74    189  3.00
       74    208  1.00
       74    210  2.00
       74    224  6.00
       75    260  2.00
       76     59  4.00
       76    133  2.00
       76    184  5.00
       76    267  5.00
       77     78  1.00
       77    141  6.00
       77    142  2.00
       77    189  1.00
       77    259  4.00
       78     28  4.00
       78     61  2.00
       78     97  2.00
       78    179  5.00
       78    227  2.00
       79     95  1.00
       79    153  1.00
       79    225  1.00
       80      6  4.00
       80    213  5.00
       80    263  1.00
       82     12  5.00
       84      4  3.00
       84     60  2.00
       84     85  4.00
       84    103  3.00
       84    143  6.00
       84    178  5.00
       84    183  3.00
       84    220  2.00
       85     19  1.00
       85     37  5.00
       85     60  1.00
       85     78  5.00
       85     84  1.00
       85     97  4.00
       85    124  1.00
       85    143  4.00
       85    189  2.00
       86    244  2.00
       87     42  1.00
       87     45  1.00
       87     62  6.00
       87     79  1.00
       87    230  1.00
       88     20  4.00
       88     90  3.00
       89     85  1.00
       89    203  1.00
       89    246  6.00
       89    259  1.00
       90     20  6.00
       90     24  1.00
       90     74  1.00
       90     88  5.00
       90     96  1.00
       90    198  1.00
       90    200  1.00
       90    210  3.00
       90    263  4.00
       92    143  5.00
       92    177  1.00
       92    184  3.00
       92    187  3.00
       92    239  2.00
       92    254  1.00
       93     59  1.00
       93     76  1.00
       93     88  1.00
       93     91  1.00
       93    103  1.00
       93    144  4.00
       93    236  6.00
       94     16  6.00
       94     63  2.00
       94    137  2.00
       94    161  1.00
       94    205  1.00
       94    210  3.00
       94    229  2.00
       95     32  1.00
       95     57  1.00
       95    100  1.00
       95    127  1.00
       96     24  1.00
       96    119  5.00
       96    198  2.00
       96    200  4.00
       96    210  1.00
       96    222  1.00
       97     37  5.00
       97     78  6.00
       97     85  5.00
       97    143  6.00
       97    178  4.00
       97    197  2.00
       97    210  2.00
       97    220  5.00
       98     16  1.00
       98    210  1.00
       98    243  1.00
       99     51  4.00
       99     72  1.00
       99    145  6.00
       99    166  1.00
       99    170  1.00
       99    204  1.00
       99    227  1.00
      100    135  4.00
      100    179  5.00
      100    206  2.00
      101     51  4.00
      101    131  4.00
      102     18  1.00
      102     49  4.00
      102    239  1.00
      102    253  1.00
      104     16  1.00
      104    116  1.00
      104    156  1.00
      104    161  1.00
      104    181  6.00
      104    217  1.00
      104    249  1.00
      105     57  1.00
      105     84  3.00
      105     92  4.00
      105    100  1.00
      105    135  6.00
      105    139  3.00
      105    187  5.00
      105    256  3.00
      105    262  3.00
      105    264  1.00
      106    129  4.00
      106    138  4.00
      106    142  2.00
      106    191  4.00
      106    196  3.00
      106    211  5.00
      106    241  5.00
      107    118  1.00
      107    225  5.00
      107    234  1.00
      107    266  1.00
      108     36  4.00
      108    110  5.00
      108    182  4.00
      111     26  1.00
      111     54  3.00
      111    119  1.00
      111    127  1.00
      111    208  1.00
      111    219  3.00
      112     60  1.00
      112     66  4.00
      112     71  1.00
      112     78  1.00
      112    195  1.00
      112    197  1.00
      112    245  1.00
      113     63  1.00
      113    127  4.00
      113    192  4.00
      113    201  3.00
      113    205  5.00
      113    219  5.00
      113    224  1.00
      113    252  4.00
      114      7  2.00
      114     15  6.00
      114     17  6.00
      116      3  1.00
      116     16  4.00
      116     26  2.00
      116    104  2.00
      116    119  1.00
      116    161  1.00
      116    181  3.00
      116    222  2.00
      117     13  2.00
      117     15  1.00
      118     73  3.00
      118    107  3.00
      118    191  4.00
      118    197  3.00
      118    210  4.00
      118    259  5.00
      119     16  4.00
      119     18  1.00
      119     96  5.00
      119    111  4.00
      119    122  1.00
      119    154  2.00
      120      2  3.00
      120     35  1.00
      120     39  3.00
      120    134  3.00
      120    153  4.00
      120    180  1.00
      120    235  4.00
      120    239  1.00
      121     30  1.00
      121    204  2.00
      121    263  1.00
      122     65  2.00
      122    100  1.00
      122    158  4.00
      123    109  5.00
      123    112  1.00
      123    113  2.00
      123    166  1.00
      123    227  3.00
      123    260  3.00
      124     19  3.00
      124     38  1.00
      124     85  2.00
      124    151  2.00
      124    164  2.00
      124    172  2.00
      124    189  2.00
      124    197  1.00
      125    126  1.00
      125    155  1.00
      126    103  1.00
      126    125  1.00
      126    148  1.00
      126    151  1.00
      126    185  3.00
      126    262  1.00
      126    264  1.00
      127     41  6.00
      127    113  5.00
      127    205  5.00
      127    217  6.00
      127    219  6.00
      128    122  3.00
      128    158  5.00
      128    167  3.00
      128    210  3.00
      129    106  4.00
      129    138  3.00
      129    191  2.00
      129    197  2.00
      129    241  1.00
      131     31  4.00
      131     35  3.00
      131    166  4.00
      131    202  3.00
      131    227  5.00
      132     31  6.00
      132     35  6.00
      132    166  6.00
      132    197  2.00
      132    227  5.00
      133      3  3.00
      133     36  1.00
      133     47  6.00
      133     59  3.00
      133    149  1.00
      133    160  6.00
      133    205  1.00
      133    214  3.00
      133    222  1.00
      134     23  6.00
      134    203  5.00
      134    209  5.00
      135     92  5.00
      135    100  3.00
      136      9  3.00
      136     47  3.00
      136     95  1.00
      136    230  3.00
      137     43  3.00
      137     60  4.00
      137    176  3.00
      137    190  6.00
      137    198  3.00
      137    200  2.00
      137    210  6.00
      137    241  2.00
      138    106  5.00
      138    129  2.00
      138    142  2.00
      138    175  5.00
      138    186  1.00
      138    243  3.00
      139     78  4.00
      139     97  2.00
      139    174  2.00
      139    178  4.00
      139    191  3.00
      139    197  2.00
      139    220  3.00
      139    233  1.00
      139    241  3.00
      140     48  6.00
      140    205  2.00
      140    216  3.00
      140    232  4.00
      141     77  5.00
      141     89  1.00
      141    103  1.00
      141    110  2.00
      141    142  4.00
      141    259  3.00
      143     12  2.00
      143     22  1.00
      143     78  4.00
      143     84  5.00
      143     97  5.00
      143    142  6.00
      143    210  1.00
      143    245  1.00
      144      3  5.00
      144     26  3.00
      144     58  4.00
      144     93  4.00
      144    142  2.00
      144    182  4.00
      144    222  3.00
      144    236  4.00
      145     99  6.00
      145    177  2.00
      145    193  3.00
      145    204  3.00
      145    206  2.00
      145    227  5.00
      145    258  5.00
      146      4  2.00
      146    256  5.00
      146    262  2.00
      147    223  5.00
      148      4  1.00
      148    126  4.00
      148    175  3.00
      148    178  1.00
      149     38  6.00
      149     63  6.00
      149    112  6.00
      149    160  6.00
      149    214  6.00
      149    216  6.00
      149    247  6.00
      150     11  1.00
      150     92  1.00
      150    145  1.00
      150    166  2.00
      151     38  5.00
      151    176  3.00
      151    196  4.00
      151    224  3.00
      153     92  3.00
      153     95  2.00
      153    135  1.00
      153    136  1.00
      154     13  2.00
      154     20  3.00
      154     41  1.00
      154    109  4.00
      154    119  3.00
      154    123  3.00
      154    168  3.00
      154    205  2.00
      155     41  1.00
      155    125  1.00
      155    127  1.00
      156     10  3.00
      156     12  1.00
      156     13  1.00
      156     75  2.00
      156    103  1.00
      156    119  1.00
      156    196  1.00
      156    210  1.00
      156    256  1.00
      157     24  1.00
      157     51  1.00
      157     68  1.00
      157    121  5.00
      158    122  3.00
      158    128  4.00
      159    257  1.00
      161     66  1.00
      161    104  1.00
      161    181  3.00
      161    185  1.00
      161    205  1.00
      161    210  1.00
      161    218  6.00
      161    252  2.00
      162     22  6.00
      162     36  1.00
      162     68  1.00
      162    112  1.00
      162    139  2.00
      162    148  1.00
      162    208  2.00
      162    262  6.00
      163     24  2.00
      163    198  2.00
      163    200  1.00
      166     88  1.00
      166    131  4.00
      166    132  5.00
      166    143  2.00
      167      2  5.00
      167    235  5.00
      167    241  5.00
      167    250  5.00
      167    254  4.00
      168     20  2.00
      168     26  2.00
      168     75  2.00
      168    113  2.00
      168    128  3.00
      168    154  4.00
      168    192  4.00
      168    219  6.00
      168    225  4.00
      169     30  1.00
      169     35  6.00
      169    177  6.00
      169    180  3.00
      169    193  1.00
      169    204  1.00
      170     30  2.00
      170     51  4.00
      170    213  1.00
      171      9  3.00
      171     61  4.00
      171    124  2.00
      171    176  4.00
      171    191  2.00
      171    197  2.00
      171    208  5.00
      172     38  5.00
      172     85  3.00
      172    124  5.00
      172    179  3.00
      172    189  6.00
      172    256  5.00
      173    100  2.00
      173    177  2.00
      173    227  5.00
      174      9  1.00
      174     61  5.00
      174    178  3.00
      174    215  3.00
      174    241  1.00
      175      9  2.00
      175     19  3.00
      175     33  2.00
      175     73  1.00
      175    139  2.00
      175    148  2.00
      175    178  2.00
      175    220  2.00
      175    233  5.00
      176     60  5.00
      176     61  3.00
      176    171  3.00
      176    191  2.00
      176    197  2.00
      176    226  5.00
      176    241  6.00
      177     31  6.00
      177     35  6.00
      177    100  2.00
      177    145  1.00
      177    169  6.00
      177    193  4.00
      178      9  3.00
      178     97  3.00
      178    139  6.00
      178    174  4.00
      178    189  4.00
      178    191  5.00
      178    196  5.00
      178    220  5.00
      178    241  5.00
      179     19  5.00
      179     73  3.00
      179     78  5.00
      179    152  4.00
      179    189  5.00
      179    227  5.00
      180     12  4.00
      180     39  6.00
      180    103  4.00
      180    183  3.00
      180    195  5.00
      180    230  1.00
      180    245  5.00
      180    251  3.00
      181     58  2.00
      181    104  6.00
      181    161  4.00
      181    219  2.00
      182     26  6.00
      182     36  6.00
      182    108  4.00
      182    144  4.00
      182    232  2.00
      182    248  4.00
      183     20  3.00
      183     33  3.00
      183     77  2.00
      183    178  2.00
      183    180  5.00
      183    185  4.00
      183    187  2.00
      183    262  3.00
      183    264  2.00
      184     35  1.00
      184     68  5.00
      184     76  4.00
      184    115  2.00
      184    145  1.00
      184    169  1.00
      184    193  2.00
      184    235  3.00
      185      4  2.00
      185     39  3.00
      185     43  3.00
      185    180  2.00
      185    183  2.00
      185    256  3.00
      186     53  2.00
      186    106  1.00
      186    138  2.00
      186    211  2.00
      186    241  1.00
      187     32  2.00
      187     92  4.00
      187    135  5.00
      187    183  2.00
      187    224  2.00
      189     19  5.00
      189     23  3.00
      189    103  3.00
      189    124  5.00
      189    179  3.00
      189    218  4.00
      189    227  5.00
      190     37  1.00
      190     43  2.00
      190     82  1.00
      190    103  2.00
      190    137  4.00
      190    186  1.00
      190    205  1.00
      190    210  1.00
      190    239  1.00
      191     28  5.00
      191     78  2.00
      191    106  5.00
      191    139  5.00
      191    178  3.00
      191    197  6.00
      191    209  2.00
      191    220  2.00
      192    168  1.00
      192    219  5.00
      193     35  2.00
      193    109  2.00
      193    115  5.00
      193    139  3.00
      193    145  3.00
      193    169  2.00
      193    177  3.00
      193    184  3.00
      193    260  6.00
      194      6  6.00
      195     12  3.00
      195     39  4.00
      195    180  3.00
      195    189  2.00
      195    228  1.00
      195    245  5.00
      195    251  1.00
      196     19  5.00
      196    151  5.00
      196    178  3.00
      196    241  4.00
      197     28  1.00
      197     61  1.00
      197    132  1.00
      197    176  1.00
      197    191  5.00
      197    208  1.00
      197    210  1.00
      198     24  2.00
      198     96  6.00
      198    163  3.00
      198    200  5.00
      198    210  6.00
      198    222  6.00
      199     71  1.00
      199    102  1.00
      199    216  1.00
      199    251  1.00
      202     57  4.00
      202     86  4.00
      202    244  6.00
      203    134  4.00
      203    142  2.00
      203    197  1.00
      203    241  2.00
      204     61  5.00
      204    131  6.00
      204    145  4.00
      204    169  2.00
      204    227  6.00
      205      1  2.00
      205     13  1.00
      205    113  6.00
      205    127  3.00
      205    161  1.00
      205    172  1.00
      205    208  2.00
      205    210  4.00
      205    219  3.00
      206     77  5.00
      206     89  4.00
      206    100  3.00
      206    141  4.00
      206    246  6.00
      206    259  4.00
      208     97  1.00
      208    171  4.00
      208    176  1.00
      208    241  3.00
      208    249  1.00
      209     23  6.00
      209     78  2.00
      209    134  3.00
      209    139  3.00
      209    142  3.00
      209    191  1.00
      209    226  1.00
      210     71  3.00
      210    137  6.00
      210    198  6.00
      210    205  2.00
      210    209  2.00
      210    230  4.00
      210    239  4.00
      210    241  4.00
      211    106  3.00
      211    138  5.00
      211    142  4.00
      211    186  4.00
      211    241  3.00
      212    222  2.00
      212    255  2.00
      213     30  5.00
      213     80  6.00
      213     99  5.00
      214     16  2.00
      214     47  5.00
      214     63  4.00
      214    104  2.00
      214    149  5.00
      214    160  5.00
      214    247  4.00
      215     21  2.00
      215     25  5.00
      215     39  4.00
      215     49  1.00
      215    174  3.00
      215    180  1.00
      215    230  1.00
      215    254  1.00
      216     63  6.00
      216     94  2.00
      216    140  3.00
      216    149  3.00
      216    212  2.00
      217     13  5.00
      217     15  3.00
      217     47  4.00
      217    160  6.00
      217    161  3.00
      217    214  3.00
      217    243  4.00
      218     28  1.00
      218     38  2.00
      218    115  1.00
      218    161  4.00
      218    189  4.00
      218    242  6.00
      219    113  3.00
      219    192  5.00
      220    139  4.00
      220    178  6.00
      220    189  4.00
      220    191  3.00
      223     58  2.00
      223    147  2.00
      224     10  4.00
      224     66  2.00
      224     74  6.00
      224     97  3.00
      224    151  6.00
      224    176  4.00
      224    189  2.00
      224    208  1.00
      224    210  2.00
      226     60  1.00
      226    176  5.00
      226    198  1.00
      226    200  1.00
      227     78  4.00
      227    131  6.00
      227    173  6.00
      227    177  5.00
      227    179  5.00
      227    204  4.00
      227    253  3.00
      227    258  6.00
      228     18  1.00
      228     45  1.00
      228    165  2.00
      228    174  1.00
      228    195  1.00
      228    239  1.00
      228    245  1.00
      229     16  2.00
      229     47  3.00
      229     63  2.00
      229     94  2.00
      229    214  2.00
      230     21  4.00
      230     39  3.00
      230     45  2.00
      230     71  4.00
      230    167  5.00
      230    180  6.00
      230    228  3.00
      230    239  6.00
      231      4  3.00
      231     75  3.00
      231    154  3.00
      231    187  3.00
      231    192  3.00
      231    246  5.00
      231    258  3.00
      231    264  2.00
      234     40  2.00
      234     49  4.00
      234    100  1.00
      234    102  2.00
      234    107  2.00
      234    126  1.00
      234    195  1.00
      235      2  6.00
      235    118  2.00
      235    167  6.00
      235    177  2.00
      235    180  2.00
      235    184  4.00
      235    193  2.00
      235    241  4.00
      235    254  3.00
      236     38  2.00
      236     93  6.00
      236    144  2.00
      237     12  1.00
      237     73  6.00
      237     78  2.00
      238     11  5.00
      238     48  1.00
      238     64  1.00
      238     67  2.00
      239     18  5.00
      239     92  1.00
      239    102  2.00
      239    180  1.00
      239    190  3.00
      239    210  5.00
      239    229  1.00
      239    230  5.00
      239    235  3.00
      239    254  3.00
      240      3  5.00
      240      5  1.00
      240    104  2.00
      240    144  2.00
      240    156  1.00
      240    181  4.00
      240    225  2.00
      241     19  3.00
      241     91  1.00
      241    208  3.00
      241    210  5.00
      241    235  5.00
      242     19  2.00
      242     23  2.00
      242     78  1.00
      242     90  3.00
      242    161  1.00
      242    164  2.00
      242    189  3.00
      242    218  5.00
      242    252  1.00
      243     65  2.00
      243     67  2.00
      243    140  2.00
      243    216  3.00
      244     86  2.00
      245     39  3.00
      245    174  3.00
      245    180  3.00
      245    186  4.00
      245    195  4.00
      245    251  1.00
      246     77  3.00
      246     89  6.00
      246    118  2.00
      246    141  3.00
      246    206  5.00
      246    259  2.00
      247     38  2.00
      247     63  2.00
      247     93  4.00
      247    108  1.00
      247    114  1.00
      247    214  2.00
      247    236  3.00
      247    248  5.00
      248     26  1.00
      248     36  3.00
      248     47  2.00
      248     94  2.00
      248    113  1.00
      248    160  2.00
      248    182  4.00
      249     40  6.00
      249    141  1.00
      249    191  1.00
      249    208  1.00
      250      2  3.00
      250     18  1.00
      250     21  4.00
      250    102  1.00
      250    167  5.00
      250    235  3.00
      251     71  1.00
      251     78  5.00
      251     97  2.00
      251    196  2.00
      251    206  1.00
      251    233  4.00
      252     38  2.00
      252     63  5.00
      252     66  3.00
      252     71  3.00
      252    113  5.00
      252    114  1.00
      252    119  2.00
      252    147  3.00
      252    186  2.00
      252    226  3.00
      253      2  2.00
      253     35  2.00
      253     70  2.00
      253    173  4.00
      253    174  3.00
      253    177  2.00
      253    180  3.00
      253    183  2.00
      253    215  4.00
      253    227  3.00
      254     49  1.00
      254    210  3.00
      254    230  5.00
      254    239  4.00
      255     25  2.00
      255    100  2.00
      255    165  2.00
      255    173  2.00
      255    212  2.00
      255    215  2.00
      255    230  2.00
      256      9  2.00
      256     19  4.00
      256     33  1.00
      256    146  5.00
      256    172  3.00
      256    196  3.00
      256    241  1.00
      256    262  4.00
      257     67  2.00
      257    159  2.00
      257    222  2.00
      258     35  2.00
      258    115  5.00
      258    131  2.00
      258    145  6.00
      258    169  1.00
      258    227  6.00
      258    235  4.00
      258    259  6.00
      258    260  1.00
      259    110  4.00
      259    134  4.00
      259    143  5.00
      259    227  3.00
      260     31  6.00
      260     35  4.00
      260     75  5.00
      260    109  6.00
      260    123  3.00
      260    193  6.00
      261      8  1.00
      261    102  1.00
      261    182  2.00
      261    215  1.00
      261    239  1.00
      262      9  2.00
      262     22  4.00
      262     33  5.00
      262    162  3.00
      262    183  3.00
      262    241  3.00
      263     23  2.00
      263     90  2.00
      263    121  2.00
      264    126  4.00
      266    107  2.00
      266    119  2.00
      266    156  2.00
      266    162  1.00
      266    168  1.00
      266    225  2.00
      266    262  1.00
      267     26  2.00
      267     77  2.00
      267    107  3.00
      267    222  2.00
      267    253  4.00
      268      6  2.00
      268     28  2.00
      268     57  3.00
      268    131  2.00
      268    145  4.00
      268    264  2.00
      269     16  1.00
      269    210  1.00
      269    330  2.00
      269    338  1.00
      269    351  3.00
      269    375  2.00
      269    390  2.00
      270    300  1.00
      270    324  2.00
      270    379  3.00
      270    403  6.00
      270    411  2.00
      270    425  4.00
      272    307  6.00
      272    353  2.00
      272    371  1.00
      272    393  2.00
      272    397  3.00
      272    411  2.00
      272    418  4.00
      272    425  3.00
      273    338  2.00
      273    339  1.00
      273    353  1.00
      273    396  2.00
      273    397  4.00
      273    403  3.00
      274    296  3.00
      274    347  4.00
      274    372  1.00
      274    407  2.00
      274    426  2.00
      276    303  2.00
      276    334  1.00
      278    165  1.00
      278    332  3.00
      278    379  6.00
      278    386  1.00
      278    388  1.00
      278    403  1.00
      278    411  1.00
      280    273  1.00
      280    275  1.00
      280    350  3.00
      280    355  1.00
      280    407  3.00
      281      3  1.00
      281    289  2.00
      281    290  1.00
      281    307  1.00
      281    340  1.00
      281    370  1.00
      281    409  1.00
      281    422  1.00
      283    279  1.00
      283    303  2.00
      283    388  1.00
      283    396  1.00
      283    403  1.00
      283    419  5.00
      283    425  2.00
      284    281  1.00
      284    338  1.00
      284    341  1.00
      284    370  1.00
      284    402  5.00
      284    407  1.00
      284    420  1.00
      286     20  5.00
      286    290  6.00
      286    317  2.00
      286    342  1.00
      286    412  2.00
      287    314  1.00
      287    338  2.00
      287    347  4.00
      287    371  2.00
      288    297  1.00
      288    402  2.00
      288    408  2.00
      289    281  3.00
      289    305  6.00
      289    311  2.00
      289    394  3.00
      289    406  6.00
      289    409  6.00
      289    422  2.00
      290    281  2.00
      290    286  6.00
      290    317  2.00
      290    341  3.00
      290    342  2.00
      290    388  1.00
      290    412  2.00
      291    279  1.00
      291    292  2.00
      291    376  2.00
      291    378  2.00
      292    279  1.00
      292    291  1.00
      292    354  1.00
      292    365  5.00
      292    390  1.00
      292    395  1.00
      293    277  1.00
      293    283  1.00
      293    328  1.00
      293    338  1.00
      293    384  3.00
      293    419  1.00
      294    277  4.00
      294    352  1.00
      294    373  5.00
      294    389  1.00
      295    346  2.00
      295    353  2.00
      295    393  2.00
      295    418  1.00
      296    281  2.00
      296    346  2.00
      296    361  1.00
      296    390  2.00
      296    426  1.00
      297    341  1.00
      297    394  1.00
      297    409  1.00
      298    283  2.00
      298    303  2.00
      298    330  1.00
      298    384  2.00
      298    388  1.00
      299     35  1.00
      299    169  1.00
      299    366  2.00
      299    367  3.00
      299    403  5.00
      301    277  4.00
      301    328  5.00
      301    332  1.00
      301    405  2.00
      301    409  1.00
      303    283  4.00
      303    326  5.00
      303    340  3.00
      303    384  4.00
      303    419  5.00
      303    425  2.00
      304    270  3.00
      304    317  4.00
      304    411  3.00
      304    418  3.00
      305    297  5.00
      305    318  2.00
      305    328  1.00
      305    340  3.00
      305    409  4.00
      306    272  1.00
      306    339  2.00
      306    388  5.00
      306    411  5.00
      306    418  3.00
      306    425  4.00
      307    272  4.00
      308     68  3.00
      308    184  2.00
      309    269  1.00
      309    316  4.00
      309    318  1.00
      309    321  1.00
      309    329  1.00
      310    272  2.00
      310    273  1.00
      310    284  2.00
      310    316  2.00
      310    341  1.00
      310    384  1.00
      310    390  2.00
      310    422  1.00
      311    303  1.00
      311    330  3.00
      311    340  4.00
      311    384  3.00
      311    390  1.00
      311    393  2.00
      312    347  4.00
      312    353  5.00
      312    425  5.00
      313     20  6.00
      313     31  5.00
      313     35  4.00
      313    154  4.00
      313    169  5.00
      313    264  2.00
      313    389  3.00
      314    273  1.00
      314    287  1.00
      314    347  3.00
      315    286  4.00
      315    290  6.00
      315    390  4.00
      316    143  1.00
      316    309  6.00
      316    310  1.00
      316    318  1.00
      316    329  1.00
      317    277  2.00
      317    304  2.00
      317    306  2.00
      317    396  2.00
      317    418  2.00
      318    305  2.00
      318    309  3.00
      318    321  4.00
      318    329  1.00
      319    270  1.00
      319    304  1.00
      319    322  1.00
      319    337  1.00
      319    339  1.00
      319    373  1.00
      320    303  1.00
      320    308  1.00
      320    363  1.00
      320    364  4.00
      320    394  1.00
      320    409  1.00
      320    422  3.00
      321    309  3.00
      321    318  5.00
      321    329  2.00
      321    334  2.00
      322    323  1.00
      322    375  1.00
      322    399  2.00
      322    410  1.00
      322    423  1.00
      323    341  2.00
      323    388  1.00
      323    398  3.00
      323    417  2.00
      324    270  4.00
      324    367  2.00
      324    373  1.00
      324    388  2.00
      324    403  5.00
      326    231  4.00
      326    272  1.00
      326    279  2.00
      326    307  3.00
      327    269  1.00
      327    277  2.00
      327    313  1.00
      327    328  2.00
      327    352  1.00
      327    396  2.00
      327    421  2.00
      328    204  5.00
      328    293  1.00
      328    299  2.00
      328    301  4.00
      328    327  3.00
      328    348  1.00
      328    362  2.00
      328    404  2.00
      329    309  1.00
      329    311  1.00
      329    318  1.00
      329    321  1.00
      329    369  1.00
      330    280  1.00
      330    384  4.00
      330    397  2.00
      330    425  1.00
      332    269  3.00
      332    278  2.00
      333    297  1.00
      333    409  2.00
      334    328  4.00
      335    368  3.00
      336     48  5.00
      337    319  5.00
      337    356  4.00
      337    357  5.00
      338    277  1.00
      338    340  3.00
      338    345  2.00
      338    353  3.00
      338    393  2.00
      338    419  4.00
      338    425  6.00
      340    279  2.00
      340    303  1.00
      340    338  2.00
      340    353  3.00
      340    422  1.00
      340    425  3.00
      341    290  3.00
      341    406  2.00
      342    286  2.00
      342    290  2.00
      342    315  2.00
      343    281  1.00
      343    358  1.00
      343    370  1.00
      343    384  1.00
      343    387  2.00
      343    408  1.00
      344     48  6.00
      344     67  4.00
      344    130  3.00
      344    140  4.00
      344    243  5.00
      345    326  6.00
      345    339  2.00
      345    371  2.00
      345    393  2.00
      345    394  3.00
      345    396  1.00
      345    407  6.00
      348    277  5.00
      348    293  5.00
      348    313  3.00
      350    280  5.00
      350    390  3.00
      351    273  5.00
      351    287  3.00
      351    347  1.00
      351    371  4.00
      351    419  2.00
      352    362  2.00
      352    394  2.00
      352    404  2.00
      353    273  3.00
      353    295  1.00
      353    303  1.00
      353    312  5.00
      353    338  2.00
      353    339  5.00
      353    340  3.00
      353    397  6.00
      353    418  2.00
      353    419  1.00
      354    285  2.00
      354    292  2.00
      354    308  2.00
      354    365  2.00
      354    376  1.00
      354    417  2.00
      355    275  1.00
      355    280  1.00
      355    330  1.00
      355    351  1.00
      355    361  1.00
      355    390  1.00
      355    397  1.00
      355    406  1.00
      355    420  3.00
      356    304  4.00
      356    306  4.00
      356    362  3.00
      356    418  2.00
      357    392  5.00
      358    285  4.00
      359    269  2.00
      359    309  1.00
      359    315  1.00
      359    337  1.00
      359    375  1.00
      359    407  4.00
      359    413  2.00
      360    389  4.00
      361    341  1.00
      361    355  1.00
      361    363  1.00
      361    372  1.00
      361    394  1.00
      361    420  2.00
      362    180  2.00
      362    279  2.00
      362    313  2.00
      362    328  2.00
      362    360  2.00
      362    389  3.00
      362    396  2.00
      363    308  5.00
      363    320  1.00
      363    384  1.00
      363    422  1.00
      364    320  6.00
      365    308  1.00
      366     35  1.00
      366    180  2.00
      366    277  3.00
      366    299  2.00
      366    328  3.00
      366    360  3.00
      366    379  3.00
      366    389  3.00
      367    299  3.00
      367    324  3.00
      367    360  3.00
      367    366  1.00
      367    379  6.00
      367    389  3.00
      367    396  1.00
      368      8  3.00
      368     48  5.00
      368    335  6.00
      368    392  4.00
      369    296  2.00
      369    347  2.00
      369    372  2.00
      369    381  2.00
      369    394  2.00
      370    281  1.00
      370    303  1.00
      370    320  1.00
      370    346  2.00
      370    353  1.00
      370    384  1.00
      370    419  2.00
      370    425  1.00
      371    272  1.00
      371    273  5.00
      371    287  5.00
      371    345  2.00
      371    351  5.00
      371    353  1.00
      371    393  1.00
      371    419  2.00
      375    269  1.00
      375    322  1.00
      375    399  2.00
      375    423  1.00
      376    285  1.00
      376    291  1.00
      376    308  1.00
      376    320  1.00
      376    395  1.00
      376    401  1.00
      376    410  1.00
      377    277  3.00
      377    283  2.00
      377    299  1.00
      377    324  1.00
      377    360  4.00
      377    385  4.00
      377    386  4.00
      377    388  5.00
      377    389  4.00
      377    397  4.00
      378    291  4.00
      378    318  5.00
      378    365  4.00
      378    422  3.00
      379    270  1.00
      379    299  2.00
      379    367  6.00
      379    386  3.00
      379    389  1.00
      379    396  2.00
      379    411  1.00
      380    341  1.00
      380    400  2.00
      381    277  1.00
      381    351  1.00
      381    421  1.00
      383     64  6.00
      383    284  1.00
      383    327  1.00
      383    335  6.00
      383    341  1.00
      383    357  1.00
      384    279  1.00
      384    293  3.00
      384    303  5.00
      384    326  2.00
      384    338  5.00
      384    340  4.00
      384    419  2.00
      385    277  5.00
      385    283  3.00
      385    338  2.00
      385    377  3.00
      385    388  3.00
      385    418  3.00
      385    419  3.00
      386    277  2.00
      386    299  1.00
      386    338  1.00
      386    377  2.00
      386    385  2.00
      386    388  2.00
      386    389  1.00
      387     13  3.00
      387    272  3.00
      387    283  1.00
      387    303  1.00
      387    353  3.00
      387    384  1.00
      387    390  2.00
      387    393  2.00
      387    425  3.00
      388    283  1.00
      388    324  1.00
      388    377  4.00
      388    385  3.00
      388    386  4.00
      388    403  1.00
      389    169  3.00
      389    180  3.00
      389    193  5.00
      389    251  4.00
      389    313  2.00
      389    366  3.00
      390    272  3.00
      390    393  3.00
      390    397  3.00
      390    403  1.00
      390    418  2.00
      390    425  3.00
      391    291  1.00
      393    150  5.00
      393    272  2.00
      393    287  1.00
      393    338  2.00
      393    345  2.00
      393    371  1.00
      394    279  2.00
      394    289  2.00
      394    320  2.00
      394    326  5.00
      394    364  1.00
      394    409  4.00
      394    413  2.00
      394    422  1.00
      395     34  1.00
      395     35  1.00
      395    184  6.00
      395    308  6.00
      395    376  1.00
      395    408  1.00
      395    410  1.00
      397    270  2.00
      397    272  4.00
      397    307  3.00
      397    353  5.00
      397    377  4.00
      397    403  1.00
      397    411  3.00
      397    425  5.00
      398    281  1.00
      398    388  2.00
      398    417  2.00
      399    290  3.00
      399    322  3.00
      399    337  4.00
      399    359  3.00
      399    375  3.00
      399    383  3.00
      400    279  2.00
      400    340  1.00
      400    364  1.00
      400    394  1.00
      400    404  3.00
      401     58  1.00
      401    308  1.00
      401    376  1.00
      401    395  1.00
      401    410  1.00
      403    270  3.00
      403    299  4.00
      403    324  6.00
      403    396  1.00
      404     77  4.00
      404     78  4.00
      404    141  6.00
      404    249  5.00
      404    259  3.00
      404    279  3.00
      404    339  2.00
      405    418  1.00
      405    420  6.00
      406    392  2.00
      406    409  6.00
      407    274  2.00
      407    287  3.00
      407    304  4.00
      407    388  2.00
      407    413  6.00
      407    420  3.00
      408    288  2.00
      408    313  1.00
      408    395  1.00
      408    422  1.00
      409    289  6.00
      409    305  3.00
      409    320  4.00
      409    364  2.00
      409    394  6.00
      409    422  3.00
      411    270  1.00
      411    272  1.00
      411    277  1.00
      411    306  3.00
      411    397  2.00
      411    418  5.00
      412     75  2.00
      412    134  2.00
      412    290  2.00
      412    299  2.00
      412    313  2.00
      412    362  2.00
      413    280  2.00
      413    407  6.00
      414    277  5.00
      414    304  1.00
      414    339  2.00
      414    366  1.00
      414    379  2.00
      414    396  2.00
      414    404  1.00
      415    274  1.00
      415    285  1.00
      415    292  1.00
      415    354  1.00
      415    380  1.00
      416    373  4.00
      417    341  4.00
      417    398  5.00
      418    272  3.00
      418    273  2.00
      418    300  1.00
      418    306  3.00
      418    390  3.00
      418    396  1.00
      418    411  5.00
      419    283  3.00
      419    287  1.00
      419    303  3.00
      419    312  1.00
      419    338  3.00
      419    353  1.00
      419    384  2.00
      419    397  1.00
      420     67  3.00
      420    272  1.00
      420    355  5.00
      420    361  2.00
      420    393  2.00
      420    405  5.00
      420    407  1.00
      420    426  1.00
      421    277  3.00
      421    422  4.00
      422    303  1.00
      422    308  1.00
      422    320  1.00
      422    340  1.00
      422    363  1.00
      422    384  1.00
      422    394  1.00
      422    409  2.00
      423    291  1.00
      423    375  1.00
      423    378  1.00
      424    287  1.00
      424    303  1.00
      424    312  3.00
      424    353  1.00
      424    374  3.00
      424    384  1.00
      424    397  1.00
      424    419  1.00
      424    425  1.00
      425    270  2.00
      425    303  2.00
      425    307  5.00
      425    312  5.00
      425    353  5.00
      425    360  1.00
      425    384  1.00
      426    274  1.00
      426    338  1.00
      426    420  1.00