DL
N=679
FORMAT=EDGELIST1
DATA:
        1     46  3.00
        1    440  1.00
        1    446  4.00
        1    619  3.00
        2     42  2.00
        2     52  2.00
        2     66  3.00
        2     85  3.00
        2    313  2.00
        2    327  3.00
        2    356  3.00
        2    382  2.00
        2    587  5.00
        3    170  2.00
        3    174  2.00
        3    210  5.00
        3    262  6.00
        3    346  2.00
        3    509  2.00
        4     13  4.00
        4     62  6.00
        4    103  2.00
        4    296  5.00
        4    307  2.00
        4    390  1.00
        4    391  1.00
        4    403  2.00
        4    615  2.00
        4    616  6.00
        5    102  4.00
        5    154  1.00
        5    236  1.00
        5    297  1.00
        5    321  1.00
        5    375  3.00
        5    435  1.00
        5    559  1.00
        5    572  3.00
        5    585  3.00
        6     32  5.00
        6     37  5.00
        7     20  2.00
        7     81  6.00
        7    172  3.00
        7    225  4.00
        7    260  1.00
        7    468  2.00
        7    546  2.00
        7    582  3.00
        7    617  2.00
        8     18  1.00
        8    231  1.00
        8    309  5.00
        8    313  4.00
        8    331  1.00
        8    388  1.00
        8    498  5.00
        9     44  5.00
        9    200  4.00
       10    168  6.00
       10    229  4.00
       10    246  6.00
       10    322  4.00
       10    338  5.00
       10    390  2.00
       10    391  3.00
       10    564  5.00
       10    615  4.00
       10    616  6.00
       11     23  6.00
       11    199  6.00
       11    314  6.00
       12    119  1.00
       12    131  3.00
       12    214  3.00
       12    376  3.00
       12    556  2.00
       13     18  3.00
       13     62  6.00
       13    487  2.00
       13    544  1.00
       14     83  3.00
       14    101  3.00
       14    171  5.00
       14    172  2.00
       14    357  4.00
       14    404  3.00
       14    488  3.00
       14    521  3.00
       14    524  2.00
       15    409  5.00
       15    581  3.00
       16    444  4.00
       17    203  5.00
       17    331  6.00
       17    360  6.00
       17    442  2.00
       17    520  2.00
       18     13  4.00
       18    181  1.00
       18    190  2.00
       18    206  1.00
       18    210  3.00
       18    240  1.00
       18    316  6.00
       18    452  3.00
       18    479  3.00
       18    516  3.00
       19     32  1.00
       19    129  1.00
       19    143  5.00
       19    215  4.00
       19    441  5.00
       19    477  1.00
       19    491  1.00
       19    556  5.00
       19    573  4.00
       20     81  2.00
       20    227  4.00
       20    405  2.00
       20    555  2.00
       20    627  3.00
       21     35  1.00
       21    264  1.00
       21    373  3.00
       21    465  1.00
       21    591  3.00
       22     17  1.00
       22     24  3.00
       22     88  1.00
       22    132  2.00
       22    331  4.00
       22    361  6.00
       22    520  1.00
       23     11  5.00
       23    199  6.00
       23    406  5.00
       25    110  2.00
       25    134  1.00
       26     40  2.00
       26     85  2.00
       26     89  5.00
       26     90  2.00
       26    153  1.00
       26    204  3.00
       26    281  5.00
       26    459  2.00
       26    574  2.00
       27     22  6.00
       27    127  5.00
       27    175  3.00
       27    255  4.00
       27    302  4.00
       27    361  3.00
       27    486  2.00
       28     68  5.00
       28     88  1.00
       28    132  4.00
       28    312  3.00
       28    405  5.00
       28    436  5.00
       28    464  1.00
       28    520  1.00
       28    522  1.00
       29    130  3.00
       29    204  2.00
       29    236  3.00
       29    248  6.00
       29    280  1.00
       29    336  5.00
       29    367  2.00
       29    450  2.00
       29    523  1.00
       31    137  4.00
       31    234  5.00
       31    362  6.00
       31    579  3.00
       31    584  3.00
       32      6  6.00
       32    121  3.00
       32    602  5.00
       33    168  5.00
       33    229  4.00
       33    316  3.00
       33    322  6.00
       33    338  5.00
       33    348  5.00
       33    410  3.00
       33    564  6.00
       33    615  3.00
       35     87  1.00
       35    204  3.00
       35    218  5.00
       35    248  3.00
       35    483  6.00
       35    495  5.00
       35    546  3.00
       36    204  1.00
       36    432  5.00
       36    589  5.00
       37      6  6.00
       37     32  6.00
       37    616  5.00
       38     42  1.00
       38    492  1.00
       38    503  1.00
       39    129  2.00
       39    162  1.00
       39    326  4.00
       39    471  2.00
       39    488  4.00
       39    527  2.00
       39    535  2.00
       39    566  6.00
       40     36  4.00
       40     85  3.00
       40    281  3.00
       40    427  4.00
       40    459  3.00
       40    570  2.00
       40    574  5.00
       40    611  5.00
       41     14  2.00
       41     19  2.00
       41    102  4.00
       41    171  2.00
       41    311  3.00
       41    347  4.00
       41    357  3.00
       41    409  3.00
       41    473  5.00
       41    581  6.00
       43     67  6.00
       43    210  4.00
       43    240  2.00
       43    273  2.00
       43    320  5.00
       43    365  3.00
       43    421  3.00
       43    534  6.00
       43    554  4.00
       44     94  4.00
       44    200  3.00
       44    289  4.00
       44    323  2.00
       44    340  2.00
       44    372  2.00
       44    457  6.00
       44    478  3.00
       44    590  2.00
       45    387  2.00
       45    426  1.00
       45    542  2.00
       46    108  3.00
       46    121  3.00
       46    161  6.00
       46    619  6.00
       48    400  2.00
       49    291  1.00
       49    357  1.00
       49    566  1.00
       50     24  3.00
       50     62  3.00
       50    331  3.00
       50    384  6.00
       50    436  3.00
       50    466  3.00
       51    119  2.00
       51    526  6.00
       51    548  3.00
       52      2  6.00
       52    587  6.00
       53     33  5.00
       53    142  6.00
       53    155  6.00
       53    201  4.00
       53    300  6.00
       53    318  4.00
       53    327  4.00
       53    479  4.00
       53    498  6.00
       53    516  5.00
       55    155  4.00
       55    246  1.00
       55    267  5.00
       55    296  1.00
       55    299  6.00
       55    301  1.00
       55    390  4.00
       55    439  5.00
       55    559  4.00
       56     86  2.00
       56    146  3.00
       56    187  1.00
       56    208  1.00
       56    366  2.00
       56    462  1.00
       56    486  3.00
       56    518  1.00
       56    566  1.00
       57     65  2.00
       57    359  5.00
       57    393  5.00
       57    541  4.00
       57    586  4.00
       58      2  5.00
       58    449  3.00
       59    112  5.00
       60    315  3.00
       61    187  3.00
       61    462  1.00
       62      4  6.00
       62     13  6.00
       63     16  3.00
       63    105  4.00
       63    291  6.00
       63    317  5.00
       64    139  6.00
       64    306  4.00
       64    414  4.00
       64    474  3.00
       64    546  2.00
       64    556  4.00
       65     57  3.00
       65    135  3.00
       65    146  4.00
       65    193  2.00
       65    194  5.00
       65    323  5.00
       65    473  2.00
       65    478  2.00
       65    482  4.00
       66      2  5.00
       66     52  3.00
       66     58  5.00
       66    136  3.00
       66    356  3.00
       66    587  6.00
       66    623  5.00
       67     43  6.00
       67    320  3.00
       67    365  3.00
       67    463  3.00
       67    534  6.00
       67    537  4.00
       67    554  2.00
       67    567  3.00
       67    570  2.00
       68     28  6.00
       68    122  1.00
       68    287  6.00
       68    365  5.00
       68    436  2.00
       68    463  5.00
       68    464  3.00
       68    522  5.00
       69     71  4.00
       69    163  4.00
       69    218  3.00
       69    263  4.00
       69    332  4.00
       69    418  3.00
       69    625  4.00
       71     59  5.00
       71    112  6.00
       71    152  6.00
       71    223  2.00
       71    242  4.00
       71    465  6.00
       71    602  3.00
       72     52  4.00
       72    165  3.00
       72    187  6.00
       72    367  3.00
       72    390  2.00
       72    459  3.00
       72    587  4.00
       72    598  2.00
       73    166  3.00
       73    213  1.00
       73    274  3.00
       73    396  4.00
       73    471  1.00
       74     28  1.00
       74     68  1.00
       74    167  1.00
       74    248  1.00
       74    273  1.00
       74    421  1.00
       74    437  1.00
       74    593  1.00
       75     67  2.00
       75    294  2.00
       75    389  3.00
       75    557  3.00
       76     52  2.00
       76    198  1.00
       76    587  2.00
       77    168  5.00
       77    267  1.00
       77    390  3.00
       77    407  3.00
       77    564  3.00
       77    568  4.00
       77    616  3.00
       78    181  1.00
       78    298  1.00
       78    425  1.00
       78    665  2.00
       78    668  3.00
       79     95  1.00
       79    339  2.00
       79    553  3.00
       81      7  6.00
       81     20  4.00
       81    172  1.00
       81    218  4.00
       81    225  2.00
       81    525  6.00
       82     91  1.00
       82     93  2.00
       82    179  1.00
       82    184  2.00
       82    216  2.00
       82    347  1.00
       82    485  2.00
       83     14  2.00
       83    184  4.00
       83    191  1.00
       83    488  1.00
       83    524  1.00
       83    538  1.00
       83    607  2.00
       84     20  1.00
       84    105  5.00
       84    240  1.00
       84    246  2.00
       84    307  1.00
       84    327  6.00
       84    403  1.00
       84    519  1.00
       84    599  6.00
       84    621  1.00
       85      2  3.00
       85     26  3.00
       85     27  1.00
       85    181  1.00
       85    327  2.00
       85    407  3.00
       85    554  2.00
       85    587  1.00
       86     94  3.00
       86    292  4.00
       86    404  2.00
       86    478  6.00
       87    408  3.00
       87    431  5.00
       87    502  4.00
       88     22  1.00
       88     24  1.00
       88    132  1.00
       88    240  4.00
       88    443  1.00
       88    463  1.00
       88    464  1.00
       88    520  6.00
       89     26  5.00
       89     85  4.00
       89    153  5.00
       89    303  5.00
       89    389  3.00
       89    407  4.00
       90     26  2.00
       90     85  1.00
       90     89  1.00
       90    281  5.00
       90    423  2.00
       90    459  1.00
       90    574  2.00
       91    179  3.00
       91    208  4.00
       91    304  2.00
       91    347  3.00
       92    328  2.00
       92    345  3.00
       92    358  4.00
       92    623  1.00
       93     15  1.00
       93     82  2.00
       93    184  1.00
       93    367  2.00
       93    485  1.00
       93    581  2.00
       93    618  1.00
       94     44  2.00
       94     86  2.00
       94    200  5.00
       94    289  3.00
       94    499  1.00
       94    527  2.00
       96    198  4.00
       96    255  6.00
       96    268  3.00
       96    295  2.00
       96    310  1.00
       96    444  2.00
       96    551  1.00
       97    232  4.00
       97    532  4.00
       97    568  2.00
       97    624  5.00
       98     88  2.00
       98    226  1.00
       98    285  1.00
       98    287  3.00
       98    416  2.00
       99    175  2.00
       99    378  6.00
       99    464  1.00
       99    522  2.00
       99    562  3.00
      100     45  1.00
      100     61  1.00
      100    110  1.00
      100    274  1.00
      100    523  1.00
      101     39  3.00
      101    164  1.00
      101    207  1.00
      101    225  4.00
      101    323  5.00
      101    462  4.00
      101    482  1.00
      101    561  1.00
      101    582  4.00
      102     41  3.00
      102    292  1.00
      102    293  5.00
      102    375  4.00
      102    394  4.00
      102    473  5.00
      102    478  2.00
      102    568  2.00
      103      4  2.00
      103     27  2.00
      103    129  2.00
      103    246  4.00
      103    258  2.00
      103    296  4.00
      103    300  5.00
      103    417  2.00
      103    535  1.00
      103    616  3.00
      104      3  5.00
      104     11  1.00
      104     23  1.00
      104    243  1.00
      104    259  2.00
      104    268  2.00
      104    345  1.00
      104    406  6.00
      105    112  3.00
      105    127  6.00
      105    290  3.00
      105    299  5.00
      105    307  2.00
      105    338  3.00
      105    344  4.00
      105    388  6.00
      105    584  3.00
      106    240  5.00
      106    264  5.00
      106    353  3.00
      106    421  6.00
      106    437  4.00
      106    454  4.00
      106    479  2.00
      106    486  3.00
      106    567  5.00
      108     46  4.00
      108    161  5.00
      108    504  4.00
      110     25  5.00
      110    182  2.00
      110    247  3.00
      110    274  6.00
      110    488  2.00
      110    513  2.00
      110    521  2.00
      110    524  1.00
      111    107  1.00
      111    494  2.00
      111    505  6.00
      111    506  3.00
      111    531  6.00
      113    119  2.00
      113    208  4.00
      113    210  4.00
      113    273  1.00
      113    663  3.00
      114    116  2.00
      114    189  6.00
      114    367  1.00
      116    114  3.00
      116    182  5.00
      116    253  6.00
      117     86  2.00
      117    187  6.00
      117    292  3.00
      117    404  1.00
      117    478  2.00
      118     27  3.00
      118    138  6.00
      118    202  4.00
      118    266  1.00
      118    294  3.00
      118    364  1.00
      120     26  2.00
      120    227  6.00
      120    303  3.00
      120    437  1.00
      120    494  5.00
      120    517  5.00
      120    572  2.00
      120    575  1.00
      120    623  2.00
      121     46  3.00
      121    142  1.00
      121    144  6.00
      121    161  3.00
      121    177  1.00
      121    264  1.00
      121    300  1.00
      121    377  1.00
      121    400  3.00
      121    437  3.00
      122     28  3.00
      122    324  2.00
      122    405  5.00
      122    627  2.00
      123     39  3.00
      123    140  4.00
      123    188  3.00
      123    190  6.00
      123    212  2.00
      123    292  2.00
      123    523  1.00
      123    566  1.00
      124     54  4.00
      124    191  5.00
      124    290  4.00
      124    390  2.00
      125    398  4.00
      125    464  3.00
      125    490  5.00
      126     58  6.00
      126    103  5.00
      126    249  6.00
      126    254  3.00
      127     22  4.00
      127     27  5.00
      127    105  2.00
      127    147  4.00
      127    175  5.00
      127    202  1.00
      127    296  4.00
      127    307  6.00
      127    444  2.00
      127    584  3.00
      128    139  4.00
      128    190  4.00
      128    199  4.00
      128    306  4.00
      128    314  1.00
      128    358  3.00
      128    414  5.00
      128    496  3.00
      129     47  3.00
      129    103  1.00
      129    171  2.00
      129    267  2.00
      129    311  1.00
      129    357  2.00
      129    403  2.00
      129    488  4.00
      130     29  3.00
      130    236  4.00
      131    324  2.00
      131    369  1.00
      131    474  3.00
      131    476  2.00
      131    497  3.00
      131    627  3.00
      132     37  2.00
      132     50  1.00
      132     88  1.00
      132    107  1.00
      132    186  5.00
      132    250  6.00
      132    384  1.00
      132    442  3.00
      132    464  1.00
      134    355  2.00
      134    367  3.00
      134    401  5.00
      134    412  2.00
      134    462  4.00
      134    571  2.00
      134    586  2.00
      135     65  2.00
      135    146  1.00
      135    280  6.00
      135    478  2.00
      135    566  2.00
      135    579  1.00
      135    605  3.00
      136     66  3.00
      136    126  2.00
      136    156  1.00
      136    356  1.00
      136    410  6.00
      136    449  5.00
      136    629  1.00
      137    362  6.00
      137    377  6.00
      137    584  5.00
      138    118  6.00
      138    202  4.00
      138    256  3.00
      138    364  5.00
      138    577  2.00
      139     64  6.00
      139    128  5.00
      139    190  3.00
      139    199  3.00
      139    306  6.00
      139    339  4.00
      139    414  5.00
      139    496  6.00
      140    190  6.00
      140    292  4.00
      140    296  4.00
      140    437  3.00
      140    570  3.00
      141    146  5.00
      141    280  2.00
      141    603  2.00
      142     53  5.00
      142    155  5.00
      142    264  1.00
      142    300  5.00
      142    309  1.00
      142    353  5.00
      142    377  5.00
      142    445  3.00
      142    616  5.00
      143     19  4.00
      143    119  2.00
      143    215  4.00
      143    357  3.00
      143    441  5.00
      143    485  2.00
      143    508  4.00
      143    573  6.00
      144    121  6.00
      144    259  3.00
      144    395  3.00
      144    591  5.00
      145    394  2.00
      145    585  1.00
      146    141  5.00
      146    482  4.00
      146    524  1.00
      146    538  2.00
      147    127  5.00
      147    278  5.00
      147    282  1.00
      147    430  1.00
      147    431  1.00
      147    584  1.00
      147    597  1.00
      147    599  1.00
      149    227  3.00
      149    321  5.00
      149    435  3.00
      149    466  2.00
      149    468  3.00
      149    494  5.00
      149    500  2.00
      149    517  3.00
      149    525  2.00
      150     99  2.00
      150    177  1.00
      150    258  1.00
      150    264  1.00
      150    384  1.00
      151    149  2.00
      151    286  1.00
      151    369  3.00
      151    499  3.00
      151    621  2.00
      151    626  2.00
      151    627  3.00
      152     32  2.00
      152     71  6.00
      152    112  2.00
      152    344  6.00
      152    377  2.00
      152    465  1.00
      152    602  3.00
      153     26  2.00
      153     85  5.00
      153     89  6.00
      153    303  6.00
      153    389  5.00
      153    407  5.00
      154     19  3.00
      154    227  3.00
      154    297  2.00
      154    321  5.00
      154    404  2.00
      154    435  3.00
      154    468  2.00
      154    473  2.00
      154    494  5.00
      155     53  6.00
      155    140  1.00
      155    142  6.00
      155    190  1.00
      155    231  1.00
      155    384  3.00
      155    388  3.00
      156    392  2.00
      156    410  2.00
      157     14  3.00
      157    171  4.00
      157    222  1.00
      157    292  2.00
      157    329  1.00
      157    357  2.00
      157    485  1.00
      157    538  1.00
      158     13  2.00
      158    201  4.00
      158    203  2.00
      158    318  6.00
      158    395  5.00
      158    446  6.00
      158    454  3.00
      158    544  5.00
      158    620  5.00
      159     39  2.00
      159    164  5.00
      159    169  6.00
      159    172  3.00
      159    194  1.00
      159    274  1.00
      159    289  2.00
      159    444  3.00
      159    535  3.00
      159    578  5.00
      160     26  4.00
      160    219  2.00
      160    281  4.00
      160    479  2.00
      160    493  5.00
      160    629  4.00
      161     46  6.00
      161    108  6.00
      161    619  6.00
      162     39  2.00
      162    188  2.00
      162    194  2.00
      162    326  3.00
      162    488  2.00
      162    538  5.00
      162    605  2.00
      163     19  1.00
      163     32  1.00
      163    133  1.00
      163    223  1.00
      163    304  1.00
      163    350  1.00
      163    418  1.00
      163    515  1.00
      164    101  1.00
      164    159  3.00
      164    194  1.00
      164    239  1.00
      164    282  5.00
      164    323  1.00
      164    571  1.00
      164    582  1.00
      164    603  2.00
      164    614  1.00
      165    229  3.00
      165    351  2.00
      165    391  6.00
      165    411  6.00
      165    417  2.00
      165    475  4.00
      165    519  4.00
      165    552  4.00
      165    568  6.00
      166     73  3.00
      166    117  2.00
      166    239  2.00
      166    308  1.00
      166    471  2.00
      167    463  1.00
      167    534  3.00
      167    537  4.00
      167    562  6.00
      168     10  4.00
      168     33  6.00
      168     77  2.00
      168    229  2.00
      168    322  5.00
      168    338  3.00
      168    564  5.00
      168    615  2.00
      169    159  5.00
      169    447  2.00
      169    511  2.00
      169    578  5.00
      170      3  5.00
      170    262  3.00
      170    407  3.00
      170    484  1.00
      171     14  5.00
      171     49  3.00
      171    129  2.00
      171    143  2.00
      171    203  1.00
      171    357  3.00
      171    573  2.00
      171    601  4.00
      172    225  3.00
      172    280  3.00
      172    323  6.00
      172    326  5.00
      172    482  3.00
      172    521  3.00
      172    525  4.00
      172    538  3.00
      172    582  4.00
      173     47  1.00
      173    296  4.00
      173    308  1.00
      173    390  1.00
      173    444  4.00
      173    552  3.00
      174     27  1.00
      174    252  4.00
      174    346  5.00
      174    509  5.00
      175     22  5.00
      175     27  6.00
      175     99  4.00
      175    127  6.00
      175    287  3.00
      175    306  1.00
      175    378  3.00
      176    229  2.00
      176    308  3.00
      177    233  6.00
      179     71  3.00
      179     91  3.00
      179    133  3.00
      179    163  3.00
      179    182  2.00
      179    216  2.00
      179    230  3.00
      179    242  3.00
      179    485  5.00
      180     44  2.00
      180     94  2.00
      180    183  2.00
      180    239  1.00
      180    289  2.00
      180    298  1.00
      180    471  1.00
      181     18  2.00
      181     43  1.00
      181     67  3.00
      181    240  6.00
      181    316  6.00
      181    320  3.00
      181    479  3.00
      181    497  4.00
      181    516  3.00
      182    207  2.00
      182    274  4.00
      182    291  1.00
      182    292  1.00
      182    348  1.00
      182    404  6.00
      182    432  1.00
      182    478  2.00
      182    508  3.00
      182    524  4.00
      183     44  2.00
      183    118  2.00
      183    289  3.00
      183    366  2.00
      183    367  2.00
      183    499  2.00
      184     83  4.00
      184     93  1.00
      184    216  3.00
      184    304  1.00
      184    350  3.00
      184    397  3.00
      184    409  2.00
      184    581  3.00
      185    354  3.00
      185    540  2.00
      185    546  2.00
      185    563  2.00
      186     17  2.00
      186    132  5.00
      186    250  5.00
      186    306  1.00
      186    360  1.00
      186    442  3.00
      186    487  6.00
      187     29  1.00
      187     72  2.00
      187    117  3.00
      187    137  1.00
      187    276  2.00
      187    336  3.00
      187    367  1.00
      188    327  3.00
      188    362  4.00
      188    513  5.00
      188    527  6.00
      188    538  4.00
      188    566  3.00
      188    579  6.00
      188    590  3.00
      189     59  4.00
      189    114  6.00
      189    117  4.00
      189    187  4.00
      189    367  3.00
      189    470  3.00
      190     18  4.00
      190    140  6.00
      190    201  2.00
      190    292  5.00
      190    313  2.00
      190    316  5.00
      190    318  2.00
      191     54  2.00
      191     58  1.00
      191     83  2.00
      191    115  5.00
      191    124  5.00
      191    241  1.00
      191    338  2.00
      191    348  2.00
      191    381  2.00
      191    519  2.00
      193     65  1.00
      193    135  1.00
      193    280  3.00
      193    317  1.00
      193    323  3.00
      193    571  1.00
      194     65  4.00
      194    172  2.00
      194    239  5.00
      194    323  4.00
      194    471  2.00
      194    473  6.00
      194    513  5.00
      194    524  1.00
      194    559  5.00
      194    590  1.00
      195     61  3.00
      195    137  2.00
      195    187  2.00
      195    217  4.00
      195    274  1.00
      196    381  4.00
      196    549  4.00
      197     16  1.00
      197    338  2.00
      197    351  6.00
      197    411  1.00
      197    475  2.00
      197    552  2.00
      197    568  3.00
      197    612  6.00
      197    615  3.00
      198     96  5.00
      198    249  4.00
      198    255  5.00
      198    413  6.00
      199     11  4.00
      199     23  6.00
      199    128  4.00
      199    365  3.00
      199    406  5.00
      200      9  1.00
      200     94  4.00
      200    101  1.00
      200    289  1.00
      201    158  6.00
      201    190  1.00
      201    257  1.00
      201    318  6.00
      201    395  6.00
      201    452  6.00
      201    454  6.00
      201    498  1.00
      202    118  3.00
      202    138  5.00
      203     17  5.00
      203     46  2.00
      203    142  2.00
      203    331  1.00
      203    360  1.00
      203    377  6.00
      203    422  3.00
      203    440  1.00
      203    487  1.00
      203    558  1.00
      204     26  3.00
      204     36  1.00
      204    218  2.00
      204    373  5.00
      204    459  3.00
      204    612  1.00
      205     16  2.00
      205    147  4.00
      205    278  6.00
      205    301  2.00
      205    430  4.00
      205    433  6.00
      205    475  2.00
      205    481  2.00
      205    584  2.00
      205    599  5.00
      206     18  2.00
      206     37  2.00
      206    210  2.00
      206    300  1.00
      206    335  1.00
      206    365  2.00
      206    407  2.00
      206    445  1.00
      206    510  1.00
      207     57  2.00
      207    359  1.00
      207    521  3.00
      207    524  4.00
      207    538  5.00
      207    590  3.00
      208     21  4.00
      208    357  4.00
      208    432  5.00
      208    437  4.00
      208    441  5.00
      208    454  4.00
      208    471  4.00
      208    508  6.00
      208    538  4.00
      208    561  4.00
      209     21  1.00
      209     66  1.00
      209    148  5.00
      209    283  1.00
      209    294  2.00
      209    557  1.00
      209    584  1.00
      210     18  1.00
      210     43  4.00
      210    140  1.00
      210    206  3.00
      210    240  1.00
      210    273  6.00
      210    365  1.00
      210    421  1.00
      210    437  3.00
      210    554  4.00
      211      9  1.00
      211    200  1.00
      212    123  3.00
      212    162  6.00
      212    524  5.00
      212    590  4.00
      214     12  5.00
      214    119  6.00
      214    470  3.00
      214    474  4.00
      214    570  6.00
      214    601  3.00
      215     19  2.00
      215    143  1.00
      215    184  1.00
      215    208  1.00
      215    409  1.00
      215    441  1.00
      215    473  1.00
      215    573  1.00
      216    179  1.00
      216    304  1.00
      216    347  1.00
      216    397  5.00
      216    409  3.00
      216    471  1.00
      216    515  1.00
      216    581  2.00
      216    618  5.00
      217     61  3.00
      218     35  6.00
      218     81  4.00
      218    204  2.00
      218    406  5.00
      218    494  2.00
      218    546  5.00
      219     66  1.00
      219    160  1.00
      219    275  1.00
      219    449  1.00
      219    493  4.00
      219    623  1.00
      219    629  1.00
      220     21  1.00
      220    118  1.00
      220    138  1.00
      220    408  1.00
      221    222  6.00
      221    237  4.00
      221    533  3.00
      222    221  5.00
      222    348  1.00
      223     71  2.00
      223    163  4.00
      223    245  5.00
      223    332  3.00
      223    350  3.00
      223    477  2.00
      223    546  3.00
      223    601  2.00
      224    338  1.00
      224    545  3.00
      224    546  2.00
      225      7  3.00
      225     81  2.00
      225    172  3.00
      225    280  1.00
      225    291  3.00
      225    482  3.00
      225    488  1.00
      225    535  2.00
      225    582  5.00
      225    614  1.00
      226    384  2.00
      227     20  5.00
      227    120  6.00
      227    295  3.00
      227    303  3.00
      227    494  6.00
      227    517  5.00
      227    555  2.00
      228    491  1.00
      228    577  3.00
      229     10  3.00
      229     33  6.00
      229    168  6.00
      229    246  3.00
      229    338  6.00
      229    348  5.00
      229    391  3.00
      229    564  6.00
      229    615  6.00
      230     85  1.00
      230    108  1.00
      230    163  1.00
      230    174  2.00
      230    293  1.00
      230    346  2.00
      230    400  1.00
      230    418  1.00
      230    509  4.00
      231      8  2.00
      231    155  2.00
      231    309  3.00
      231    313  2.00
      231    388  5.00
      231    498  2.00
      232    335  1.00
      232    554  1.00
      232    570  1.00
      233    177  5.00
      233    221  3.00
      233    231  2.00
      233    237  3.00
      234     31  4.00
      234    137  4.00
      234    361  1.00
      234    362  4.00
      234    377  1.00
      235     34  4.00
      235     73  4.00
      235    166  3.00
      235    308  3.00
      236    130  6.00
      236    248  5.00
      236    297  3.00
      236    312  6.00
      236    473  5.00
      236    559  5.00
      236    614  3.00
      237    221  2.00
      237    533  3.00
      239     39  4.00
      239    194  5.00
      239    207  3.00
      239    390  2.00
      239    471  6.00
      239    513  3.00
      239    559  4.00
      239    579  2.00
      240     18  1.00
      240     20  1.00
      240     43  1.00
      240     88  2.00
      240    106  3.00
      240    181  4.00
      240    190  1.00
      240    316  1.00
      240    320  1.00
      240    452  3.00
      241     33  2.00
      241    303  1.00
      241    348  2.00
      241    395  1.00
      242     71  3.00
      242    163  3.00
      242    179  4.00
      242    230  3.00
      242    477  4.00
      242    526  4.00
      243     92  3.00
      243    345  4.00
      243    517  2.00
      244    163  3.00
      244    192  6.00
      244    245  2.00
      244    263  3.00
      244    546  4.00
      245    223  6.00
      245    244  1.00
      245    332  4.00
      245    396  2.00
      245    558  3.00
      245    559  1.00
      246      4  3.00
      246     10  4.00
      246    103  3.00
      246    168  4.00
      246    229  2.00
      246    299  1.00
      246    338  4.00
      246    348  2.00
      246    615  3.00
      246    616  3.00
      247     15  2.00
      247     57  4.00
      247    110  3.00
      247    204  2.00
      247    248  2.00
      247    280  3.00
      247    541  2.00
      248     29  6.00
      248    130  5.00
      248    204  2.00
      248    236  4.00
      248    450  2.00
      250    567  6.00
      251    448  1.00
      251    606  1.00
      251    611  2.00
      252    120  5.00
      252    174  3.00
      252    294  5.00
      252    346  5.00
      252    363  3.00
      252    509  3.00
      253    116  6.00
      253    352  5.00
      254    455  6.00
      254    580  6.00
      255     22  6.00
      255     27  4.00
      255     96  6.00
      255    198  6.00
      255    268  3.00
      255    270  2.00
      256     22  2.00
      256     32  2.00
      256     71  2.00
      256    332  2.00
      256    349  2.00
      256    440  2.00
      256    448  4.00
      257      8  2.00
      257     67  1.00
      257    309  6.00
      257    313  5.00
      257    316  1.00
      257    353  1.00
      257    437  2.00
      257    534  1.00
      258      8  2.00
      258    103  3.00
      258    177  4.00
      258    192  1.00
      258    274  3.00
      258    300  5.00
      258    307  4.00
      258    344  3.00
      258    472  2.00
      258    616  1.00
      259    214  2.00
      259    268  6.00
      259    395  4.00
      260    137  1.00
      260    188  1.00
      260    194  1.00
      260    357  1.00
      260    473  1.00
      260    478  1.00
      260    513  1.00
      260    521  2.00
      260    533  1.00
      261     94  2.00
      261    211  3.00
      261    215  2.00
      261    289  4.00
      261    295  3.00
      261    499  4.00
      261    546  3.00
      261    548  3.00
      262    112  2.00
      262    244  2.00
      262    307  2.00
      262    472  2.00
      262    602  2.00
      263     54  3.00
      263     69  2.00
      263     84  5.00
      263    163  4.00
      263    173  5.00
      263    298  3.00
      263    418  3.00
      263    515  3.00
      263    601  2.00
      264    106  3.00
      264    121  1.00
      264    177  5.00
      264    257  3.00
      264    300  4.00
      264    309  3.00
      264    318  2.00
      264    437  1.00
      264    452  2.00
      264    454  2.00
      265     21  2.00
      265     68  3.00
      265    209  6.00
      265    224  2.00
      265    240  2.00
      265    332  2.00
      265    367  4.00
      265    370  6.00
      265    391  4.00
      265    584  1.00
      266    118  3.00
      266    341  2.00
      267      4  1.00
      267     55  5.00
      267    296  4.00
      267    299  5.00
      267    390  5.00
      267    439  5.00
      267    615  4.00
      268    255  5.00
      268    259  6.00
      268    295  3.00
      268    342  2.00
      268    395  2.00
      268    406  5.00
      269     23  2.00
      269     24  1.00
      269    243  4.00
      269    328  4.00
      269    627  3.00
      270    256  1.00
      270    369  2.00
      270    475  3.00
      270    497  3.00
      270    519  6.00
      270    548  1.00
      270    620  1.00
      270    627  1.00
      272    131  4.00
      272    181  6.00
      272    369  4.00
      272    424  4.00
      272    497  5.00
      272    617  4.00
      272    621  6.00
      272    627  4.00
      273     26  2.00
      273     43  4.00
      273    113  3.00
      273    122  2.00
      273    210  6.00
      273    316  3.00
      273    365  4.00
      273    390  3.00
      273    421  6.00
      273    516  4.00
      274     14  4.00
      274    110  5.00
      274    171  4.00
      274    182  3.00
      274    207  4.00
      274    213  5.00
      274    488  5.00
      274    524  3.00
      276     26  6.00
      276     40  4.00
      276     56  3.00
      276    164  5.00
      276    280  4.00
      276    329  3.00
      276    459  6.00
      276    482  5.00
      276    527  3.00
      276    534  5.00
      277    134  1.00
      277    499  2.00
      278    127  4.00
      278    147  5.00
      278    205  2.00
      278    213  1.00
      278    282  3.00
      278    301  2.00
      278    307  1.00
      278    430  5.00
      278    599  4.00
      279     13  1.00
      279    514  5.00
      280    135  6.00
      280    141  1.00
      280    146  1.00
      280    164  1.00
      280    172  1.00
      280    193  4.00
      280    276  3.00
      280    323  5.00
      281     26  6.00
      281     40  4.00
      281     85  1.00
      281     89  2.00
      281     90  4.00
      281    204  3.00
      281    459  3.00
      281    493  1.00
      281    574  2.00
      282    147  2.00
      282    278  3.00
      282    301  3.00
      282    430  3.00
      282    597  1.00
      282    599  1.00
      283     22  4.00
      283    209  3.00
      283    530  4.00
      283    532  3.00
      284     22  5.00
      284     24  1.00
      284    285  3.00
      284    287  1.00
      284    310  3.00
      284    530  5.00
      285    284  3.00
      285    287  2.00
      285    306  2.00
      285    416  6.00
      285    567  2.00
      287     68  6.00
      287     98  4.00
      287    226  5.00
      287    285  1.00
      287    328  4.00
      287    463  4.00
      287    520  5.00
      287    528  5.00
      288     21  2.00
      288     99  3.00
      288    378  2.00
      288    522  2.00
      288    531  2.00
      289      9  3.00
      289     44  3.00
      289     94  3.00
      289    193  1.00
      289    200  3.00
      289    291  1.00
      289    323  1.00
      290      4  3.00
      290     54  3.00
      290    105  3.00
      290    112  5.00
      290    168  2.00
      290    213  2.00
      290    286  3.00
      290    439  2.00
      290    602  2.00
      291     63  4.00
      291    129  3.00
      291    188  3.00
      291    326  2.00
      291    357  5.00
      291    362  3.00
      291    566  4.00
      291    590  2.00
      292     86  4.00
      292     94  1.00
      292    117  2.00
      292    123  3.00
      292    140  5.00
      292    182  2.00
      292    190  4.00
      292    311  1.00
      292    404  6.00
      292    478  1.00
      293    102  2.00
      293    236  2.00
      293    278  2.00
      293    292  2.00
      293    297  5.00
      293    478  2.00
      293    521  1.00
      293    538  1.00
      293    609  2.00
      294     48  4.00
      294     75  2.00
      294    118  3.00
      294    252  4.00
      294    303  2.00
      294    453  3.00
      294    557  3.00
      294    588  4.00
      295     96  3.00
      295    227  2.00
      295    490  2.00
      295    500  2.00
      295    604  1.00
      296      4  4.00
      296    103  5.00
      296    129  6.00
      296    299  5.00
      296    307  6.00
      296    390  5.00
      296    403  4.00
      296    615  4.00
      297    102  2.00
      297    154  1.00
      297    213  1.00
      297    236  6.00
      297    293  5.00
      297    340  2.00
      297    375  2.00
      297    394  6.00
      297    559  1.00
      297    605  1.00
      298     59  3.00
      298    163  2.00
      298    261  3.00
      298    263  3.00
      298    290  2.00
      298    304  3.00
      298    329  3.00
      298    581  3.00
      298    601  3.00
      299     55  4.00
      299     77  2.00
      299    105  4.00
      299    246  2.00
      299    296  4.00
      299    301  1.00
      299    390  5.00
      299    439  4.00
      299    568  1.00
      301    147  4.00
      301    278  2.00
      301    282  6.00
      301    299  2.00
      301    349  6.00
      301    430  4.00
      301    444  3.00
      301    481  2.00
      301    584  4.00
      301    613  3.00
      303     20  2.00
      303     89  5.00
      303    120  3.00
      303    153  6.00
      303    227  2.00
      303    294  3.00
      303    346  2.00
      303    494  3.00
      303    555  4.00
      304    179  2.00
      304    216  1.00
      304    298  3.00
      304    397  1.00
      304    581  3.00
      306     64  3.00
      306    128  4.00
      306    199  2.00
      306    328  4.00
      306    339  2.00
      306    414  4.00
      306    496  6.00
      306    517  1.00
      307      4  3.00
      307    127  6.00
      307    258  4.00
      307    282  3.00
      307    296  6.00
      307    299  2.00
      307    349  5.00
      307    390  5.00
      307    613  2.00
      308    176  6.00
      308    349  6.00
      308    379  6.00
      308    402  2.00
      308    475  4.00
      308    481  5.00
      308    540  6.00
      308    568  2.00
      308    605  6.00
      309      8  6.00
      309    231  4.00
      309    233  1.00
      309    257  6.00
      309    264  2.00
      309    331  2.00
      309    419  4.00
      310    284  5.00
      311     14  3.00
      311    137  2.00
      311    171  3.00
      311    296  2.00
      311    481  2.00
      311    486  3.00
      312     28  6.00
      312    128  3.00
      312    250  2.00
      312    395  2.00
      312    442  2.00
      313      8  5.00
      313    106  3.00
      313    231  4.00
      313    331  6.00
      313    353  3.00
      313    360  4.00
      313    419  4.00
      313    454  2.00
      313    498  2.00
      314     11  6.00
      314    128  2.00
      314    139  2.00
      314    199  3.00
      314    358  6.00
      314    416  6.00
      314    537  1.00
      314    543  6.00
      316     18  5.00
      316    181  4.00
      316    190  3.00
      316    479  4.00
      316    516  3.00
      317     16  1.00
      317     63  6.00
      317    127  1.00
      317    349  1.00
      317    519  1.00
      317    584  1.00
      317    598  3.00
      318    158  6.00
      318    201  6.00
      318    452  4.00
      318    454  5.00
      319    221  3.00
      320     20  3.00
      320     43  2.00
      320     67  1.00
      320    106  2.00
      320    181  1.00
      320    240  2.00
      320    534  5.00
      320    567  1.00
      320    627  1.00
      321     20  2.00
      321    149  6.00
      321    154  5.00
      321    227  4.00
      321    435  5.00
      321    466  2.00
      321    468  2.00
      321    494  2.00
      321    581  2.00
      322     10  4.00
      322     33  5.00
      322    168  5.00
      322    229  5.00
      322    338  3.00
      322    564  5.00
      322    615  4.00
      323     94  1.00
      323    101  4.00
      323    172  5.00
      323    193  3.00
      323    280  3.00
      323    289  1.00
      323    326  4.00
      323    482  2.00
      324    122  2.00
      324    131  3.00
      324    328  2.00
      324    463  5.00
      324    474  3.00
      324    537  5.00
      324    553  2.00
      324    627  1.00
      325     86  1.00
      325    116  1.00
      325    117  1.00
      325    146  1.00
      325    182  1.00
      325    184  1.00
      325    292  1.00
      325    336  1.00
      325    489  1.00
      325    542  1.00
      326    162  3.00
      326    172  4.00
      326    488  2.00
      326    535  4.00
      326    538  1.00
      326    559  3.00
      327     84  6.00
      327    156  5.00
      327    158  5.00
      327    188  4.00
      327    201  3.00
      327    446  6.00
      327    478  5.00
      327    554  4.00
      328     92  2.00
      328    128  1.00
      328    199  1.00
      328    339  6.00
      328    358  5.00
      328    496  5.00
      329     65  1.00
      329    222  1.00
      329    276  4.00
      329    298  2.00
      329    432  1.00
      329    482  1.00
      330     16  2.00
      330    402  1.00
      330    403  1.00
      330    433  2.00
      330    444  1.00
      330    597  3.00
      330    599  1.00
      331     17  5.00
      331     22  1.00
      331     24  2.00
      331     50  2.00
      331    313  6.00
      331    360  6.00
      331    384  2.00
      331    442  4.00
      332     32  2.00
      332    256  3.00
      332    418  1.00
      332    472  4.00
      332    475  2.00
      332    568  3.00
      332    601  1.00
      332    616  2.00
      333    203  2.00
      333    422  3.00
      333    440  1.00
      333    470  1.00
      333    504  1.00
      333    556  1.00
      333    622  1.00
      334      5  1.00
      334    149  1.00
      334    154  1.00
      334    213  1.00
      334    215  1.00
      334    297  1.00
      334    315  1.00
      334    340  1.00
      335     66  3.00
      335    327  1.00
      335    382  2.00
      335    455  2.00
      335    532  2.00
      335    554  1.00
      336     29  6.00
      336    117  5.00
      336    153  3.00
      336    187  6.00
      336    189  2.00
      336    367  3.00
      338     10  2.00
      338     33  4.00
      338    168  4.00
      338    229  4.00
      338    246  3.00
      338    267  1.00
      338    322  3.00
      338    348  5.00
      338    564  3.00
      338    615  5.00
      339    199  2.00
      339    243  2.00
      339    306  3.00
      339    324  1.00
      339    328  6.00
      339    358  4.00
      339    414  4.00
      339    496  6.00
      339    553  6.00
      340    213  2.00
      341    593  1.00
      342     96  2.00
      342    255  2.00
      342    268  3.00
      342    413  3.00
      342    592  6.00
      342    604  2.00
      343    354  5.00
      343    592  5.00
      344    105  2.00
      344    142  3.00
      344    353  1.00
      344    377  3.00
      345     92  2.00
      345    243  3.00
      345    339  1.00
      345    414  1.00
      345    496  3.00
      345    512  1.00
      346     27  5.00
      346     43  2.00
      346    174  3.00
      346    230  2.00
      346    252  5.00
      346    300  2.00
      346    400  2.00
      346    509  4.00
      347     59  2.00
      347     91  3.00
      347    133  1.00
      347    216  1.00
      347    425  2.00
      347    581  5.00
      348     33  6.00
      348    173  6.00
      348    214  3.00
      348    229  5.00
      348    241  3.00
      348    338  6.00
      348    368  6.00
      348    615  3.00
      348    616  6.00
      348    622  3.00
      349    258  1.00
      349    267  1.00
      349    299  1.00
      349    301  4.00
      349    307  3.00
      349    390  5.00
      349    439  2.00
      349    475  2.00
      349    481  2.00
      349    613  4.00
      350     69  1.00
      350    163  2.00
      350    223  1.00
      350    418  1.00
      350    546  1.00
      350    601  1.00
      350    606  1.00
      350    625  1.00
      351    197  6.00
      351    299  2.00
      351    332  3.00
      351    411  4.00
      351    481  1.00
      351    552  2.00
      351    568  3.00
      351    612  4.00
      351    615  6.00
      352     57  1.00
      352     65  2.00
      352    116  4.00
      352    123  1.00
      352    212  1.00
      352    236  1.00
      352    253  4.00
      352    401  5.00
      352    511  1.00
      352    523  1.00
      355    134  2.00
      355    359  5.00
      355    462  4.00
      356     52  5.00
      356     58  4.00
      356     66  5.00
      356    249  2.00
      356    382  6.00
      357     14  1.00
      357    129  1.00
      357    171  1.00
      357    188  1.00
      357    291  1.00
      357    441  1.00
      357    488  1.00
      357    535  1.00
      357    590  1.00
      358     92  5.00
      358    128  3.00
      358    314  5.00
      358    328  5.00
      358    339  4.00
      358    414  1.00
      359     57  3.00
      359    207  1.00
      359    355  5.00
      359    425  2.00
      359    462  3.00
      359    482  2.00
      360     17  5.00
      360    107  1.00
      360    186  1.00
      360    331  6.00
      360    384  2.00
      360    442  2.00
      360    487  1.00
      360    520  2.00
      361     22  6.00
      361     27  6.00
      361     53  4.00
      361    246  1.00
      361    264  3.00
      361    452  3.00
      361    530  4.00
      362     31  6.00
      362    137  6.00
      362    301  4.00
      362    349  2.00
      362    475  5.00
      362    584  6.00
      363    174  3.00
      363    252  4.00
      363    346  3.00
      363    427  2.00
      363    509  5.00
      363    547  3.00
      364    118  2.00
      364    138  6.00
      364    204  2.00
      364    256  3.00
      364    448  4.00
      364    495  2.00
      364    577  5.00
      365     43  2.00
      365     67  2.00
      365     68  4.00
      365    106  2.00
      365    181  1.00
      365    199  4.00
      365    210  2.00
      365    273  4.00
      365    287  3.00
      365    534  3.00
      366     56  1.00
      366     86  4.00
      366    117  2.00
      366    149  1.00
      366    325  4.00
      366    367  1.00
      366    412  1.00
      366    432  1.00
      366    561  5.00
      366    595  1.00
      367     29  4.00
      367    134  5.00
      367    336  3.00
      367    401  5.00
      368     33  3.00
      368    103  2.00
      368    127  1.00
      368    168  1.00
      368    267  2.00
      368    338  5.00
      368    348  6.00
      368    615  2.00
      369    181  3.00
      369    243  1.00
      369    270  1.00
      369    272  4.00
      369    381  3.00
      369    497  6.00
      369    531  2.00
      369    621  3.00
      369    627  3.00
      370    163  3.00
      370    179  3.00
      370    265  6.00
      370    332  3.00
      370    439  3.00
      370    529  3.00
      370    558  2.00
      371     97  3.00
      371    156  1.00
      371    206  1.00
      371    209  2.00
      373     21  3.00
      373    204  6.00
      374    187  1.00
      374    323  1.00
      374    515  2.00
      374    527  1.00
      374    538  1.00
      374    585  2.00
      375    102  4.00
      375    293  1.00
      375    297  1.00
      375    394  1.00
      375    585  1.00
      376     12  1.00
      376    470  5.00
      377    203  6.00
      378     99  6.00
      378    381  2.00
      378    464  2.00
      381    369  1.00
      381    555  1.00
      382     52  4.00
      382    155  3.00
      382    335  3.00
      382    356  6.00
      384     50  5.00
      384    226  3.00
      384    331  2.00
      384    360  2.00
      384    443  2.00
      386    381  1.00
      386    451  1.00
      386    531  2.00
      386    583  2.00
      387     45  6.00
      387    539  2.00
      387    542  2.00
      387    603  3.00
      388      8  1.00
      388    155  2.00
      388    231  6.00
      388    309  1.00
      388    498  3.00
      389     67  2.00
      389     85  2.00
      389     89  4.00
      389    126  2.00
      389    236  3.00
      389    248  2.00
      389    297  6.00
      389    394  4.00
      389    567  2.00
      390    105  3.00
      390    267  5.00
      390    296  2.00
      390    299  5.00
      390    307  2.00
      390    349  4.00
      390    483  2.00
      390    568  2.00
      390    598  1.00
      390    615  1.00
      391      4  2.00
      391    165  6.00
      391    229  3.00
      391    296  1.00
      391    402  2.00
      391    411  3.00
      391    472  1.00
      391    552  1.00
      393     57  4.00
      393    212  2.00
      393    355  1.00
      393    359  3.00
      393    401  1.00
      393    541  3.00
      393    586  2.00
      394    102  3.00
      394    145  2.00
      394    236  3.00
      394    297  5.00
      394    340  4.00
      394    585  6.00
      396    274  6.00
      396    308  5.00
      396    379  5.00
      397    216  4.00
      397    409  3.00
      397    485  1.00
      397    618  3.00
      398     28  1.00
      398    125  5.00
      398    381  1.00
      398    464  2.00
      398    490  5.00
      398    547  1.00
      398    553  1.00
      400     32  3.00
      400    121  3.00
      400    230  1.00
      401    130  2.00
      401    134  4.00
      401    352  5.00
      401    393  2.00
      401    412  2.00
      401    462  3.00
      401    571  2.00
      401    586  2.00
      402     28  2.00
      402    390  6.00
      402    391  3.00
      402    403  2.00
      402    424  4.00
      402    519  4.00
      402    522  4.00
      402    597  6.00
      402    627  1.00
      403    173  2.00
      403    296  6.00
      403    299  2.00
      403    390  1.00
      403    391  1.00
      403    402  2.00
      403    538  5.00
      403    552  6.00
      403    568  3.00
      404     14  3.00
      404     86  1.00
      404     94  2.00
      404    182  3.00
      404    292  5.00
      404    488  1.00
      404    524  3.00
      404    538  1.00
      405     28  3.00
      405    627  5.00
      406     11  1.00
      406     23  3.00
      406    199  6.00
      406    213  5.00
      406    268  2.00
      406    522  2.00
      406    537  2.00
      407     85  4.00
      407     89  2.00
      408     19  4.00
      408     32  3.00
      408     55  3.00
      408     87  2.00
      408    344  4.00
      408    390  2.00
      408    431  6.00
      408    441  6.00
      408    601  2.00
      409     15  6.00
      409    216  4.00
      409    397  5.00
      409    618  5.00
      410     33  1.00
      410     66  4.00
      410     92  2.00
      410    201  2.00
      410    452  1.00
      411    165  6.00
      411    229  2.00
      411    296  1.00
      411    391  3.00
      411    568  1.00
      411    584  1.00
      412      2  1.00
      412     57  6.00
      412    123  2.00
      412    172  3.00
      412    248  3.00
      412    571  2.00
      412    579  3.00
      412    586  6.00
      412    587  4.00
      412    614  2.00
      413    198  6.00
      413    342  3.00
      413    551  6.00
      414    128  5.00
      414    139  6.00
      414    199  2.00
      414    306  4.00
      414    324  1.00
      414    328  3.00
      414    339  3.00
      414    358  2.00
      414    496  6.00
      415    196  1.00
      415    524  1.00
      416    285  2.00
      416    314  5.00
      416    464  3.00
      417     16  3.00
      417    103  3.00
      417    127  3.00
      417    165  3.00
      417    317  4.00
      417    444  5.00
      418     34  2.00
      418    112  2.00
      418    163  2.00
      418    168  2.00
      418    472  2.00
      418    491  2.00
      418    529  2.00
      418    558  2.00
      418    602  2.00
      419     42  1.00
      419     47  1.00
      419    309  2.00
      419    313  1.00
      419    600  2.00
      420    196  2.00
      421     43  5.00
      421    106  5.00
      421    181  5.00
      421    210  3.00
      421    240  5.00
      421    273  5.00
      421    316  3.00
      421    567  6.00
      422    333  2.00
      422    440  3.00
      422    470  3.00
      422    622  6.00
      424    127  1.00
      424    147  1.00
      424    272  3.00
      424    278  1.00
      424    402  3.00
      424    430  2.00
      424    475  1.00
      424    594  1.00
      424    617  2.00
      424    621  4.00
      425     82  2.00
      425    651  6.00
      426     45  1.00
      426    217  1.00
      426    523  1.00
      426    542  2.00
      427     40  2.00
      427    210  1.00
      427    369  2.00
      427    378  1.00
      427    381  2.00
      427    461  2.00
      427    574  2.00
      428     12  2.00
      428     38  1.00
      428    125  1.00
      428    324  1.00
      428    440  1.00
      428    492  2.00
      428    503  5.00
      428    547  1.00
      428    551  1.00
      430    147  3.00
      430    278  6.00
      430    282  3.00
      430    301  4.00
      430    424  2.00
      430    475  2.00
      430    481  2.00
      430    584  3.00
      431    147  2.00
      431    408  4.00
      431    441  5.00
      432     36  6.00
      432     77  4.00
      432    168  4.00
      432    190  3.00
      432    208  6.00
      432    264  5.00
      432    552  4.00
      433    147  1.00
      433    205  5.00
      433    213  2.00
      433    278  1.00
      433    282  1.00
      433    599  1.00
      434    377  4.00
      436     28  6.00
      436    132  4.00
      436    250  3.00
      436    312  3.00
      436    384  2.00
      436    405  2.00
      436    520  2.00
      436    522  3.00
      437     18  5.00
      437    190  2.00
      437    210  3.00
      437    240  1.00
      437    316  2.00
      437    452  6.00
      437    454  4.00
      438    405  2.00
      438    424  2.00
      438    617  2.00
      438    629  1.00
      438    636  1.00
      439     55  5.00
      439    246  1.00
      439    296  3.00
      439    299  5.00
      439    349  3.00
      439    402  3.00
      439    424  1.00
      439    472  3.00
      439    552  1.00
      440      1  1.00
      440    422  2.00
      440    622  1.00
      441     19  5.00
      441    143  6.00
      441    215  4.00
      441    408  6.00
      441    431  6.00
      442     17  2.00
      442    132  5.00
      442    331  4.00
      442    360  3.00
      442    395  3.00
      442    520  1.00
      443     28  2.00
      443     53  1.00
      443     88  1.00
      443    158  2.00
      443    384  3.00
      443    405  2.00
      443    442  1.00
      443    520  1.00
      443    543  5.00
      444     16  3.00
      444    127  2.00
      444    173  2.00
      444    197  1.00
      444    349  2.00
      444    351  1.00
      444    417  4.00
      444    484  3.00
      444    599  2.00
      445    142  4.00
      445    221  1.00
      445    596  4.00
      446    158  6.00
      446    201  4.00
      446    279  5.00
      446    318  5.00
      446    327  5.00
      446    620  6.00
      447     44  1.00
      447     57  1.00
      447    253  2.00
      447    323  2.00
      447    499  2.00
      448    248  2.00
      448    251  3.00
      448    256  5.00
      448    611  4.00
      449     58  3.00
      449     66  1.00
      449    136  5.00
      449    219  1.00
      449    275  1.00
      449    565  3.00
      449    629  2.00
      451    386  2.00
      452     18  4.00
      452    201  6.00
      452    318  6.00
      452    454  5.00
      452    616  6.00
      453    459  3.00
      453    576  3.00
      454    158  5.00
      454    201  6.00
      454    264  2.00
      454    309  2.00
      454    318  6.00
      454    437  4.00
      454    446  3.00
      454    452  6.00
      454    479  2.00
      454    544  6.00
      455    210  3.00
      455    254  6.00
      455    580  6.00
      456    119  2.00
      456    576  3.00
      457     18  1.00
      457    273  1.00
      457    316  1.00
      457    365  1.00
      457    421  1.00
      458    395  2.00
      458    401  3.00
      458    462  2.00
      459     26  2.00
      459     40  3.00
      459     72  3.00
      459    187  3.00
      459    204  3.00
      459    276  3.00
      459    281  3.00
      459    453  4.00
      459    493  1.00
      459    509  2.00
      461    427  4.00
      461    565  4.00
      462    101  3.00
      462    134  3.00
      462    355  4.00
      462    359  6.00
      462    458  3.00
      462    482  2.00
      463     43  2.00
      463    167  1.00
      463    324  5.00
      463    328  1.00
      463    528  2.00
      463    534  6.00
      463    537  6.00
      463    562  3.00
      463    627  3.00
      464     88  2.00
      464    125  4.00
      464    398  2.00
      464    416  4.00
      464    490  5.00
      465      6  1.00
      465     32  1.00
      465     59  5.00
      465    418  2.00
      465    558  1.00
      466    149  1.00
      466    321  1.00
      466    369  1.00
      466    555  1.00
      466    621  1.00
      466    627  1.00
      468     20  2.00
      468    321  3.00
      468    473  1.00
      468    585  3.00
      469     21  3.00
      469    248  2.00
      469    265  4.00
      469    472  4.00
      469    475  1.00
      469    483  2.00
      469    529  2.00
      470     12  1.00
      470    376  4.00
      470    422  5.00
      470    556  1.00
      471     73  3.00
      471    239  6.00
      471    535  3.00
      471    559  2.00
      472     32  2.00
      472     59  2.00
      472    258  2.00
      472    271  2.00
      472    332  5.00
      472    402  2.00
      472    502  3.00
      473    102  2.00
      473    194  3.00
      473    236  3.00
      473    559  2.00
      474     95  3.00
      474    119  2.00
      474    131  6.00
      474    214  6.00
      474    324  6.00
      474    405  1.00
      475    299  3.00
      475    349  3.00
      475    362  4.00
      475    390  2.00
      475    403  3.00
      475    409  5.00
      475    481  4.00
      475    519  4.00
      475    538  4.00
      475    584  5.00
      476    131  5.00
      476    286  3.00
      476    320  4.00
      476    391  1.00
      476    480  1.00
      476    534  4.00
      476    627  2.00
      477    178  4.00
      477    223  2.00
      477    242  3.00
      477    332  2.00
      477    347  3.00
      477    472  3.00
      477    510  4.00
      477    558  6.00
      478     86  3.00
      478    102  1.00
      478    135  2.00
      478    162  1.00
      478    291  1.00
      478    293  1.00
      478    488  1.00
      478    566  5.00
      478    579  2.00
      478    605  3.00
      479     13  2.00
      479     18  3.00
      479    201  3.00
      479    240  2.00
      479    316  6.00
      479    318  2.00
      479    454  4.00
      479    487  5.00
      480    286  3.00
      480    290  6.00
      480    332  2.00
      480    481  3.00
      481    299  5.00
      481    308  5.00
      481    349  4.00
      481    390  5.00
      481    403  5.00
      481    475  5.00
      481    480  3.00
      481    519  6.00
      481    568  6.00
      481    615  2.00
      482    146  5.00
      482    164  2.00
      482    172  2.00
      482    207  3.00
      482    225  3.00
      482    323  4.00
      482    535  3.00
      482    582  2.00
      482    603  2.00
      483     35  4.00
      483    204  4.00
      483    244  2.00
      483    350  2.00
      483    418  1.00
      483    495  6.00
      483    546  3.00
      484     16  2.00
      484    173  4.00
      484    278  2.00
      484    349  2.00
      484    444  5.00
      484    613  5.00
      485    179  5.00
      485    216  2.00
      485    618  4.00
      486     47  3.00
      486    311  4.00
      486    431  2.00
      487     13  4.00
      487     62  1.00
      487    132  4.00
      487    186  5.00
      487    250  5.00
      487    360  1.00
      487    479  5.00
      488    129  4.00
      488    188  1.00
      488    311  3.00
      488    326  3.00
      488    357  4.00
      488    521  4.00
      488    535  5.00
      488    538  5.00
      488    559  3.00
      488    566  3.00
      489     18  1.00
      489     42  1.00
      489    119  2.00
      489    178  2.00
      489    202  3.00
      489    294  1.00
      489    325  3.00
      489    477  1.00
      489    516  1.00
      490    125  6.00
      490    270  3.00
      490    295  3.00
      490    398  4.00
      490    464  6.00
      491    418  4.00
      492    111  2.00
      492    144  2.00
      492    294  2.00
      492    428  2.00
      493    148  3.00
      493    160  5.00
      493    219  3.00
      493    231  2.00
      493    281  3.00
      493    629  2.00
      494    149  6.00
      494    154  6.00
      494    227  5.00
      494    303  2.00
      494    506  2.00
      494    517  6.00
      495     35  6.00
      495    483  6.00
      495    546  2.00
      495    617  2.00
      496    128  2.00
      496    139  6.00
      496    199  4.00
      496    306  3.00
      496    328  4.00
      496    339  6.00
      496    358  2.00
      496    414  6.00
      497    131  2.00
      497    270  3.00
      497    369  5.00
      497    381  2.00
      497    406  1.00
      497    621  3.00
      497    627  4.00
      498      8  6.00
      498     53  4.00
      498    201  5.00
      498    231  4.00
      498    240  3.00
      498    309  4.00
      498    312  3.00
      498    313  4.00
      498    384  6.00
      498    388  4.00
      499     94  2.00
      499    149  2.00
      499    321  4.00
      499    525  4.00
      499    536  5.00
      500    151  3.00
      500    204  1.00
      500    272  3.00
      500    495  2.00
      500    525  3.00
      500    589  1.00
      500    606  4.00
      500    611  3.00
      500    617  4.00
      500    621  6.00
      501    127  2.00
      501    148  6.00
      501    193  1.00
      501    317  2.00
      501    598  4.00
      501    628  1.00
      502     87  3.00
      502    472  3.00
      503    295  1.00
      503    428  2.00
      503    440  1.00
      503    547  1.00
      503    551  2.00
      504    109  5.00
      504    161  5.00
      504    622  1.00
      505    109  5.00
      505    111  5.00
      505    531  5.00
      506     58  2.00
      506    126  2.00
      506    248  3.00
      506    395  5.00
      506    531  2.00
      507     12  2.00
      507    125  2.00
      507    250  1.00
      507    287  1.00
      507    512  1.00
      507    531  2.00
      507    547  1.00
      507    553  1.00
      507    583  1.00
      508     19  1.00
      508    143  3.00
      508    171  1.00
      508    182  1.00
      508    208  6.00
      508    274  1.00
      508    357  1.00
      508    409  1.00
      508    441  3.00
      509     72  1.00
      509     84  1.00
      509    174  5.00
      509    204  1.00
      509    230  4.00
      509    252  3.00
      509    293  1.00
      509    300  1.00
      509    346  5.00
      509    363  1.00
      510    178  5.00
      510    434  2.00
      510    477  5.00
      511    541  3.00
      512     22  1.00
      512    199  2.00
      512    314  1.00
      512    331  1.00
      512    360  3.00
      512    436  1.00
      512    505  1.00
      512    520  2.00
      513    102  1.00
      513    188  5.00
      513    362  2.00
      513    527  4.00
      513    575  2.00
      513    579  6.00
      513    609  2.00
      514    150  6.00
      515     14  1.00
      515    157  1.00
      515    397  1.00
      515    581  3.00
      515    618  2.00
      516     18  3.00
      516     53  3.00
      516    181  3.00
      516    316  6.00
      516    353  6.00
      516    479  2.00
      517     23  4.00
      517    120  6.00
      517    227  6.00
      517    243  2.00
      517    306  2.00
      517    406  2.00
      517    494  5.00
      517    537  2.00
      517    584  2.00
      518    166  1.00
      519    127  4.00
      519    270  6.00
      519    349  3.00
      519    390  2.00
      519    402  1.00
      519    403  4.00
      519    475  5.00
      519    481  4.00
      520     17  3.00
      520     28  1.00
      520     88  6.00
      520    226  1.00
      520    331  3.00
      520    360  3.00
      520    442  1.00
      520    443  1.00
      521    207  2.00
      521    357  1.00
      521    524  3.00
      521    538  3.00
      521    590  2.00
      522     28  3.00
      522     62  2.00
      522     68  6.00
      522     99  2.00
      522    122  2.00
      522    287  5.00
      522    537  5.00
      523      9  1.00
      523     44  1.00
      523     57  1.00
      523    217  1.00
      523    426  3.00
      523    542  2.00
      524     14  2.00
      524    207  2.00
      524    521  4.00
      524    538  5.00
      524    590  5.00
      525      7  2.00
      525     81  2.00
      525    164  2.00
      525    172  2.00
      525    225  2.00
      525    280  2.00
      525    482  2.00
      525    499  2.00
      526     51  6.00
      526     97  1.00
      526    163  3.00
      526    242  6.00
      526    335  2.00
      526    455  2.00
      526    515  2.00
      526    618  1.00
      527     94  3.00
      527    137  3.00
      527    188  6.00
      527    276  3.00
      527    362  3.00
      527    513  6.00
      527    579  5.00
      527    590  4.00
      528     92  2.00
      528    132  3.00
      528    287  3.00
      528    328  2.00
      528    463  4.00
      528    522  3.00
      528    537  6.00
      529     21  2.00
      529    256  2.00
      529    267  2.00
      529    332  2.00
      529    408  2.00
      529    472  2.00
      529    615  3.00
      530     17  2.00
      530     24  4.00
      530    144  2.00
      530    259  2.00
      530    284  5.00
      531     21  1.00
      531    386  2.00
      532     58  1.00
      532     89  4.00
      532    209  1.00
      532    335  1.00
      533    221  1.00
      533    237  5.00
      534     43  4.00
      534     67  4.00
      534    181  2.00
      534    320  6.00
      534    463  4.00
      534    554  1.00
      534    621  5.00
      534    627  5.00
      535    129  4.00
      535    326  3.00
      535    488  6.00
      535    521  3.00
      535    538  3.00
      535    559  5.00
      535    566  2.00
      535    582  4.00
      536     20  5.00
      536     67  2.00
      536    240  2.00
      536    257  3.00
      536    281  2.00
      536    303  6.00
      536    466  4.00
      536    499  6.00
      536    534  2.00
      537    167  5.00
      537    463  6.00
      537    522  5.00
      537    528  5.00
      537    562  6.00
      537    627  6.00
      538    207  5.00
      538    296  3.00
      538    311  2.00
      538    403  6.00
      538    488  5.00
      538    521  5.00
      538    524  3.00
      538    535  3.00
      538    552  4.00
      538    579  2.00
      539    315  3.00
      539    325  2.00
      539    340  5.00
      539    366  2.00
      539    499  2.00
      540     21  1.00
      540     35  1.00
      540    235  1.00
      540    307  1.00
      540    308  3.00
      540    529  1.00
      540    568  1.00
      540    596  1.00
      541     57  5.00
      541    393  2.00
      541    400  6.00
      541    511  2.00
      542     29  2.00
      542     45  2.00
      542    296  2.00
      542    325  1.00
      542    357  2.00
      542    387  2.00
      542    403  1.00
      542    426  2.00
      542    523  2.00
      542    547  3.00
      543     11  2.00
      543    314  6.00
      543    443  6.00
      544     13  2.00
      544     17  2.00
      544     62  3.00
      544    158  6.00
      544    201  4.00
      544    446  5.00
      544    454  6.00
      545    223  3.00
      545    224  4.00
      545    265  4.00
      545    546  3.00
      546    218  3.00
      547    363  1.00
      547    381  1.00
      547    504  1.00
      547    522  1.00
      548     21  5.00
      548     51  6.00
      548     99  1.00
      548    131  4.00
      548    369  3.00
      548    494  4.00
      548    627  3.00
      549     40  2.00
      549     42  1.00
      549     43  1.00
      549     97  1.00
      549    160  1.00
      549    181  4.00
      549    196  6.00
      549    227  1.00
      549    587  1.00
      549    610  1.00
      550      1  3.00
      550     12  2.00
      550     46  3.00
      550    104  3.00
      550    108  1.00
      550    434  3.00
      550    450  3.00
      550    464  2.00
      550    477  3.00
      550    556  5.00
      551    198  2.00
      551    255  1.00
      551    399  3.00
      551    413  2.00
      551    503  2.00
      551    547  1.00
      551    550  1.00
      552     47  2.00
      552    129  2.00
      552    296  3.00
      552    391  1.00
      552    402  2.00
      552    403  6.00
      552    538  3.00
      552    568  5.00
      553     68  3.00
      553     79  5.00
      553    226  3.00
      553    243  3.00
      553    324  4.00
      553    328  4.00
      553    339  6.00
      553    384  3.00
      553    522  6.00
      554     43  4.00
      554     67  5.00
      554    140  6.00
      554    190  4.00
      554    316  4.00
      554    320  4.00
      554    534  5.00
      554    559  4.00
      554    570  6.00
      555    303  4.00
      556     19  5.00
      556     64  2.00
      556    333  1.00
      556    337  1.00
      556    550  5.00
      556    553  1.00
      556    622  4.00
      557     48  2.00
      557    294  4.00
      557    588  3.00
      558      6  1.00
      558     32  2.00
      558     37  1.00
      558    223  3.00
      558    601  2.00
      559     39  5.00
      559     55  4.00
      559    236  5.00
      559    239  4.00
      559    326  4.00
      559    473  3.00
      559    488  3.00
      559    535  4.00
      559    599  3.00
      560     22  1.00
      560     51  2.00
      560     88  3.00
      560    226  1.00
      560    241  3.00
      560    331  2.00
      560    593  2.00
      561    225  3.00
      561    239  1.00
      561    323  2.00
      561    366  4.00
      561    527  6.00
      561    614  2.00
      562     43  3.00
      562    167  6.00
      562    405  2.00
      562    463  6.00
      562    522  5.00
      562    534  5.00
      562    537  6.00
      562    554  3.00
      562    627  2.00
      563    116  2.00
      563    185  3.00
      563    478  2.00
      563    518  1.00
      563    519  2.00
      564     10  5.00
      564     33  5.00
      564    168  6.00
      564    229  4.00
      564    246  2.00
      564    322  6.00
      564    338  4.00
      564    348  3.00
      564    615  5.00
      564    616  2.00
      565    227  4.00
      565    427  4.00
      565    461  6.00
      566     39  6.00
      566     49  5.00
      566    123  2.00
      566    135  2.00
      566    239  3.00
      566    291  5.00
      566    357  3.00
      566    478  5.00
      566    590  2.00
      566    605  2.00
      567     43  1.00
      567     67  2.00
      567    106  3.00
      567    240  5.00
      567    250  6.00
      567    287  1.00
      567    324  2.00
      567    421  5.00
      567    463  2.00
      567    534  6.00
      569      1  2.00
      569    333  2.00
      569    492  1.00
      569    551  2.00
      570     67  2.00
      570    140  4.00
      570    190  2.00
      570    214  3.00
      570    221  1.00
      570    232  1.00
      570    453  2.00
      570    534  1.00
      571     57  3.00
      571    134  2.00
      571    164  4.00
      571    193  3.00
      571    359  3.00
      571    393  2.00
      571    561  2.00
      572    117  2.00
      572    340  2.00
      573     19  1.00
      573    143  6.00
      573    215  2.00
      573    491  1.00
      574     26  4.00
      574     40  5.00
      574     90  5.00
      574    281  3.00
      575     60  1.00
      575    149  3.00
      575    188  1.00
      575    315  1.00
      575    513  4.00
      576    119  3.00
      576    453  5.00
      576    456  2.00
      577    138  4.00
      577    228  2.00
      577    364  6.00
      577    472  3.00
      577    583  2.00
      578    159  4.00
      578    169  3.00
      579     31  4.00
      579    188  6.00
      579    513  6.00
      579    527  3.00
      579    609  3.00
      580    254  6.00
      580    335  2.00
      580    455  5.00
      580    460  4.00
      581     15  2.00
      581     41  2.00
      581    216  1.00
      581    304  3.00
      581    347  5.00
      581    397  1.00
      581    515  2.00
      582    172  6.00
      582    225  6.00
      582    288  3.00
      582    291  2.00
      582    323  2.00
      582    326  4.00
      582    482  2.00
      582    521  2.00
      582    535  3.00
      582    538  1.00
      583    266  1.00
      583    402  2.00
      583    456  2.00
      583    548  2.00
      583    628  2.00
      584    137  6.00
      584    301  4.00
      584    307  5.00
      584    362  6.00
      584    403  4.00
      584    430  2.00
      584    475  6.00
      584    524  1.00
      584    538  3.00
      585    102  3.00
      585    236  2.00
      585    248  3.00
      585    297  4.00
      585    394  5.00
      585    582  1.00
      585    587  2.00
      585    614  4.00
      586     52  6.00
      586     57  4.00
      586     66  6.00
      586    130  1.00
      586    366  1.00
      586    393  1.00
      586    412  6.00
      586    541  6.00
      586    585  3.00
      586    614  3.00
      587      2  6.00
      587     52  6.00
      587     58  6.00
      587     66  6.00
      587    249  5.00
      587    356  6.00
      588     21  4.00
      588     48  4.00
      588    209  1.00
      588    264  1.00
      588    273  2.00
      588    294  5.00
      588    421  1.00
      588    459  3.00
      588    557  4.00
      590    162  6.00
      590    188  5.00
      590    207  6.00
      590    326  6.00
      590    357  5.00
      590    521  6.00
      590    524  6.00
      590    527  5.00
      590    559  4.00
      591    606  6.00
      592      2  1.00
      592     42  3.00
      592    113  2.00
      592    124  1.00
      592    213  1.00
      592    268  1.00
      592    274  1.00
      592    382  1.00
      593    341  4.00
      593    406  1.00
      594    181  6.00
      594    269  2.00
      594    272  4.00
      594    405  5.00
      594    628  4.00
      596      4  1.00
      596    163  1.00
      596    173  2.00
      596    308  1.00
      596    390  1.00
      596    402  1.00
      596    445  4.00
      596    475  1.00
      596    519  1.00
      597    127  1.00
      597    147  2.00
      597    278  2.00
      597    282  2.00
      597    301  1.00
      597    330  3.00
      597    402  6.00
      597    584  1.00
      598    127  1.00
      598    148  4.00
      598    301  1.00
      598    317  3.00
      598    332  1.00
      598    392  1.00
      598    501  5.00
      598    613  1.00
      599    147  5.00
      599    205  5.00
      599    278  6.00
      599    282  3.00
      599    433  5.00
      599    444  2.00
      599    584  2.00
      601     54  1.00
      601    171  2.00
      601    214  2.00
      601    223  1.00
      601    350  1.00
      601    477  2.00
      602      6  2.00
      602     32  4.00
      602     71  2.00
      602     77  2.00
      602    152  5.00
      602    344  2.00
      602    472  2.00
      603    141  1.00
      603    212  3.00
      603    482  2.00
      605    135  3.00
      605    291  2.00
      605    308  5.00
      605    435  5.00
      605    478  4.00
      605    488  1.00
      605    566  1.00
      605    579  3.00
      606    500  4.00
      606    608  1.00
      607     83  3.00
      607    192  3.00
      607    591  5.00
      608     47  1.00
      608    244  4.00
      608    290  1.00
      608    425  2.00
      608    483  2.00
      608    547  3.00
      608    563  3.00
      608    611  3.00
      609     44  1.00
      609    102  1.00
      609    189  1.00
      609    293  2.00
      609    482  1.00
      609    513  2.00
      609    524  1.00
      609    579  1.00
      611     36  1.00
      611     40  4.00
      611     47  1.00
      611    251  3.00
      611    448  1.00
      611    495  1.00
      611    589  4.00
      611    608  3.00
      612    197  6.00
      612    204  1.00
      612    229  2.00
      612    391  1.00
      612    615  3.00
      613    349  2.00
      613    484  5.00
      614    130  1.00
      614    171  1.00
      615    168  6.00
      615    229  6.00
      615    246  4.00
      615    338  6.00
      615    348  5.00
      615    390  4.00
      615    564  5.00
      615    616  5.00
      616      4  2.00
      616     10  5.00
      616     37  4.00
      616    103  2.00
      616    142  4.00
      616    246  4.00
      616    338  5.00
      616    348  5.00
      616    390  2.00
      616    452  5.00
      617     77  1.00
      617    272  1.00
      617    424  1.00
      617    495  1.00
      617    594  3.00
      617    621  2.00
      617    628  3.00
      618    171  1.00
      618    179  2.00
      618    216  5.00
      618    304  1.00
      618    347  2.00
      618    397  6.00
      618    409  4.00
      618    485  3.00
      618    515  2.00
      619      1  5.00
      619     46  6.00
      619    161  5.00
      619    474  3.00
      620    158  4.00
      620    446  6.00
      620    627  2.00
      621    272  5.00
      621    369  2.00
      621    423  4.00
      621    424  4.00
      621    500  6.00
      621    534  5.00
      621    555  2.00
      621    594  2.00
      621    617  3.00
      621    628  2.00
      622    422  6.00
      622    504  3.00
      622    556  3.00
      623      2  2.00
      623     52  4.00
      623     58  3.00
      623     66  6.00
      623    449  4.00
      623    522  2.00
      625     69  5.00
      625    163  3.00
      625    263  3.00
      625    350  3.00
      625    418  3.00
      626    248  1.00
      626    350  2.00
      627    122  1.00
      627    405  4.00
      627    463  2.00
      627    497  5.00
      627    534  3.00
      627    537  1.00
      627    562  1.00
      627    620  5.00
      628    218  2.00
      628    236  3.00
      628    248  3.00
      628    594  3.00
      628    617  3.00
      629     66  3.00
      629    240  1.00
      629    275  1.00
      629    327  1.00
      629    449  4.00
      630    639  1.00
      630    645  1.00
      630    649  2.00
      630    653  1.00
      630    660  1.00
      630    663  1.00
      630    672  1.00
      630    675  1.00
      632    634  1.00
      632    636  1.00
      632    643  1.00
      632    645  1.00
      632    649  1.00
      632    653  1.00
      632    657  1.00
      632    675  1.00
      633    639  6.00
      633    645  5.00
      633    647  3.00
      633    649  5.00
      633    654  6.00
      633    670  6.00
      633    678  6.00
      634    632  1.00
      634    656  1.00
      634    670  1.00
      634    678  1.00
      635    163  5.00
      635    242  3.00
      635    659  5.00
      636    645  1.00
      636    646  3.00
      636    647  1.00
      636    652  1.00
      636    653  1.00
      636    657  3.00
      636    658  2.00
      636    660  1.00
      636    663  1.00
      636    675  1.00
      637    651  2.00
      637    662  3.00
      637    668  3.00
      637    671  5.00
      637    674  2.00
      638    654  2.00
      638    678  2.00
      639    647  1.00
      639    649  1.00
      639    659  5.00
      639    660  2.00
      639    663  4.00
      639    670  1.00
      639    672  1.00
      639    676  4.00
      640    645  1.00
      640    652  2.00
      640    675  2.00
      641    644  2.00
      642    648  5.00
      642    654  1.00
      642    673  4.00
      642    674  4.00
      642    677  1.00
      642    678  3.00
      643    647  1.00
      643    663  3.00
      645    652  2.00
      645    653  3.00
      645    657  1.00
      645    675  2.00
      645    679  2.00
      646    635  1.00
      646    636  5.00
      646    645  1.00
      646    653  1.00
      646    657  3.00
      646    658  5.00
      646    663  1.00
      646    667  2.00
      646    675  1.00
      647    242  2.00
      647    657  5.00
      648    641  1.00
      648    642  6.00
      648    654  2.00
      648    660  1.00
      648    662  3.00
      648    672  1.00
      648    673  3.00
      648    678  4.00
      649    283  3.00
      649    284  3.00
      649    648  1.00
      649    655  1.00
      649    659  2.00
      649    660  3.00
      649    672  4.00
      649    673  1.00
      649    677  2.00
      650    661  5.00
      651    637  2.00
      651    671  6.00
      652    640  2.00
      652    645  2.00
      652    647  2.00
      652    653  2.00
      652    675  2.00
      653    222  1.00
      653    298  1.00
      653    425  6.00
      653    645  3.00
      654    678  6.00
      655    647  1.00
      655    654  1.00
      655    669  2.00
      655    675  6.00
      655    677  2.00
      655    679  2.00
      656     36  3.00
      656    213  6.00
      656    634  3.00
      656    645  4.00
      656    663  3.00
      656    670  5.00
      657     59  2.00
      657    636  3.00
      657    647  6.00
      657    652  1.00
      657    653  3.00
      657    663  1.00
      657    672  1.00
      657    675  1.00
      658    213  2.00
      658    636  3.00
      658    645  1.00
      658    646  4.00
      658    649  2.00
      658    657  2.00
      658    660  2.00
      659    635  4.00
      659    639  5.00
      659    649  2.00
      659    660  2.00
      659    672  2.00
      659    676  5.00
      660    645  2.00
      660    646  2.00
      660    649  2.00
      660    653  2.00
      660    658  2.00
      660    663  2.00
      660    672  2.00
      662    641  1.00
      662    642  4.00
      662    648  5.00
      662    654  1.00
      662    667  1.00
      662    678  2.00
      663    113  3.00
      663    508  5.00
      663    654  2.00
      663    660  4.00
      663    666  1.00
      663    672  3.00
      663    678  3.00
      665    650  3.00
      665    661  3.00
      665    667  3.00
      667    104  3.00
      667    119  4.00
      667    418  1.00
      667    663  4.00
      667    668  3.00
      668    655  1.00
      668    666  2.00
      668    669  1.00
      668    674  3.00
      668    679  1.00
      669    654  1.00
      669    655  3.00
      669    661  1.00
      669    673  1.00
      669    677  1.00
      669    678  1.00
      669    679  1.00
      670     47  4.00
      670    293  3.00
      670    639  3.00
      670    654  2.00
      670    663  3.00
      670    676  1.00
      670    678  3.00
      671    637  5.00
      671    641  3.00
      671    644  2.00
      671    651  4.00
      672    437  1.00
      672    645  1.00
      672    649  3.00
      672    652  1.00
      672    660  3.00
      672    663  2.00
      673    642  6.00
      673    648  6.00
      673    649  3.00
      673    654  4.00
      673    670  4.00
      673    672  3.00
      673    677  3.00
      673    678  5.00
      674    642  5.00
      674    654  1.00
      674    669  1.00
      674    673  4.00
      674    678  1.00
      675    632  1.00
      675    645  2.00
      675    652  5.00
      675    655  6.00
      675    657  1.00
      677    642  1.00
      677    649  1.00
      677    654  1.00
      677    655  1.00
      677    666  1.00
      677    672  1.00
      677    673  1.00
      677    678  1.00
      677    679  1.00
      678    109  2.00
      678    250  2.00
      678    508  1.00
      679    636  1.00
      679    645  5.00
      679    646  1.00
      679    647  2.00
      679    652  2.00
      679    653  1.00
      679    657  1.00
      679    677  2.00