DL
N=1108
FORMAT=EDGELIST1
DATA:
        1      5  2.00
        1    211  3.00
        2     63  5.00
        2    216  1.00
        2    466  2.00
        2    487  2.00
        2    501  1.00
        2    570  1.00
        2    621  2.00
        2    693  3.00
        3    302  1.00
        3    341  1.00
        3    372  1.00
        3    399  1.00
        3    472  1.00
        3    498  1.00
        3    790  1.00
        4    170  2.00
        4    297  1.00
        4    471  2.00
        4    475  2.00
        4    520  5.00
        4    579  4.00
        4    616  2.00
        4    621  1.00
        7     33  4.00
        7     78  2.00
        8     63  6.00
        8    257  2.00
        8    320  6.00
        9     26  4.00
        9     83  1.00
        9    241  2.00
       10     42  2.00
       10    178  2.00
       10    251  2.00
       10    373  2.00
       10    520  1.00
       10    787  2.00
       11     87  2.00
       11    468  1.00
       11    606  4.00
       14    233  5.00
       15    484  2.00
       16    150  2.00
       16    353  1.00
       16    410  2.00
       16    455  3.00
       16    507  4.00
       16    522  1.00
       16    694  6.00
       16    740  1.00
       17    234  6.00
       19    179  3.00
       19    322  6.00
       19    560  6.00
       19    596  6.00
       20     78  6.00
       20     84  6.00
       20    678  6.00
       21    531  3.00
       22     69  2.00
       22    138  2.00
       22    145  2.00
       22    245  2.00
       22    383  1.00
       22    388  2.00
       23     98  4.00
       23    112  3.00
       23    318  5.00
       23    675  5.00
       26     67  1.00
       26     70  1.00
       26     93  1.00
       26    496  1.00
       26    610  1.00
       26    652  1.00
       28    434  3.00
       28    789  3.00
       29    134  6.00
       29    141  1.00
       29    580  1.00
       32    267  6.00
       33     19  1.00
       33     20  6.00
       33    236  6.00
       33    544  2.00
       33    596  1.00
       34    396  4.00
       34    690  3.00
       34    701  2.00
       36    757  2.00
       39     43  1.00
       39     81  1.00
       39     88  1.00
       39    391  1.00
       39    555  1.00
       40    197  6.00
       40    440  1.00
       40    568  4.00
       40    647  2.00
       41    167  4.00
       42     10  6.00
       42    134  3.00
       42    178  4.00
       42    251  6.00
       42    260  3.00
       43    249  4.00
       43    447  3.00
       43    652  3.00
       45    162  3.00
       45    325  1.00
       45    388  3.00
       45    399  2.00
       45    456  2.00
       45    546  2.00
       45    652  5.00
       45    704  3.00
       46     16  3.00
       46    402  3.00
       48     19  4.00
       48    220  4.00
       48    228  3.00
       48    262  4.00
       48    267  3.00
       48    580  2.00
       48    665  1.00
       51     76  2.00
       51    248  1.00
       51    264  1.00
       51    277  1.00
       51    345  2.00
       52    357  2.00
       52    609  1.00
       52    773  1.00
       53     48  5.00
       53    457  2.00
       54    186  3.00
       54    288  5.00
       54    415  5.00
       55    139  2.00
       55    267  1.00
       55    316  1.00
       55    354  4.00
       55    365  5.00
       55    371  4.00
       55    668  1.00
       56    444  1.00
       56    475  2.00
       56    510  3.00
       56    628  3.00
       56    683  5.00
       56    755  2.00
       57     68  6.00
       57    168  6.00
       57    312  1.00
       57    398  6.00
       57    406  6.00
       57    620  2.00
       58    508  1.00
       59     92  2.00
       59    717  5.00
       59    788  3.00
       61    213  5.00
       61    219  2.00
       61    225  2.00
       61    242  4.00
       61    419  1.00
       61    478  1.00
       62    717  6.00
       63      2  6.00
       63      8  5.00
       63    407  5.00
       65    591  4.00
       65    650  4.00
       66     91  3.00
       66    191  6.00
       66    250  2.00
       66    262  3.00
       66    326  1.00
       66    431  5.00
       66    440  1.00
       66    476  1.00
       66    583  6.00
       66    689  3.00
       67      9  2.00
       67    420  2.00
       67    429  2.00
       67    670  4.00
       68     57  6.00
       68    160  3.00
       68    314  5.00
       68    334  2.00
       68    398  4.00
       68    403  3.00
       69    362  4.00
       69    650  5.00
       70     26  1.00
       70    156  1.00
       70    395  1.00
       70    396  1.00
       70    397  1.00
       70    496  1.00
       70    549  1.00
       71     76  3.00
       71    463  2.00
       71    588  2.00
       74    367  6.00
       76    187  4.00
       76    465  5.00
       76    588  5.00
       79     95  5.00
       79    189  2.00
       79    552  4.00
       79    646  5.00
       79    700  2.00
       79    726  5.00
       80    136  3.00
       80    196  3.00
       80    296  4.00
       80    784  3.00
       81     39  1.00
       81     83  1.00
       81     88  1.00
       81    710  1.00
       83     81  5.00
       83    349  4.00
       85    117  5.00
       85    287  1.00
       85    401  2.00
       85    404  1.00
       85    511  3.00
       85    549  5.00
       85    586  1.00
       85    603  3.00
       85    745  3.00
       86    154  1.00
       86    353  2.00
       86    427  1.00
       86    513  3.00
       86    604  2.00
       86    666  2.00
       87    114  5.00
       87    189  3.00
       87    412  5.00
       87    468  5.00
       87    528  4.00
       87    649  5.00
       87    654  5.00
       88     81  3.00
       88     83  3.00
       88    144  4.00
       88    578  3.00
       88    729  4.00
       88    732  3.00
       89    327  6.00
       89    542  5.00
       91    150  6.00
       91    191  6.00
       91    231  6.00
       91    255  4.00
       91    440  5.00
       91    476  4.00
       91    568  1.00
       91    647  1.00
       92    788  3.00
       93     13  1.00
       93    112  1.00
       93    125  1.00
       93    396  1.00
       93    447  1.00
       93    736  1.00
       94    235  3.00
       94    527  2.00
       95     84  2.00
       95     98  5.00
       95    189  4.00
       95    201  1.00
       95    332  2.00
       95    552  5.00
       95    644  4.00
       95    646  5.00
       95    726  5.00
       95    727  5.00
       96    434  6.00
       97    191  1.00
       97    195  4.00
       97    297  6.00
       97    486  1.00
       97    530  2.00
       98     84  2.00
       98     95  6.00
       98    189  3.00
       98    552  4.00
       98    644  1.00
       98    646  4.00
       98    675  1.00
       98    689  6.00
       98    700  1.00
       99      6  2.00
       99     12  2.00
       99    122  3.00
       99    182  5.00
       99    733  4.00
       99    763  2.00
      100    109  5.00
      100    614  1.00
      100    726  2.00
      101    341  6.00
      101    347  2.00
      105     34  1.00
      106    248  2.00
      106    322  5.00
      106    376  2.00
      106    448  5.00
      106    544  4.00
      106    614  5.00
      106    726  3.00
      106    787  2.00
      107     23  4.00
      107    173  2.00
      107    596  1.00
      107    732  3.00
      108     84  5.00
      108    410  1.00
      108    497  6.00
      108    740  6.00
      109    100  3.00
      109    106  2.00
      109    596  1.00
      110     24  1.00
      110    128  1.00
      110    184  2.00
      110    740  1.00
      111    223  1.00
      111    532  1.00
      112    104  1.00
      112    447  1.00
      112    451  6.00
      112    611  1.00
      112    752  1.00
      114    412  5.00
      114    468  4.00
      114    654  4.00
      116    310  2.00
      116    317  2.00
      116    788  1.00
      117     85  6.00
      117    271  3.00
      117    297  3.00
      117    401  5.00
      117    549  6.00
      117    586  4.00
      117    610  5.00
      121      2  2.00
      121      8  2.00
      121    379  2.00
      121    426  2.00
      121    479  3.00
      121    487  3.00
      121    688  3.00
      123     91  1.00
      123    150  1.00
      123    200  3.00
      123    239  1.00
      123    255  2.00
      123    352  2.00
      123    393  5.00
      123    749  2.00
      124     17  2.00
      124    254  3.00
      124    355  6.00
      124    426  2.00
      124    469  3.00
      124    718  5.00
      126    306  1.00
      126    669  1.00
      127    744  3.00
      128    425  2.00
      128    528  2.00
      128    533  6.00
      129    287  4.00
      129    296  3.00
      131    662  2.00
      133     75  3.00
      133    219  2.00
      133    288  6.00
      133    419  1.00
      133    492  4.00
      134     29  5.00
      134    141  6.00
      134    580  3.00
      135    410  3.00
      135    522  4.00
      135    661  5.00
      136     22  3.00
      136     70  2.00
      136     80  2.00
      136     83  2.00
      136    145  2.00
      136    395  2.00
      136    603  2.00
      136    624  2.00
      136    784  2.00
      137    158  2.00
      139     83  1.00
      139    171  1.00
      139    316  2.00
      139    395  2.00
      139    404  1.00
      139    498  1.00
      141     29  1.00
      141    134  1.00
      141    254  1.00
      141    580  1.00
      142     91  1.00
      142    150  1.00
      142    393  2.00
      142    425  3.00
      142    440  3.00
      142    442  5.00
      142    712  1.00
      143    217  1.00
      143    219  1.00
      143    250  2.00
      143    285  1.00
      143    450  5.00
      143    653  1.00
      145    201  2.00
      145    296  2.00
      145    335  1.00
      145    347  1.00
      145    545  1.00
      145    624  4.00
      145    785  6.00
      146    288  6.00
      146    479  6.00
      146    543  6.00
      146    682  1.00
      149     66  2.00
      149    154  2.00
      149    207  2.00
      149    208  2.00
      149    583  2.00
      149    689  2.00
      150     91  6.00
      150    231  5.00
      150    332  3.00
      150    613  3.00
      151     44  2.00
      151    169  2.00
      151    305  2.00
      151    350  2.00
      151    409  5.00
      151    527  3.00
      151    582  6.00
      151    788  1.00
      152     87  2.00
      152    705  1.00
      153    106  4.00
      153    434  2.00
      153    765  5.00
      154    170  6.00
      154    191  2.00
      154    402  6.00
      154    413  3.00
      154    427  5.00
      154    544  2.00
      154    600  1.00
      154    689  1.00
      154    753  3.00
      155    487  1.00
      155    598  4.00
      155    688  3.00
      156     26  1.00
      156    260  2.00
      156    341  3.00
      156    347  3.00
      156    496  6.00
      157    293  2.00
      159    667  3.00
      162     33  1.00
      162     45  4.00
      162     81  1.00
      162     83  1.00
      162    112  1.00
      162    354  1.00
      162    399  5.00
      162    447  1.00
      162    495  1.00
      163    293  1.00
      163    485  1.00
      163    751  1.00
      164     59  2.00
      164    182  1.00
      164    305  2.00
      164    553  3.00
      164    695  2.00
      165    175  4.00
      165    300  4.00
      165    346  1.00
      165    680  1.00
      166     60  3.00
      166    112  1.00
      166    214  4.00
      166    272  1.00
      166    394  1.00
      166    468  1.00
      166    625  3.00
      166    752  3.00
      167    157  2.00
      167    443  2.00
      167    485  2.00
      167    625  3.00
      167    706  3.00
      167    751  2.00
      168     57  5.00
      168    121  1.00
      168    124  1.00
      168    165  1.00
      168    344  1.00
      168    355  1.00
      168    794  2.00
      170      4  1.00
      170    154  6.00
      170    541  3.00
      170    544  6.00
      170    677  2.00
      171     13  4.00
      171    395  1.00
      172    197  5.00
      172    393  3.00
      173    253  2.00
      174     27  3.00
      174    255  3.00
      175    124  1.00
      175    165  2.00
      175    331  3.00
      175    346  1.00
      175    355  1.00
      175    364  1.00
      175    680  1.00
      176    772  5.00
      177    118  6.00
      177    158  5.00
      177    198  3.00
      177    291  2.00
      178    448  2.00
      178    493  2.00
      178    580  2.00
      179     19  3.00
      179    120  5.00
      179    579  3.00
      179    741  5.00
      181      6  1.00
      181    180  1.00
      181    212  1.00
      182     99  2.00
      182    299  6.00
      182    553  4.00
      182    719  3.00
      182    722  1.00
      183    323  1.00
      183    331  4.00
      183    334  4.00
      183    503  6.00
      183    531  6.00
      183    621  1.00
      184    267  6.00
      184    476  3.00
      184    674  5.00
      185    476  3.00
      186    169  4.00
      186    288  5.00
      187     53  2.00
      187     76  4.00
      187    471  5.00
      188    616  2.00
      188    782  3.00
      189     84  5.00
      189     87  5.00
      189     95  4.00
      189     98  4.00
      189    255  2.00
      189    468  5.00
      189    528  5.00
      189    552  5.00
      190    240  3.00
      190    278  4.00
      190    373  2.00
      190    382  2.00
      190    579  1.00
      190    593  2.00
      191     66  6.00
      191     91  3.00
      191     97  1.00
      191    103  2.00
      191    149  2.00
      191    154  1.00
      191    416  6.00
      191    530  4.00
      191    536  3.00
      193    407  1.00
      193    526  2.00
      194     97  3.00
      194    157  3.00
      194    159  5.00
      194    232  6.00
      194    318  3.00
      194    606  2.00
      194    629  6.00
      195    352  1.00
      195    411  1.00
      195    693  1.00
      196    201  1.00
      196    261  2.00
      196    393  5.00
      196    395  5.00
      196    404  5.00
      196    472  1.00
      196    545  5.00
      196    673  1.00
      197     40  3.00
      197    172  4.00
      197    393  5.00
      198    282  1.00
      198    401  1.00
      199    129  2.00
      199    282  2.00
      199    399  5.00
      199    447  3.00
      199    460  2.00
      200     66  1.00
      200     91  3.00
      200    123  4.00
      200    150  1.00
      200    255  5.00
      200    352  1.00
      200    431  4.00
      200    466  4.00
      200    709  1.00
      200    747  1.00
      201     32  1.00
      201     50  1.00
      201    196  1.00
      201    296  6.00
      201    608  1.00
      201    648  2.00
      203    350  2.00
      203    662  2.00
      205    191  4.00
      205    324  4.00
      205    389  5.00
      205    438  4.00
      205    444  6.00
      205    706  2.00
      206     91  4.00
      206    440  4.00
      206    474  4.00
      206    476  6.00
      206    647  6.00
      206    712  6.00
      207    149  6.00
      207    210  6.00
      207    226  6.00
      207    308  6.00
      207    595  6.00
      208     66  4.00
      208     95  3.00
      208     98  4.00
      208    149  4.00
      208    207  4.00
      208    583  5.00
      208    689  6.00
      210     77  5.00
      210    226  5.00
      211    586  3.00
      211    723  2.00
      212     68  2.00
      212    379  2.00
      213     61  4.00
      213    105  1.00
      213    225  2.00
      213    242  2.00
      213    309  3.00
      213    409  1.00
      213    708  2.00
      216    202  4.00
      216    526  4.00
      218    258  5.00
      218    333  3.00
      218    336  3.00
      218    373  5.00
      218    625  2.00
      218    653  2.00
      218    671  4.00
      219    103  3.00
      219    143  1.00
      220     48  3.00
      220    117  3.00
      220    359  3.00
      220    606  1.00
      220    665  5.00
      220    735  3.00
      221     48  1.00
      221    192  2.00
      221    340  2.00
      221    349  4.00
      221    373  5.00
      221    605  5.00
      221    751  4.00
      223    758  6.00
      225    242  4.00
      225    672  3.00
      225    708  4.00
      226    207  4.00
      226    210  5.00
      226    442  3.00
      226    703  2.00
      226    706  1.00
      227     34  1.00
      227    196  1.00
      227    267  2.00
      227    371  3.00
      228     33  1.00
      228    106  2.00
      228    191  1.00
      228    493  5.00
      228    544  1.00
      228    596  3.00
      228    640  1.00
      228    677  1.00
      229    112  4.00
      229    157  4.00
      229    293  4.00
      229    456  3.00
      229    557  3.00
      229    730  3.00
      229    751  4.00
      229    776  6.00
      230     81  2.00
      230    112  4.00
      230    498  2.00
      231     91  6.00
      231    150  3.00
      231    255  5.00
      231    440  6.00
      231    448  1.00
      231    473  6.00
      231    476  6.00
      232    194  6.00
      232    769  6.00
      234     17  1.00
      234    345  1.00
      236     20  4.00
      236     33  6.00
      236    491  3.00
      239    324  1.00
      239    507  1.00
      239    599  6.00
      240     96  1.00
      240    164  1.00
      240    190  5.00
      240    278  4.00
      240    281  5.00
      240    625  1.00
      240    781  3.00
      241     14  6.00
      241    187  3.00
      241    233  2.00
      241    579  2.00
      241    603  2.00
      242     61  6.00
      243    407  4.00
      243    635  6.00
      244    229  1.00
      244    340  1.00
      244    728  1.00
      245    136  1.00
      245    247  2.00
      245    335  2.00
      245    597  2.00
      245    650  5.00
      245    729  1.00
      245    743  2.00
      246      9  1.00
      246     34  3.00
      246    549  2.00
      246    566  2.00
      246    729  1.00
      246    776  2.00
      247    245  1.00
      247    515  2.00
      247    577  1.00
      247    743  2.00
      248    105  4.00
      248    571  3.00
      249     43  3.00
      250     66  4.00
      250     86  2.00
      250    143  2.00
      250    413  4.00
      250    583  6.00
      250    600  6.00
      250    753  4.00
      250    789  5.00
      251     10  5.00
      251     33  3.00
      251     42  6.00
      251    158  2.00
      251    178  4.00
      251    179  2.00
      251    756  4.00
      251    787  6.00
      252    410  3.00
      252    510  3.00
      252    756  6.00
      253    376  6.00
      254    124  2.00
      254    426  1.00
      254    717  1.00
      254    788  1.00
      255     91  5.00
      255    123  1.00
      255    150  3.00
      255    200  4.00
      255    231  6.00
      255    440  6.00
      255    476  6.00
      255    647  3.00
      256     64  5.00
      257      8  1.00
      257     63  1.00
      257    282  2.00
      257    320  1.00
      257    360  3.00
      257    363  1.00
      258    150  2.00
      258    353  5.00
      258    396  6.00
      258    625  4.00
      258    692  1.00
      258    701  5.00
      258    751  2.00
      259    232  4.00
      259    585  2.00
      259    587  2.00
      259    769  3.00
      260    184  4.00
      260    185  4.00
      260    267  4.00
      262     66  6.00
      262    425  6.00
      262    444  4.00
      262    466  6.00
      262    486  5.00
      262    583  6.00
      262    789  6.00
      263     34  2.00
      263    104  1.00
      263    227  1.00
      264    182  2.00
      264    192  1.00
      264    221  3.00
      264    373  3.00
      264    456  1.00
      264    605  3.00
      264    728  1.00
      266     19  2.00
      266    109  2.00
      266    201  3.00
      266    253  1.00
      266    726  2.00
      267     32  5.00
      267    184  6.00
      267    261  3.00
      267    262  6.00
      267    365  6.00
      267    460  6.00
      267    462  5.00
      267    511  1.00
      267    538  6.00
      268    282  3.00
      269    123  2.00
      269    255  3.00
      269    278  2.00
      269    367  3.00
      269    570  2.00
      269    613  2.00
      269    621  2.00
      271     26  6.00
      271    117  6.00
      271    502  4.00
      271    600  2.00
      271    687  6.00
      271    716  4.00
      271    789  2.00
      272    138  6.00
      272    351  6.00
      273    433  4.00
      273    762  3.00
      274     58  1.00
      274    268  1.00
      274    589  1.00
      275    752  1.00
      276    319  4.00
      276    557  5.00
      276    597  4.00
      277     51  1.00
      277    442  1.00
      278    190  2.00
      278    382  1.00
      278    667  3.00
      278    760  3.00
      278    781  4.00
      279    446  2.00
      280    681  1.00
      281     86  1.00
      281     87  2.00
      281    240  4.00
      281    339  2.00
      281    612  3.00
      281    663  2.00
      281    700  2.00
      282      8  4.00
      282    118  3.00
      282    198  3.00
      282    409  3.00
      282    670  3.00
      282    713  3.00
      282    773  4.00
      283    360  2.00
      283    363  5.00
      283    645  4.00
      284    561  1.00
      286    776  3.00
      287    129  4.00
      287    150  2.00
      287    326  2.00
      287    430  2.00
      287    444  1.00
      287    596  1.00
      287    648  1.00
      287    772  4.00
      288    300  6.00
      288    570  6.00
      291     62  4.00
      291     63  5.00
      291    177  4.00
      291    360  6.00
      292    549  2.00
      292    566  6.00
      292    610  1.00
      292    615  1.00
      293     53  1.00
      293    258  2.00
      293    485  5.00
      293    625  3.00
      293    778  4.00
      295    122  3.00
      295    138  1.00
      295    282  2.00
      295    409  1.00
      295    498  2.00
      295    670  2.00
      297      4  2.00
      297     97  6.00
      297    321  2.00
      297    369  2.00
      297    533  1.00
      297    703  5.00
      297    782  3.00
      298    297  4.00
      298    373  2.00
      298    435  2.00
      298    447  3.00
      298    481  6.00
      298    533  5.00
      298    623  3.00
      298    625  2.00
      300    169  3.00
      300    186  3.00
      300    288  6.00
      300    570  3.00
      300    788  1.00
      302      3  3.00
      302    261  1.00
      302    400  1.00
      302    462  3.00
      302    538  3.00
      302    710  1.00
      302    763  2.00
      304    384  1.00
      304    392  2.00
      304    529  1.00
      304    636  1.00
      304    723  1.00
      304    739  3.00
      306     62  4.00
      306    126  5.00
      306    707  6.00
      309    105  1.00
      309    237  2.00
      309    282  3.00
      309    409  5.00
      312    138  2.00
      312    272  2.00
      312    420  2.00
      312    681  2.00
      312    776  3.00
      313    158  5.00
      315    389  1.00
      315    477  1.00
      315    494  1.00
      315    604  1.00
      315    616  3.00
      315    618  3.00
      315    735  1.00
      315    770  1.00
      316     55  1.00
      316    603  1.00
      317    217  2.00
      317    326  3.00
      317    535  2.00
      317    782  6.00
      318     97  3.00
      318    121  2.00
      318    486  1.00
      318    530  1.00
      318    615  2.00
      318    633  6.00
      318    665  3.00
      319    101  2.00
      319    276  4.00
      319    341  3.00
      319    342  2.00
      319    347  2.00
      319    557  2.00
      319    597  2.00
      320      8  1.00
      320    257  2.00
      320    598  1.00
      321     83  4.00
      321    349  3.00
      321    545  6.00
      321    785  6.00
      323    503  3.00
      324    425  6.00
      324    444  4.00
      324    628  2.00
      325     45  2.00
      325     93  5.00
      325    125  2.00
      325    188  2.00
      325    504  2.00
      326    317  2.00
      326    430  5.00
      326    535  5.00
      326    607  5.00
      326    692  5.00
      327     89  6.00
      327    363  1.00
      327    544  3.00
      330     45  5.00
      330    214  1.00
      330    737  1.00
      332     95  2.00
      332    134  1.00
      332    150  3.00
      332    455  6.00
      332    507  1.00
      332    709  6.00
      332    747  3.00
      333    190  3.00
      333    336  5.00
      333    653  3.00
      333    671  4.00
      334     68  3.00
      334    503  3.00
      334    531  6.00
      336    190  2.00
      336    218  2.00
      336    333  5.00
      336    424  2.00
      336    671  4.00
      338    140  2.00
      338    195  1.00
      338    214  2.00
      339    613  6.00
      339    674  3.00
      340    185  5.00
      340    402  2.00
      340    414  6.00
      340    434  1.00
      340    547  2.00
      340    614  3.00
      340    684  1.00
      341      1  2.00
      341    101  6.00
      341    156  3.00
      341    211  2.00
      341    347  5.00
      341    388  2.00
      342    673  5.00
      344    334  1.00
      344    592  4.00
      344    645  1.00
      344    739  6.00
      345    298  1.00
      345    623  4.00
      345    644  1.00
      347    341  4.00
      347    518  4.00
      349     83  2.00
      349    171  1.00
      349    318  1.00
      349    321  2.00
      349    545  6.00
      349    729  6.00
      349    751  6.00
      349    785  4.00
      350    237  2.00
      350    327  2.00
      350    722  2.00
      350    794  3.00
      351    272  6.00
      352    195  6.00
      352    693  4.00
      353     16  2.00
      353     86  5.00
      353    150  2.00
      353    258  6.00
      353    332  3.00
      353    410  2.00
      353    427  2.00
      353    694  2.00
      354     83  2.00
      354    139  4.00
      354    162  2.00
      354    316  2.00
      356    372  2.00
      356    471  3.00
      356    760  2.00
      358     62  1.00
      358    344  1.00
      358    479  2.00
      358    492  4.00
      358    620  1.00
      358    626  3.00
      358    636  5.00
      359     33  3.00
      359    220  3.00
      360    310  2.00
      360    313  2.00
      360    717  2.00
      360    749  2.00
      361    277  4.00
      362     32  1.00
      362     69  4.00
      362    176  1.00
      362    196  1.00
      362    321  1.00
      362    498  1.00
      362    556  1.00
      362    643  1.00
      362    650  3.00
      363    283  4.00
      363    288  2.00
      364     68  3.00
      364    314  3.00
      365     55  6.00
      365    105  5.00
      365    211  3.00
      365    260  6.00
      365    328  3.00
      365    371  6.00
      365    460  4.00
      365    545  5.00
      365    650  4.00
      365    785  3.00
      367     74  6.00
      367    106  4.00
      369    475  6.00
      369    481  3.00
      371    287  3.00
      371    335  3.00
      371    365  5.00
      371    428  2.00
      371    545  4.00
      371    650  3.00
      371    785  3.00
      373    218  6.00
      373    475  2.00
      373    520  3.00
      373    751  3.00
      374    106  2.00
      374    161  4.00
      374    182  2.00
      374    234  5.00
      374    235  3.00
      374    470  6.00
      375    513  5.00
      375    632  2.00
      375    725  2.00
      376    253  6.00
      377     71  3.00
      379    331  1.00
      379    685  6.00
      380    684  1.00
      383     22  2.00
      384     76  4.00
      384    617  6.00
      384    711  5.00
      384    764  4.00
      386     13  2.00
      386    483  5.00
      387    190  1.00
      387    579  6.00
      387    724  5.00
      388     22  1.00
      388     83  1.00
      388    156  3.00
      388    240  3.00
      388    341  3.00
      388    496  3.00
      388    652  6.00
      388    729  1.00
      388    742  5.00
      388    743  1.00
      389    205  4.00
      389    308  2.00
      393     40  4.00
      393    123  6.00
      393    197  6.00
      394     47  3.00
      394    309  3.00
      394    681  5.00
      395    196  6.00
      395    404  5.00
      396     34  2.00
      396     93  1.00
      396    258  5.00
      396    690  3.00
      396    701  6.00
      397     38  3.00
      397     85  2.00
      397    586  3.00
      397    590  6.00
      397    690  2.00
      397    725  4.00
      397    745  3.00
      398     57  5.00
      398     68  5.00
      398    103  3.00
      399    546  1.00
      400    395  2.00
      400    545  1.00
      400    668  5.00
      402    108  6.00
      402    185  1.00
      402    191  4.00
      402    340  3.00
      402    373  3.00
      402    427  6.00
      402    689  3.00
      402    703  4.00
      402    751  3.00
      403     14  3.00
      403     68  5.00
      403    378  3.00
      403    662  3.00
      404     85  1.00
      404    196  5.00
      404    201  2.00
      404    261  4.00
      404    287  1.00
      404    395  5.00
      404    772  2.00
      407     63  6.00
      407    243  4.00
      407    294  3.00
      407    415  3.00
      408    450  1.00
      409    282  2.00
      409    309  5.00
      409    582  2.00
      410     84  5.00
      410    135  4.00
      410    252  3.00
      410    522  6.00
      410    676  1.00
      410    756  4.00
      411      2  3.00
      411    195  4.00
      411    294  3.00
      411    621  4.00
      411    693  5.00
      411    773  2.00
      412     84  5.00
      412     87  5.00
      412    114  4.00
      412    468  5.00
      412    595  2.00
      412    654  5.00
      413     66  1.00
      413    250  1.00
      413    427  4.00
      413    493  1.00
      413    600  1.00
      413    604  2.00
      413    700  1.00
      413    706  1.00
      414     28  1.00
      414    185  1.00
      414    340  5.00
      414    547  1.00
      416     97  3.00
      416     98  4.00
      416    191  6.00
      416    205  1.00
      416    262  3.00
      416    466  2.00
      416    689  2.00
      416    789  2.00
      417    278  6.00
      417    758  3.00
      418     16  1.00
      418    159  1.00
      418    173  3.00
      418    222  1.00
      418    667  1.00
      418    760  1.00
      420    156  2.00
      420    171  1.00
      420    267  1.00
      420    397  1.00
      420    453  3.00
      420    467  2.00
      420    586  2.00
      420    610  3.00
      420    771  1.00
      421     12  1.00
      421    152  2.00
      421    637  5.00
      421    768  1.00
      423    662  2.00
      424     48  2.00
      424    239  2.00
      424    318  3.00
      424    599  6.00
      424    721  3.00
      425     91  2.00
      425    205  3.00
      425    324  5.00
      425    444  4.00
      425    486  3.00
      425    517  4.00
      425    712  3.00
      428    260  3.00
      428    365  3.00
      428    371  3.00
      428    472  3.00
      428    545  4.00
      430     19  1.00
      430    109  5.00
      430    322  2.00
      430    326  5.00
      430    535  4.00
      430    596  2.00
      430    607  5.00
      430    692  5.00
      431     66  5.00
      431    123  4.00
      431    200  5.00
      431    255  3.00
      431    440  3.00
      431    476  2.00
      431    583  3.00
      432     27  6.00
      432     48  1.00
      432    120  3.00
      432    134  2.00
      433    273  4.00
      434     96  6.00
      434    560  1.00
      436     42  2.00
      436    121  2.00
      436    135  2.00
      436    216  2.00
      436    265  2.00
      436    712  2.00
      438    205  6.00
      438    206  4.00
      438    561  4.00
      438    594  6.00
      438    606  6.00
      438    712  2.00
      440     91  6.00
      440    206  3.00
      440    255  6.00
      440    473  3.00
      440    476  6.00
      440    568  2.00
      440    647  6.00
      443    115  2.00
      443    308  2.00
      443    473  2.00
      443    481  2.00
      443    621  3.00
      443    625  2.00
      443    667  2.00
      443    686  2.00
      444     91  3.00
      444    205  6.00
      444    262  4.00
      444    324  2.00
      444    425  6.00
      446    676  1.00
      447    112  2.00
      447    308  3.00
      447    690  4.00
      448    106  5.00
      448    473  1.00
      448    596  1.00
      448    726  1.00
      449    220  3.00
      452     48  1.00
      452    170  1.00
      452    434  2.00
      452    448  1.00
      452    726  5.00
      452    787  3.00
      454     11  6.00
      455    150  3.00
      455    252  3.00
      455    332  6.00
      455    507  6.00
      455    548  4.00
      456     45  2.00
      456    285  1.00
      456    330  2.00
      456    597  1.00
      456    605  2.00
      456    751  1.00
      457    110  5.00
      458    152  1.00
      458    509  6.00
      458    511  6.00
      460    176  4.00
      460    260  4.00
      460    267  1.00
      460    365  1.00
      460    545  1.00
      462     32  2.00
      462    267  4.00
      462    302  3.00
      462    538  6.00
      463     71  1.00
      464     12  4.00
      464     62  5.00
      464     68  2.00
      464    175  2.00
      464    669  3.00
      464    680  2.00
      464    739  2.00
      464    779  3.00
      465     29  2.00
      465     76  1.00
      465    588  4.00
      466    262  6.00
      466    265  5.00
      466    789  5.00
      467     52  3.00
      467    357  5.00
      467    435  1.00
      467    437  4.00
      467    759  1.00
      468     84  3.00
      468     87  3.00
      468    195  2.00
      468    352  5.00
      468    412  6.00
      468    651  6.00
      468    654  6.00
      470    374  5.00
      471      2  4.00
      471    187  4.00
      471    389  1.00
      471    520  2.00
      471    535  3.00
      471    579  1.00
      471    621  2.00
      472    171  1.00
      472    176  1.00
      472    196  1.00
      472    260  2.00
      472    321  1.00
      472    428  2.00
      472    545  1.00
      472    578  2.00
      474    206  4.00
      474    638  5.00
      474    712  6.00
      475    369  5.00
      475    373  3.00
      475    520  1.00
      476    184  5.00
      476    205  2.00
      476    206  4.00
      476    255  5.00
      476    308  3.00
      476    440  5.00
      476    647  6.00
      476    712  2.00
      480     75  2.00
      480    193  2.00
      480    267  6.00
      480    294  3.00
      485     37  1.00
      485     88  4.00
      485    163  2.00
      485    293  3.00
      485    625  4.00
      485    729  3.00
      488    102  1.00
      488    164  1.00
      488    339  2.00
      488    444  1.00
      488    536  2.00
      488    612  1.00
      488    641  3.00
      488    676  3.00
      490    583  2.00
      490    748  2.00
      493    687  4.00
      494     37  1.00
      494    217  6.00
      494    317  4.00
      494    389  6.00
      494    535  3.00
      494    567  3.00
      494    638  2.00
      497     16  1.00
      497    108  5.00
      497    150  1.00
      497    507  1.00
      497    522  3.00
      497    740  2.00
      497    758  1.00
      498    282  3.00
      498    377  5.00
      498    656  1.00
      498    792  3.00
      499     68  1.00
      499    364  1.00
      500    673  1.00
      502     66  2.00
      502    103  2.00
      503    183  5.00
      504    264  1.00
      504    391  1.00
      504    722  1.00
      504    728  3.00
      504    731  3.00
      505    375  3.00
      505    629  4.00
      507     16  4.00
      507     97  5.00
      507    150  4.00
      507    239  6.00
      507    425  4.00
      507    455  6.00
      507    517  3.00
      507    694  4.00
      507    740  6.00
      508    173  1.00
      508    176  2.00
      508    468  2.00
      508    538  3.00
      508    580  1.00
      508    724  3.00
      508    745  1.00
      509    458  6.00
      510    661  5.00
      510    683  4.00
      510    756  4.00
      510    768  2.00
      511     34  2.00
      511     85  1.00
      511    105  4.00
      511    267  2.00
      511    458  1.00
      511    538  2.00
      511    541  1.00
      511    545  2.00
      511    648  1.00
      511    701  4.00
      512     42  3.00
      512     43  2.00
      514     88  2.00
      514     90  2.00
      514     98  2.00
      514    232  5.00
      514    508  2.00
      514    660  3.00
      514    769  2.00
      515    101  3.00
      515    247  3.00
      515    388  2.00
      516    608  2.00
      516    621  1.00
      516    673  4.00
      516    788  3.00
      517     91  1.00
      517    425  4.00
      517    486  4.00
      517    558  1.00
      517    693  2.00
      517    711  1.00
      518    321  1.00
      518    504  1.00
      518    706  6.00
      519    297  1.00
      519    375  1.00
      520      4  4.00
      520    128  2.00
      520    219  1.00
      520    373  3.00
      520    471  3.00
      520    475  2.00
      520    621  3.00
      522     84  1.00
      522    135  2.00
      522    252  3.00
      522    410  6.00
      522    676  3.00
      522    756  3.00
      523    190  1.00
      523    218  2.00
      523    373  1.00
      523    751  1.00
      525     11  6.00
      525    166  3.00
      525    675  1.00
      527     94  2.00
      527    355  1.00
      527    640  1.00
      531     21  3.00
      531    181  1.00
      531    503  1.00
      533    128  6.00
      533    297  2.00
      533    298  6.00
      533    373  4.00
      533    616  4.00
      533    770  6.00
      534    575  1.00
      535    326  6.00
      535    430  6.00
      535    494  5.00
      535    567  3.00
      535    648  4.00
      535    692  5.00
      535    780  6.00
      535    788  3.00
      535    789  3.00
      536    191  4.00
      536    339  1.00
      537     62  2.00
      537    258  1.00
      537    589  1.00
      537    781  1.00
      540    142  1.00
      540    186  3.00
      540    709  2.00
      541    170  2.00
      541    185  4.00
      541    228  1.00
      541    248  3.00
      541    340  4.00
      541    402  2.00
      541    544  6.00
      541    547  1.00
      541    684  6.00
      542     89  5.00
      542    299  3.00
      542    731  2.00
      544     19  4.00
      544    106  3.00
      544    170  5.00
      544    228  2.00
      544    322  6.00
      544    541  3.00
      544    560  5.00
      545    196  3.00
      545    365  2.00
      545    371  2.00
      545    428  3.00
      546    119  1.00
      546    335  1.00
      546    399  5.00
      547     19  1.00
      547    109  5.00
      547    170  1.00
      547    322  1.00
      547    430  5.00
      547    535  3.00
      547    544  5.00
      547    596  6.00
      547    607  5.00
      547    692  5.00
      548    339  5.00
      548    653  6.00
      548    700  5.00
      548    702  4.00
      548    756  6.00
      549     85  2.00
      549     87  1.00
      549    117  6.00
      549    468  1.00
      549    586  6.00
      549    705  1.00
      549    716  2.00
      549    745  6.00
      550    318  1.00
      550    554  2.00
      550    633  3.00
      550    687  1.00
      550    741  1.00
      552     79  3.00
      552     95  4.00
      552    745  5.00
      553    305  1.00
      553    307  1.00
      553    390  1.00
      554    101  2.00
      554    318  3.00
      554    399  1.00
      554    615  1.00
      554    633  3.00
      554    665  2.00
      556     69  1.00
      557     44  2.00
      557    456  2.00
      557    734  1.00
      560    322  6.00
      560    430  1.00
      560    444  2.00
      560    544  5.00
      561    438  4.00
      564    294  1.00
      564    370  1.00
      565    300  5.00
      566    292  3.00
      566    397  1.00
      566    587  3.00
      567    393  1.00
      567    431  1.00
      567    568  1.00
      567    647  1.00
      568     40  1.00
      568    561  6.00
      568    647  6.00
      568    794  5.00
      569    158  1.00
      569    300  1.00
      570    169  5.00
      570    288  6.00
      571    106  2.00
      571    107  2.00
      571    248  2.00
      571    266  2.00
      571    299  2.00
      571    541  2.00
      571    544  2.00
      571    594  2.00
      573     17  1.00
      573    284  1.00
      573    743  1.00
      575    534  3.00
      576    131  4.00
      577     34  1.00
      577    211  1.00
      577    360  1.00
      577    396  1.00
      577    447  1.00
      577    453  1.00
      577    670  3.00
      577    681  1.00
      577    771  1.00
      578     88  3.00
      578    102  1.00
      578    106  1.00
      578    282  1.00
      578    360  1.00
      578    472  2.00
      578    729  1.00
      579      4  5.00
      579    176  3.00
      579    179  6.00
      579    212  5.00
      579    241  5.00
      579    733  6.00
      580     29  2.00
      580    107  1.00
      580    134  3.00
      580    141  3.00
      580    175  1.00
      580    632  1.00
      583     66  6.00
      583    208  5.00
      583    250  6.00
      583    262  5.00
      583    431  5.00
      583    489  3.00
      583    490  2.00
      583    703  5.00
      583    780  3.00
      585    232  1.00
      585    259  2.00
      585    729  2.00
      585    769  1.00
      586    117  1.00
      586    397  3.00
      586    401  6.00
      586    549  5.00
      586    610  2.00
      586    745  6.00
      588    187  3.00
      588    465  5.00
      588    471  4.00
      589    274  2.00
      589    514  1.00
      589    703  2.00
      589    726  6.00
      590     38  6.00
      590    397  6.00
      590    615  6.00
      590    725  6.00
      591     65  5.00
      591    530  4.00
      591    600  2.00
      591    762  1.00
      592    186  3.00
      592    257  3.00
      592    344  2.00
      592    360  2.00
      592    363  2.00
      592    645  2.00
      592    739  2.00
      593    333  1.00
      593    686  3.00
      593    697  3.00
      594    438  6.00
      595    622  2.00
      595    734  3.00
      596     19  4.00
      596    107  1.00
      596    120  2.00
      596    185  1.00
      596    228  4.00
      596    430  3.00
      596    547  2.00
      597    276  3.00
      598    155  4.00
      598    254  3.00
      598    479  5.00
      599    231  3.00
      599    239  6.00
      599    252  2.00
      599    318  3.00
      599    424  6.00
      599    756  5.00
      600    154  1.00
      600    250  5.00
      600    326  2.00
      600    416  4.00
      600    473  1.00
      600    530  2.00
      600    583  4.00
      600    648  1.00
      600    689  2.00
      601     11  5.00
      601    606  5.00
      601    665  4.00
      602    396  2.00
      602    679  5.00
      602    729  5.00
      603     70  1.00
      603    316  1.00
      603    549  4.00
      603    705  2.00
      603    745  4.00
      604    326  1.00
      604    413  4.00
      604    427  1.00
      604    438  1.00
      605    264  1.00
      605    549  5.00
      606    220  2.00
      606    665  5.00
      607    430  5.00
      607    547  5.00
      607    648  5.00
      607    692  4.00
      608    201  4.00
      608    296  6.00
      608    673  5.00
      608    790  1.00
      610    396  2.00
      610    690  2.00
      610    701  3.00
      610    705  3.00
      610    716  1.00
      611     25  2.00
      611    292  3.00
      611    566  3.00
      611    610  1.00
      611    730  3.00
      612    281  2.00
      612    663  2.00
      612    702  1.00
      613     91  3.00
      613    150  4.00
      613    184  3.00
      613    339  6.00
      613    444  1.00
      613    474  2.00
      613    674  4.00
      614    596  5.00
      615    396  4.00
      615    590  5.00
      615    701  6.00
      617    760  2.00
      618    315  5.00
      618    600  1.00
      618    735  1.00
      620     62  1.00
      620    254  1.00
      620    314  1.00
      620    331  1.00
      620    469  1.00
      620    492  1.00
      620    788  1.00
      622      4  2.00
      622    297  1.00
      622    298  1.00
      622    372  1.00
      622    435  3.00
      622    533  3.00
      622    616  2.00
      623    143  2.00
      623    298  2.00
      623    345  2.00
      623    646  4.00
      624    145  4.00
      624    245  3.00
      624    335  1.00
      624    785  1.00
      625     53  4.00
      625     88  2.00
      625    167  2.00
      625    258  4.00
      625    443  3.00
      625    481  5.00
      625    485  6.00
      625    729  2.00
      625    751  2.00
      627    237  1.00
      627    291  1.00
      627    323  2.00
      628    324  2.00
      630     27  3.00
      630    120  2.00
      630    633  2.00
      633     97  1.00
      633    318  6.00
      633    424  1.00
      633    550  1.00
      633    615  3.00
      633    665  1.00
      634     24  3.00
      634    652  2.00
      634    746  4.00
      635    243  6.00
      636    116  1.00
      636    358  6.00
      636    492  1.00
      636    553  1.00
      636    659  1.00
      636    788  1.00
      637    421  6.00
      637    446  2.00
      637    482  3.00
      637    712  2.00
      638    389  3.00
      638    474  2.00
      638    494  2.00
      638    789  2.00
      639     68  1.00
      639    733  1.00
      640    146  3.00
      640    158  1.00
      640    527  2.00
      640    639  3.00
      642    222  2.00
      642    528  2.00
      643     70  1.00
      643    460  2.00
      643    589  2.00
      643    638  5.00
      644     86  2.00
      644     95  5.00
      644    552  5.00
      644    648  3.00
      644    653  6.00
      644    674  4.00
      644    700  3.00
      644    770  5.00
      644    789  3.00
      646     79  5.00
      646     95  5.00
      646     98  5.00
      646    427  1.00
      646    552  4.00
      646    623  6.00
      646    727  1.00
      647    206  6.00
      647    217  1.00
      647    231  2.00
      647    255  4.00
      647    440  6.00
      647    473  3.00
      647    476  6.00
      647    568  3.00
      647    628  1.00
      648    150  2.00
      648    332  3.00
      648    430  5.00
      648    692  2.00
      649     87  2.00
      649    114  4.00
      649    412  2.00
      649    468  2.00
      649    595  2.00
      649    654  6.00
      650     65  5.00
      650     69  6.00
      650    362  3.00
      651     87  2.00
      651    468  2.00
      651    654  5.00
      651    778  3.00
      652     45  6.00
      652    388  6.00
      652    456  1.00
      652    634  1.00
      652    658  3.00
      652    704  6.00
      652    746  6.00
      653    380  2.00
      653    644  5.00
      653    648  1.00
      653    697  2.00
      653    756  4.00
      653    780  3.00
      653    789  2.00
      654     87  5.00
      654    114  3.00
      654    412  6.00
      654    468  4.00
      654    649  6.00
      655    271  6.00
      655    456  6.00
      655    477  6.00
      655    658  6.00
      659    492  1.00
      659    553  1.00
      659    625  1.00
      659    788  3.00
      661    254  5.00
      661    265  1.00
      661    440  1.00
      661    510  6.00
      661    711  3.00
      662    182  1.00
      662    419  1.00
      662    423  6.00
      662    527  1.00
      662    550  1.00
      662    664  1.00
      663    612  3.00
      663    700  2.00
      663    702  3.00
      665    210  4.00
      665    220  6.00
      665    334  2.00
      665    606  6.00
      665    741  3.00
      666     65  4.00
      666     69  4.00
      666     86  2.00
      666    277  1.00
      666    413  1.00
      666    604  1.00
      666    753  1.00
      666    789  1.00
      667     27  2.00
      667     97  2.00
      667    159  4.00
      667    222  1.00
      667    278  5.00
      667    308  2.00
      667    473  5.00
      667    686  4.00
      667    760  3.00
      669     62  1.00
      669    126  6.00
      669    242  1.00
      669    305  6.00
      669    307  5.00
      669    464  5.00
      670    282  4.00
      670    360  2.00
      670    577  2.00
      670    771  2.00
      672    225  3.00
      672    334  3.00
      673     29  3.00
      673     40  2.00
      673    196  2.00
      673    342  4.00
      673    608  4.00
      674    184  5.00
      674    613  3.00
      674    789  2.00
      676    446  1.00
      677    170  2.00
      677    228  2.00
      677    523  1.00
      677    787  2.00
      678     20  6.00
      678    258  5.00
      680    346  4.00
      683     56  6.00
      683    628  3.00
      683    756  5.00
      684    741  1.00
      684    780  4.00
      686    103  4.00
      686    308  3.00
      686    473  2.00
      686    667  5.00
      686    691  1.00
      687    228  3.00
      687    271  5.00
      687    493  4.00
      688     73  2.00
      688    288  2.00
      688    479  2.00
      688    487  2.00
      688    645  2.00
      688    788  2.00
      689     23  2.00
      689     66  3.00
      689     95  4.00
      689     98  4.00
      689    154  1.00
      689    208  5.00
      689    583  2.00
      689    600  1.00
      690    396  2.00
      690    447  2.00
      691    308  2.00
      691    567  2.00
      691    711  2.00
      692    150  5.00
      692    205  5.00
      692    231  4.00
      692    326  5.00
      692    395  4.00
      692    430  5.00
      692    535  3.00
      692    584  4.00
      692    607  4.00
      693    195  4.00
      693    352  4.00
      693    411  5.00
      694     16  6.00
      694     33  6.00
      694    150  1.00
      694    455  1.00
      694    497  1.00
      694    507  3.00
      694    683  1.00
      694    758  1.00
      695     62  1.00
      695    164  1.00
      695    492  1.00
      695    522  1.00
      695    526  1.00
      697    593  3.00
      697    653  2.00
      698     14  2.00
      700    197  1.00
      700    339  1.00
      700    431  1.00
      700    548  6.00
      700    644  1.00
      700    653  4.00
      700    789  1.00
      701     34  1.00
      701    118  1.00
      701    396  6.00
      701    690  1.00
      702    548  5.00
      702    612  3.00
      702    663  3.00
      702    700  4.00
      703    250  4.00
      703    297  6.00
      703    583  5.00
      704     13  2.00
      704    282  2.00
      704    360  2.00
      704    587  2.00
      704    602  2.00
      704    652  2.00
      704    679  2.00
      704    729  2.00
      704    774  2.00
      705    152  6.00
      705    395  1.00
      705    716  5.00
      706    191  1.00
      706    205  3.00
      706    413  1.00
      706    518  5.00
      707    169  2.00
      707    288  3.00
      707    310  1.00
      707    645  1.00
      708    213  2.00
      708    225  4.00
      708    242  1.00
      709     96  1.00
      709    142  2.00
      709    150  1.00
      709    332  3.00
      709    455  1.00
      709    507  1.00
      709    530  2.00
      709    714  1.00
      709    747  1.00
      710     81  3.00
      710     83  3.00
      710    227  1.00
      710    302  1.00
      710    545  1.00
      710    622  1.00
      711    567  4.00
      713    151  2.00
      713    282  4.00
      713    357  2.00
      713    670  2.00
      714    709  5.00
      714    712  4.00
      715    169  1.00
      715    305  1.00
      715    307  1.00
      715    480  1.00
      715    601  1.00
      715    656  1.00
      715    770  1.00
      715    788  1.00
      716    191  4.00
      716    271  2.00
      716    603  3.00
      716    705  6.00
      717     59  5.00
      717     62  3.00
      717    235  3.00
      717    360  3.00
      717    788  2.00
      720     46  1.00
      720    721  1.00
      721    424  4.00
      721    525  1.00
      722    116  1.00
      722    132  2.00
      722    350  3.00
      722    423  1.00
      722    504  1.00
      722    505  3.00
      722    636  4.00
      722    788  3.00
      723      5  4.00
      723    211  2.00
      724    718  3.00
      725     38  4.00
      725    513  4.00
      725    590  6.00
      725    632  5.00
      726     79  3.00
      726     95  5.00
      726    201  1.00
      726    589  5.00
      726    703  1.00
      726    788  1.00
      727     95  5.00
      728     20  1.00
      728    244  1.00
      728    264  1.00
      728    504  1.00
      728    534  2.00
      729    258  1.00
      729    388  2.00
      729    424  1.00
      729    485  5.00
      729    602  4.00
      729    679  2.00
      729    732  1.00
      729    743  2.00
      730    112  3.00
      730    229  3.00
      730    611  5.00
      731     94  2.00
      731    219  1.00
      731    242  1.00
      731    299  1.00
      731    662  1.00
      733     99  2.00
      733    124  1.00
      733    180  4.00
      733    182  3.00
      733    294  1.00
      738    131  4.00
      738    183  1.00
      738    405  2.00
      738    429  1.00
      738    572  1.00
      738    672  1.00
      739    344  6.00
      740     84  3.00
      740    108  6.00
      740    410  3.00
      740    497  3.00
      740    507  4.00
      741    179  6.00
      741    584  1.00
      742     65  2.00
      742    457  3.00
      742    591  2.00
      743     52  2.00
      743    341  1.00
      743    388  1.00
      743    729  1.00
      744     11  4.00
      744    127  3.00
      744    384  2.00
      744    454  2.00
      745    397  1.00
      745    549  6.00
      745    552  4.00
      745    586  6.00
      745    774  3.00
      746    634  4.00
      746    652  6.00
      746    658  2.00
      748    109  4.00
      748    228  5.00
      748    253  2.00
      748    266  5.00
      748    544  3.00
      748    547  4.00
      748    596  3.00
      748    724  4.00
      749    195  4.00
      749    747  5.00
      751     23  1.00
      751    150  2.00
      751    373  6.00
      751    590  2.00
      751    732  3.00
      752    112  2.00
      752    166  1.00
      752    275  2.00
      752    447  3.00
      752    611  2.00
      753    250  5.00
      753    271  3.00
      753    345  2.00
      753    413  3.00
      753    427  3.00
      753    604  4.00
      753    666  2.00
      753    700  2.00
      753    706  1.00
      753    789  1.00
      754    282  1.00
      754    792  1.00
      755     30  3.00
      755    103  6.00
      755    393  1.00
      755    628  4.00
      756    548  4.00
      756    599  5.00
      757    483  2.00
      758    223  6.00
      758    417  3.00
      758    497  3.00
      758    532  2.00
      759    151  2.00
      759    553  1.00
      759    610  2.00
      759    636  2.00
      759    788  1.00
      760    278  6.00
      760    481  6.00
      760    616  4.00
      760    667  2.00
      762    102  1.00
      762    194  3.00
      762    222  1.00
      762    273  6.00
      762    353  1.00
      762    486  1.00
      762    591  1.00
      762    642  3.00
      765    106  1.00
      765    153  5.00
      769    194  5.00
      769    232  6.00
      769    259  4.00
      769    353  3.00
      770    352  4.00
      770    369  2.00
      770    533  5.00
      770    600  3.00
      770    644  6.00
      770    789  3.00
      771    105  4.00
      771    171  2.00
      771    261  2.00
      771    496  3.00
      771    670  2.00
      772    176  6.00
      772    196  1.00
      772    261  1.00
      772    287  6.00
      772    404  1.00
      772    427  6.00
      774    552  1.00
      776    420  2.00
      776    658  3.00
      776    750  4.00
      779    464  3.00
      779    469  3.00
      780    326  5.00
      780    430  4.00
      780    535  6.00
      780    583  4.00
      780    648  5.00
      780    653  4.00
      780    692  3.00
      780    709  2.00
      782    188  4.00
      784     80  1.00
      784    763  1.00
      785     83  1.00
      785    145  1.00
      785    171  1.00
      785    260  6.00
      785    267  6.00
      785    296  6.00
      785    318  1.00
      785    349  1.00
      785    365  6.00
      785    545  6.00
      787     10  1.00
      787     42  1.00
      787    173  1.00
      787    178  3.00
      787    251  3.00
      787    448  1.00
      787    452  1.00
      787    677  2.00
      788    160  4.00
      788    288  4.00
      788    444  3.00
      788    492  1.00
      788    717  1.00
      788    789  3.00
      790    168  6.00
      790    328  4.00
      791     31  5.00
      791     46  5.00
      791    249  3.00
      791    347  3.00
      791    469  5.00
      791    724  2.00
      792    498  1.00
      792    665  1.00
      795    709  2.00
      795    799  2.00
      795    863  1.00
      795    870  4.00
      795    871  1.00
      795   1067  2.00
      796    824  1.00
      796    826  1.00
      796    876  1.00
      796    960  3.00
      796    963  3.00
      796   1004  3.00
      796   1051  1.00
      797    800  1.00
      797   1016  1.00
      797   1025  6.00
      797   1030  6.00
      797   1034  1.00
      798    812  4.00
      798   1100  4.00
      799    795  3.00
      799    988  4.00
      799   1012  3.00
      799   1023  2.00
      799   1067  3.00
      799   1104  2.00
      800    826  1.00
      800    876  1.00
      800    978  1.00
      800   1051  1.00
      800   1053  1.00
      800   1093  1.00
      800   1101  1.00
      804    899  6.00
      804    904  2.00
      804    926  6.00
      804    992  6.00
      804   1000  6.00
      804   1012  1.00
      804   1058  2.00
      805    806  1.00
      805    848  1.00
      805   1013  1.00
      805   1051  1.00
      806    828  1.00
      806    849  1.00
      806    887  3.00
      806   1038  1.00
      806   1040  1.00
      806   1047  1.00
      807    866  2.00
      807    930  5.00
      807    931  1.00
      807    943  3.00
      807   1016  1.00
      807   1046  4.00
      808    851  1.00
      808    945  1.00
      808    953  2.00
      808   1057  1.00
      809    890  4.00
      809    902  3.00
      809    978  3.00
      809    979  2.00
      809   1020  4.00
      809   1023  5.00
      809   1038  6.00
      809   1071  4.00
      811    874  3.00
      811    897  4.00
      811    928  6.00
      811    931  2.00
      811    956  5.00
      811   1077  6.00
      811   1090  6.00
      811   1092  2.00
      813    836  1.00
      813    862  1.00
      813   1054  1.00
      813   1074  1.00
      814   1036  2.00
      814   1065  3.00
      815    876  1.00
      815    879  1.00
      815    887  3.00
      815    919  3.00
      815    951  2.00
      815   1000  2.00
      815   1012  1.00
      816    855  4.00
      816    969  1.00
      817    399  1.00
      817   1044  1.00
      817   1060  1.00
      818    874  1.00
      818    884  1.00
      818    895  2.00
      818    942  4.00
      818    973  1.00
      818   1002  4.00
      818   1032  4.00
      818   1069  1.00
      818   1072  2.00
      818   1092  1.00
      819    823  1.00
      819    931  2.00
      819    979  2.00
      819   1074  1.00
      819   1077  1.00
      820    833  1.00
      820    857  2.00
      820    899  4.00
      820    904  2.00
      820    914  1.00
      820    992  5.00
      821    832  1.00
      821    944  1.00
      821    948  1.00
      821    954  1.00
      821    969  1.00
      821    986  3.00
      822    930  2.00
      822    943  2.00
      822    994  2.00
      822    998  2.00
      823    814  1.00
      823    819  1.00
      823    962  1.00
      823    965  3.00
      823   1033  1.00
      823   1083  1.00
      823   1102  1.00
      825    886  2.00
      825    902  2.00
      825   1004  1.00
      825   1040  1.00
      826    796  2.00
      826    824  2.00
      826   1004  2.00
      826   1061  2.00
      828    826  1.00
      828    848  2.00
      828    977  1.00
      828   1078  3.00
      829    877  2.00
      829    887  2.00
      829    920  5.00
      829    933  2.00
      829    944  3.00
      829   1012  1.00
      829   1030  3.00
      829   1088  6.00
      832    816  1.00
      832    821  1.00
      832    851  1.00
      832    986  4.00
      832   1025  5.00
      832   1026  1.00
      832   1069  1.00
      833    820  2.00
      833    834  3.00
      833    841  3.00
      834    984  6.00
      834    986  6.00
      834   1025  5.00
      834   1030  5.00
      834   1039  3.00
      835    893  5.00
      835    899  2.00
      835    915  2.00
      835    989  5.00
      835   1020  5.00
      836     55  4.00
      836    813  1.00
      836    827  2.00
      836    835  3.00
      836    862  3.00
      836   1090  2.00
      837     11  5.00
      837    849  1.00
      838    931  1.00
      838    985  5.00
      838   1041  4.00
      838   1070  1.00
      839    796  1.00
      839    826  1.00
      839    848  1.00
      839    902  1.00
      839   1010  1.00
      839   1093  1.00
      839   1101  2.00
      840   1032  1.00
      841    796  2.00
      841    800  2.00
      841    824  1.00
      841    879  3.00
      841   1048  1.00
      841   1051  1.00
      841   1057  2.00
      841   1086  2.00
      842    865  6.00
      842    874  2.00
      842    897  6.00
      842    899  3.00
      842    901  1.00
      842    944  1.00
      842    946  5.00
      842   1069  1.00
      843    874  2.00
      843    875  3.00
      843    966  3.00
      844    796  2.00
      844    800  2.00
      844    841  3.00
      844    876  2.00
      844   1048  1.00
      844   1051  1.00
      844   1093  3.00
      844   1096  2.00
      844   1101  3.00
      845    848  1.00
      845   1003  1.00
      845   1050  1.00
      845   1105  1.00
      846    852  4.00
      846   1069  1.00
      846   1107  1.00
      847    944  1.00
      848    801  3.00
      848    882  5.00
      848    891  2.00
      848    949  2.00
      848   1009  2.00
      848   1020  2.00
      848   1058  6.00
      848   1078  4.00
      848   1095  2.00
      849    387  1.00
      849    601  6.00
      849    606  6.00
      849    665  4.00
      849    724  1.00
      849    837  5.00
      849    877  1.00
      850    461  4.00
      850    939  2.00
      852    886  1.00
      852    892  1.00
      852   1033  1.00
      852   1069  1.00
      853     55  4.00
      853    827  3.00
      853    830  2.00
      853    859  4.00
      853    936  6.00
      853   1042  1.00
      853   1079  3.00
      853   1083  3.00
      854    859  2.00
      854    883  2.00
      854    886  2.00
      854    916  3.00
      854   1019  5.00
      854   1042  3.00
      854   1069  5.00
      854   1079  5.00
      854   1098  3.00
      855    816  2.00
      856    983  4.00
      856   1053  1.00
      856   1059  4.00
      856   1064  3.00
      857    423  6.00
      857    904  3.00
      859    869  1.00
      859    944  1.00
      859   1069  1.00
      859   1077  1.00
      860    803  2.00
      860    865  1.00
      860    894  4.00
      860    897  1.00
      860    929  1.00
      860   1070  1.00
      862     55  3.00
      862    514  3.00
      862    875  2.00
      863    795  3.00
      863    915  1.00
      863   1015  1.00
      864    823  1.00
      864    894  1.00
      864   1070  1.00
      864   1107  1.00
      865    171  4.00
      865    842  6.00
      865    874  2.00
      865    916  2.00
      865    918  1.00
      865    946  4.00
      865    973  3.00
      866     58  1.00
      866    803  1.00
      866    807  2.00
      866    838  1.00
      866    918  1.00
      866    934  2.00
      867     58  6.00
      867    934  5.00
      868    841  1.00
      869    965  5.00
      869   1045  1.00
      869   1069  3.00
      869   1107  2.00
      870    795  5.00
      870    871  1.00
      870    877  2.00
      870    896  1.00
      870    904  1.00
      870   1020  2.00
      871    795  1.00
      871    870  1.00
      871    873  1.00
      872    930  3.00
      872    943  4.00
      872   1070  5.00
      874    806  1.00
      874    811  3.00
      874    887  5.00
      874    976  1.00
      874   1056  1.00
      874   1094  2.00
      875    991  5.00
      875   1083  3.00
      876    800  2.00
      876    844  2.00
      876   1051  2.00
      876   1096  2.00
      877    809  1.00
      877    849  1.00
      877    886  2.00
      877    912  2.00
      877    915  1.00
      878    925  2.00
      878   1023  1.00
      878   1038  1.00
      879    800  5.00
      879    841  2.00
      879    960  4.00
      879    977  1.00
      879    978  1.00
      879   1012  1.00
      879   1064  2.00
      879   1068  1.00
      882    848  4.00
      882    857  1.00
      882    876  2.00
      882    950  1.00
      882   1004  1.00
      882   1009  1.00
      882   1020  2.00
      882   1051  1.00
      882   1096  3.00
      883    895  2.00
      883   1002  5.00
      883   1032  5.00
      884   1056  3.00
      884   1069  3.00
      884   1092  3.00
      885    878  2.00
      885    909  2.00
      885    952  2.00
      885    968  2.00
      886    877  2.00
      887    806  2.00
      887    976  1.00
      887    981  3.00
      887   1094  2.00
      888    803  1.00
      888    858  6.00
      888    860  6.00
      888    861  1.00
      888    897  1.00
      888   1069  1.00
      888   1077  1.00
      888   1090  1.00
      890    568  6.00
      890   1071  5.00
      891    841  1.00
      891    958  1.00
      891    963  1.00
      892    852  2.00
      892    859  2.00
      892    865  2.00
      892    897  2.00
      892    920  3.00
      892    942  2.00
      892   1069  5.00
      892   1092  6.00
      893    915  2.00
      893    989  5.00
      893   1081  4.00
      893   1104  5.00
      894    864  1.00
      895    818  2.00
      895    865  2.00
      895    884  2.00
      895    897  2.00
      895    942  3.00
      895    973  3.00
      895   1056  5.00
      895   1069  3.00
      895   1092  4.00
      896    870  4.00
      896    959  1.00
      896   1012  1.00
      896   1091  1.00
      897    171  5.00
      897    842  5.00
      897   1069  4.00
      899    842  4.00
      899    865  4.00
      899    897  4.00
      899    926  2.00
      899    992  6.00
      899   1047  3.00
      899   1052  3.00
      900    813  2.00
      901    842  1.00
      901    874  1.00
      901    946  4.00
      901    962  1.00
      901   1072  1.00
      903    865  2.00
      903    897  2.00
      903    899  2.00
      903    938  1.00
      904    903  5.00
      904    938  1.00
      904   1071  1.00
      905    970  1.00
      906    876  1.00
      906    882  1.00
      906   1096  1.00
      908    797  2.00
      908   1025  2.00
      908   1026  3.00
      909    829  1.00
      909    902  1.00
      909    921  1.00
      909    989  1.00
      909    992  1.00
      909   1053  1.00
      910    887  1.00
      910    899  1.00
      910    903  1.00
      910    926  1.00
      910    938  1.00
      910    990  1.00
      910   1000  1.00
      910   1047  1.00
      910   1052  4.00
      911    795  3.00
      911    876  6.00
      911    904  2.00
      911    906  2.00
      911    926  2.00
      911   1096  1.00
      912    873  1.00
      912    876  1.00
      912    877  1.00
      912    886  2.00
      913    826  1.00
      913    876  1.00
      913    887  1.00
      913   1004  2.00
      913   1007  2.00
      913   1055  3.00
      913   1096  1.00
      914   1037  6.00
      914   1047  2.00
      914   1058  1.00
      915    835  3.00
      915   1099  6.00
      916    830  1.00
      916    853  2.00
      916    854  5.00
      916    970  1.00
      916   1079  1.00
      916   1098  3.00
      917    364  2.00
      917    796  1.00
      917    857  1.00
      917   1020  1.00
      919    674  4.00
      919    815  4.00
      919   1012  3.00
      919   1039  4.00
      919   1058  3.00
      920    892  1.00
      920   1088  3.00
      921    826  1.00
      921    950  1.00
      921   1005  2.00
      921   1053  2.00
      921   1059  2.00
      921   1064  2.00
      922    795  1.00
      922    871  1.00
      922    938  1.00
      922    959  2.00
      922   1035  5.00
      925    827  2.00
      925    878  2.00
      925    952  3.00
      925    968  3.00
      925   1052  2.00
      926    857  1.00
      926    899  1.00
      926    910  1.00
      926    911  2.00
      926    912  1.00
      926    938  3.00
      926   1000  4.00
      926   1052  2.00
      926   1058  3.00
      927    861  1.00
      927    866  1.00
      927    881  1.00
      927   1100  1.00
      928    811  6.00
      928    874  3.00
      928    956  5.00
      928   1060  3.00
      928   1077  5.00
      928   1090  5.00
      928   1102  1.00
      929    931  4.00
      929   1089  6.00
      930    237  4.00
      930    807  4.00
      930    822  6.00
      930    931  1.00
      930    943  5.00
      930   1031  3.00
      930   1046  3.00
      932    879  1.00
      932    943  1.00
      932    995  2.00
      932   1082  2.00
      933    924  1.00
      933    939  2.00
      933   1030  2.00
      933   1088  1.00
      934     58  4.00
      934    849  1.00
      934    866  5.00
      934    867  5.00
      934    947  3.00
      935    594  3.00
      935    876  1.00
      935    902  5.00
      935    961  3.00
      935    978  4.00
      935   1000  3.00
      935   1027  3.00
      935   1071  2.00
      935   1094  6.00
      936    853  5.00
      936    916  2.00
      936   1079  1.00
      936   1083  1.00
      937    861  1.00
      938    903  4.00
      938    904  2.00
      938    910  2.00
      938   1052  2.00
      939    820  1.00
      939    886  1.00
      939    933  2.00
      939   1088  1.00
      941    812  2.00
      941    822  1.00
      941    931  2.00
      941   1006  1.00
      941   1082  1.00
      942    818  5.00
      942    884  4.00
      942    895  6.00
      942   1032  3.00
      942   1069  3.00
      942   1092  4.00
      943    807  4.00
      943    930  4.00
      943   1031  3.00
      943   1046  4.00
      945    808  3.00
      945   1006  2.00
      946    865  2.00
      946    874  1.00
      946    897  3.00
      946   1069  1.00
      948    941  2.00
      948   1057  1.00
      949    919  2.00
      949   1012  1.00
      949   1058  1.00
      951    780  2.00
      951    815  3.00
      951    887  2.00
      952    826  1.00
      952    887  2.00
      952    899  3.00
      952    912  1.00
      952    925  5.00
      952    968  6.00
      952    992  2.00
      952   1073  2.00
      952   1088  5.00
      953     70  5.00
      954    918  1.00
      954    940  1.00
      954    995  3.00
      954   1016  1.00
      954   1061  1.00
      954   1066  2.00
      954   1069  3.00
      955    889  2.00
      956    811  4.00
      956    874  2.00
      956    895  1.00
      956    928  4.00
      956   1011  4.00
      956   1032  1.00
      956   1077  2.00
      956   1090  4.00
      958    516  1.00
      958    841  5.00
      958   1086  1.00
      959    873  2.00
      959    903  4.00
      959    922  2.00
      959    938  3.00
      960    841  4.00
      960   1005  3.00
      960   1064  4.00
      961    857  3.00
      961    935  4.00
      961   1027  4.00
      961   1094  6.00
      963    796  2.00
      964    605  2.00
      966    827  1.00
      966    843  1.00
      966    859  3.00
      966    862  1.00
      966    874  1.00
      966    946  1.00
      966   1102  1.00
      967    515  6.00
      967    873  3.00
      967    925  3.00
      967   1086  1.00
      968    386  2.00
      968    483  3.00
      968    757  6.00
      968    885  1.00
      968    952  2.00
      969    821  1.00
      969    919  1.00
      969    986  1.00
      969   1012  1.00
      970    905  4.00
      971    972  1.00
      971    973  1.00
      971   1046  1.00
      971   1072  1.00
      971   1089  1.00
      972   1026  2.00
      973    865  1.00
      973    884  2.00
      973    895  5.00
      973    897  1.00
      973    996  2.00
      973   1056  5.00
      973   1069  3.00
      973   1092  2.00
      977    820  1.00
      977    903  1.00
      977    904  1.00
      977    949  1.00
      977   1008  1.00
      978    902  4.00
      978    979  1.00
      978   1020  1.00
      978   1023  1.00
      978   1053  1.00
      979    508  5.00
      979    802  4.00
      979    978  3.00
      979    989  3.00
      979   1008  5.00
      979   1009  2.00
      979   1071  2.00
      979   1104  3.00
      980    775  2.00
      980    856  1.00
      981    859  4.00
      981    887  4.00
      981    920  3.00
      981    951  1.00
      982   1018  1.00
      982   1042  1.00
      983    888  1.00
      983    918  1.00
      983    932  2.00
      983    941  1.00
      983   1057  5.00
      983   1082  1.00
      984    832  4.00
      984    834  5.00
      984    986  4.00
      984   1023  2.00
      986    821  3.00
      986    832  5.00
      986    944  3.00
      986   1026  1.00
      986   1072  1.00
      987     72  1.00
      988    795  3.00
      988    799  6.00
      988    843  5.00
      988    992  5.00
      988   1099  2.00
      988   1104  3.00
      989    387  1.00
      989    893  3.00
      989    915  1.00
      989    992  1.00
      989   1099  2.00
      989   1104  2.00
      990    260  6.00
      990    842  3.00
      990    857  2.00
      990    899  3.00
      990    903  2.00
      990    904  2.00
      990    910  3.00
      990    938  1.00
      990   1052  6.00
      990   1061  1.00
      991    819  2.00
      991    854  4.00
      991    869  1.00
      991   1033  1.00
      991   1083  6.00
      992    804  4.00
      992    820  3.00
      992    876  1.00
      992    899  5.00
      992    904  2.00
      992    988  4.00
      992    989  1.00
      992   1000  4.00
      994    822  2.00
      994    864  2.00
      994   1044  1.00
      994   1107  5.00
      995    932  2.00
      995    954  1.00
      995   1065  1.00
      995   1076  2.00
      996    612  4.00
      996    973  2.00
      996   1028  3.00
      996   1033  3.00
      996   1087  5.00
      997    994  3.00
      998   1031  1.00
      998   1046  2.00
      999    438  1.00
      999    865  2.00
      999    897  2.00
      999   1069  1.00
     1000    899  4.00
     1000    903  4.00
     1000    910  2.00
     1000    926  6.00
     1000    938  2.00
     1000   1052  3.00
     1002    865  1.00
     1002    897  1.00
     1002   1014  2.00
     1002   1032  2.00
     1003    795  2.00
     1003   1029  2.00
     1003   1050  2.00
     1004    796  4.00
     1004    887  1.00
     1004    913  4.00
     1005    802  2.00
     1005    841  6.00
     1005    856  6.00
     1005    885  2.00
     1005    960  6.00
     1005   1064  6.00
     1006    874  1.00
     1006    946  2.00
     1006    948  5.00
     1006    954  1.00
     1006    983  1.00
     1006    995  2.00
     1007    799  2.00
     1007    878  1.00
     1007    913  3.00
     1007    917  1.00
     1007   1004  3.00
     1007   1055  3.00
     1008    404  1.00
     1008    735  1.00
     1009    876  2.00
     1009   1020  6.00
     1009   1096  2.00
     1010    839  1.00
     1010    980  1.00
     1010   1048  1.00
     1010   1093  1.00
     1011   1077  3.00
     1012    877  1.00
     1012    903  2.00
     1012    914  1.00
     1012    919  3.00
     1012    961  1.00
     1012    990  1.00
     1012   1058  5.00
     1012   1084  1.00
     1013    921  1.00
     1013    950  1.00
     1013   1048  1.00
     1014    854  1.00
     1014    883  2.00
     1014   1002  3.00
     1014   1032  1.00
     1014   1069  1.00
     1014   1072  1.00
     1019    854  4.00
     1019    884  2.00
     1019    895  1.00
     1019    942  1.00
     1019   1056  2.00
     1019   1069  5.00
     1019   1092  2.00
     1020    518  4.00
     1020    809  2.00
     1020    876  3.00
     1020   1008  3.00
     1020   1009  6.00
     1020   1051  3.00
     1021    996  3.00
     1021   1028  2.00
     1021   1033  3.00
     1021   1087  2.00
     1022    851  1.00
     1022   1006  1.00
     1023    834  2.00
     1023    984  3.00
     1023   1020  4.00
     1024    795  1.00
     1024    882  1.00
     1024    904  1.00
     1024    959  1.00
     1024    961  1.00
     1024   1096  1.00
     1025    797  1.00
     1025   1066  1.00
     1026    832  3.00
     1026    908  2.00
     1026    972  3.00
     1026   1028  5.00
     1027    904  5.00
     1027    961  3.00
     1027   1000  4.00
     1027   1058  2.00
     1027   1094  6.00
     1028   1026  4.00
     1029    173  5.00
     1029    886  1.00
     1029   1105  3.00
     1030    829  3.00
     1030    834  6.00
     1030   1012  1.00
     1030   1039  3.00
     1030   1088  3.00
     1031    807  3.00
     1031    930  3.00
     1031    943  2.00
     1031   1046  3.00
     1032    811  1.00
     1032    818  4.00
     1032    874  1.00
     1032    883  1.00
     1032    956  1.00
     1032   1002  5.00
     1032   1014  2.00
     1033    996  3.00
     1033   1021  2.00
     1033   1042  1.00
     1033   1069  1.00
     1034    865  1.00
     1034    895  1.00
     1034    897  1.00
     1035    899  2.00
     1035    903  2.00
     1035    922  5.00
     1035    959  4.00
     1035   1047  2.00
     1037    815  1.00
     1037    820  2.00
     1037    914  5.00
     1037   1000  1.00
     1037   1012  1.00
     1038    806  1.00
     1038    878  1.00
     1038    902  1.00
     1038    919  1.00
     1038    926  1.00
     1038    949  2.00
     1038   1040  1.00
     1039    800  1.00
     1039    801  2.00
     1039    834  2.00
     1039    840  3.00
     1039    880  6.00
     1039   1030  2.00
     1039   1035  1.00
     1039   1094  1.00
     1040    815  2.00
     1040    902  1.00
     1040    909  2.00
     1040   1012  1.00
     1042    818  1.00
     1042    854  3.00
     1042    884  1.00
     1042    936  1.00
     1042    973  2.00
     1042   1018  6.00
     1044    792  3.00
     1044    817  1.00
     1045     50  2.00
     1045     68  1.00
     1045    782  5.00
     1045    876  1.00
     1045    879  3.00
     1045    899  1.00
     1046    807  5.00
     1046    822  3.00
     1046    930  6.00
     1046    943  6.00
     1046   1031  5.00
     1047    873  1.00
     1047   1058  5.00
     1049    409  2.00
     1049    980  2.00
     1049   1005  2.00
     1050    915  4.00
     1050   1099  5.00
     1051    796  1.00
     1051    800  1.00
     1051    801  1.00
     1051    876  3.00
     1051    917  1.00
     1051   1101  1.00
     1052    857  2.00
     1052    887  2.00
     1052    899  4.00
     1052    903  4.00
     1052    904  2.00
     1052    910  4.00
     1052    926  2.00
     1052    938  2.00
     1052    990  5.00
     1053    800  2.00
     1053    801  2.00
     1053    856  5.00
     1053    879  2.00
     1053    921  2.00
     1053   1005  3.00
     1053   1059  6.00
     1053   1064  6.00
     1054    813  2.00
     1054    862  2.00
     1054   1021  2.00
     1055    876  2.00
     1055    913  4.00
     1055   1004  2.00
     1055   1007  2.00
     1056    865  3.00
     1056    892  3.00
     1056    895  4.00
     1056    897  3.00
     1056    942  2.00
     1056    973  3.00
     1056   1069  5.00
     1056   1092  2.00
     1057    983  2.00
     1057    995  1.00
     1057   1066  1.00
     1057   1082  3.00
     1058    887  1.00
     1058    899  1.00
     1058    926  1.00
     1058    949  1.00
     1058   1012  2.00
     1058   1027  1.00
     1058   1047  5.00
     1059    800  1.00
     1059    856  4.00
     1059    879  3.00
     1059    906  2.00
     1059    960  4.00
     1060    443  2.00
     1060    447  6.00
     1060    650  4.00
     1060    817  6.00
     1061    824  4.00
     1061    826  1.00
     1063    171  1.00
     1063    842  1.00
     1063   1090  5.00
     1064    804  1.00
     1064    914  1.00
     1064   1049  1.00
     1064   1053  1.00
     1064   1084  1.00
     1064   1096  1.00
     1065    814  1.00
     1065    889  1.00
     1065    955  1.00
     1065    964  1.00
     1065   1036  2.00
     1066    932  1.00
     1066   1057  1.00
     1067    799  2.00
     1067    988  1.00
     1068    879  2.00
     1068    938  2.00
     1068   1092  2.00
     1069    865  2.00
     1069    884  2.00
     1069    892  4.00
     1069    895  2.00
     1069    897  2.00
     1069    942  2.00
     1069   1056  3.00
     1069   1092  5.00
     1071    849  1.00
     1071    890  5.00
     1071    904  3.00
     1071    935  1.00
     1071    978  2.00
     1071    989  2.00
     1072    818  4.00
     1072    831  2.00
     1072    884  2.00
     1072    901  1.00
     1072    904  1.00
     1072   1040  1.00
     1072   1056  2.00
     1072   1069  2.00
     1073    804  4.00
     1073    952  1.00
     1073   1007  3.00
     1073   1055  1.00
     1074    819  1.00
     1075    892  1.00
     1075    894  1.00
     1075    930  1.00
     1075   1102  1.00
     1076   1057  1.00
     1076   1082  1.00
     1077    811  3.00
     1077    928  4.00
     1077   1069  1.00
     1078    828  2.00
     1078    848  2.00
     1078    912  1.00
     1079    830  2.00
     1079    853  2.00
     1079    854  2.00
     1079    916  2.00
     1079    936  2.00
     1080    811  1.00
     1080    859  1.00
     1080    861  1.00
     1080    944  1.00
     1080    970  1.00
     1080    981  1.00
     1080   1069  1.00
     1081    835  5.00
     1081    849  2.00
     1081    890  3.00
     1081    893  5.00
     1081    989  4.00
     1082    954  2.00
     1082    995  4.00
     1082   1057  4.00
     1083    827  1.00
     1083    875  4.00
     1083    991  6.00
     1083   1033  1.00
     1083   1056  2.00
     1084    882  1.00
     1084    886  1.00
     1084   1037  1.00
     1085    743  3.00
     1085    996  5.00
     1085   1028  2.00
     1085   1087  4.00
     1086    841  5.00
     1086    856  1.00
     1086    876  1.00
     1086   1048  3.00
     1087    743  1.00
     1087    996  5.00
     1087   1028  2.00
     1087   1085  1.00
     1088    829  6.00
     1088    892  1.00
     1089    861  1.00
     1089    865  1.00
     1089    929  5.00
     1089    930  1.00
     1089   1051  1.00
     1090    827  2.00
     1090    836  2.00
     1090    842  3.00
     1090    928  6.00
     1090    995  1.00
     1090   1069  1.00
     1090   1077  6.00
     1091    870  3.00
     1092    818  1.00
     1092    884  4.00
     1092    892  6.00
     1092    895  4.00
     1092    942  3.00
     1092    973  2.00
     1092   1056  3.00
     1092   1069  6.00
     1094    887  4.00
     1094    902  2.00
     1094    935  6.00
     1094    961  4.00
     1094    978  2.00
     1094   1027  6.00
     1094   1035  1.00
     1094   1071  1.00
     1095    939  6.00
     1096   1009  4.00
     1096   1064  3.00
     1097    848  1.00
     1097    879  1.00
     1097   1091  4.00
     1098    854  1.00
     1098    897  1.00
     1098    916  1.00
     1098    978  2.00
     1098   1069  1.00
     1099    253  6.00
     1099    387  1.00
     1099    841  2.00
     1099    890  2.00
     1099    915  5.00
     1099    989  4.00
     1100    798  4.00
     1100    812  4.00
     1100    927  2.00
     1101    796  1.00
     1101    800  3.00
     1101    839  1.00
     1101    844  1.00
     1101    947  1.00
     1101   1051  1.00
     1101   1093  6.00
     1102    852  1.00
     1102    892  1.00
     1102   1075  1.00
     1102   1097  3.00
     1103    970  3.00
     1103   1107  1.00
     1104    362  1.00
     1104    387  3.00
     1104    395  1.00
     1104    758  1.00
     1104    893  6.00
     1104    906  2.00
     1104    989  5.00
     1104   1020  1.00
     1105    845  5.00
     1105   1003  5.00
     1105   1029  6.00
     1106    349  1.00
     1106    833  1.00
     1106    920  1.00
     1106    952  2.00
     1106    968  2.00
     1107    822  4.00
     1107    930  4.00
     1107    994  4.00
     1107    998  4.00
