DL
N=1229
FORMAT=EDGELIST1
DATA:
        2    232  5.00
        2    284  6.00
        2    669  2.00
        4    136  4.00
        4    372  2.00
        4    833  3.00
        4    875  4.00
        5     93  5.00
        5    191  1.00
        5    846  5.00
        5   1117  2.00
        5   1127  5.00
        6     10  5.00
        6    106  1.00
        6    242  2.00
        6    369  5.00
        6   1095  1.00
        7    511  4.00
        7    852  4.00
        7    857  6.00
        7    998  3.00
        7   1014  5.00
        8    185  4.00
        8    628  4.00
        8    776  6.00
        9    156  4.00
        9    265  4.00
        9    503  2.00
        9    678  4.00
        9   1167  5.00
       10    346  3.00
       10    427  3.00
       10    458  3.00
       11    395  4.00
       11    599  3.00
       11    645  6.00
       11   1107  5.00
       13    152  3.00
       13    225  6.00
       13    768  4.00
       13   1183  1.00
       14    430  6.00
       14    981  6.00
       15    163  5.00
       15    548  2.00
       17    131  2.00
       17    243  2.00
       17    412  6.00
       17    654  1.00
       18    206  4.00
       18    882  4.00
       18   1016  5.00
       20    153  4.00
       20    517  2.00
       20    764  2.00
       20   1147  1.00
       22    655  2.00
       24    510  3.00
       24    610  1.00
       24    655  1.00
       24   1022  4.00
       24   1192  3.00
       25    496  2.00
       25   1139  3.00
       26    253  6.00
       26   1081  2.00
       27    237  2.00
       28     38  6.00
       28     46  6.00
       28    186  4.00
       28    556  6.00
       29    207  1.00
       29    528  1.00
       29    618  3.00
       29    832  5.00
       30    190  1.00
       30    258  5.00
       30    302  5.00
       30   1004  5.00
       31     70  2.00
       31   1060  5.00
       33    263  4.00
       33    541  2.00
       33    764  1.00
       33    864  4.00
       35    391  5.00
       36    468  1.00
       36    635  4.00
       36   1149  5.00
       37    235  2.00
       37    344  1.00
       37    362  3.00
       38     28  4.00
       38     46  5.00
       38    297  5.00
       38   1012  3.00
       38   1057  4.00
       39    274  4.00
       39    705  4.00
       39    719  3.00
       39   1065  5.00
       39   1181  3.00
       40     26  2.00
       40    657  2.00
       40    900  2.00
       41    203  1.00
       41    262  1.00
       41    387  6.00
       41    843  2.00
       41    850  2.00
       42    812  5.00
       44    293  5.00
       44    476  1.00
       44    487  3.00
       44    622  4.00
       44    628  3.00
       45    110  4.00
       45    185  2.00
       45    254  4.00
       45    779  4.00
       45   1117  3.00
       46     38  5.00
       46    297  5.00
       46   1012  5.00
       46   1057  3.00
       47    115  6.00
       47    575  2.00
       47   1008  3.00
       48     54  2.00
       48    988  2.00
       49    202  3.00
       51    170  5.00
       51    357  5.00
       51    814  5.00
       52    947  6.00
       53     68  5.00
       53     80  3.00
       53    306  1.00
       53    995  1.00
       54     82  4.00
       54    203  6.00
       54    518  4.00
       54    617  4.00
       54    872  2.00
       58    777  3.00
       58    964  2.00
       58   1043  2.00
       58   1154  1.00
       59    608  3.00
       61    295  1.00
       61    510  2.00
       61    690  2.00
       61    790  3.00
       61   1154  4.00
       62    330  1.00
       62    433  2.00
       62    529  1.00
       62    816  2.00
       63    107  2.00
       63    235  2.00
       63    905  3.00
       64    756  2.00
       64    914  1.00
       64    978  1.00
       64   1082  6.00
       65    106  5.00
       65    180  2.00
       65    626  2.00
       66    248  2.00
       66    431  3.00
       66    802  4.00
       66    898  2.00
       67   1105  6.00
       67   1181  5.00
       68     53  6.00
       68    848  4.00
       70     31  2.00
       70   1006  1.00
       70   1060  6.00
       71     82  3.00
       71    116  5.00
       71    128  4.00
       71    203  4.00
       71   1131  4.00
       74    376  5.00
       74    525  1.00
       75     15  3.00
       75    163  5.00
       75    548  5.00
       75    649  3.00
       75   1170  3.00
       76    193  2.00
       76    303  1.00
       76    765  1.00
       76    782  3.00
       76   1175  3.00
       77    282  2.00
       77   1224  4.00
       78    153  3.00
       78    157  1.00
       78   1114  3.00
       79     28  3.00
       79    240  4.00
       79    513  2.00
       79    758  2.00
       80     68  2.00
       80    221  2.00
       80    523  2.00
       80    848  1.00
       82     54  3.00
       82     71  2.00
       82    203  5.00
       82    545  3.00
       82   1150  2.00
       84    417  4.00
       84    508  5.00
       84   1113  4.00
       85      3  3.00
       85    222  5.00
       86    236  3.00
       86    391  1.00
       87    664  5.00
       88    234  2.00
       88    579  2.00
       88    740  2.00
       90    318  2.00
       90    923  1.00
       90   1180  2.00
       91    908  6.00
       91    929  6.00
       91   1101  4.00
       92    786  2.00
       92    947  2.00
       92   1061  5.00
       92   1214  4.00
       93      5  3.00
       93    191  4.00
       93    846  5.00
       93   1117  4.00
       93   1127  3.00
       94    122  4.00
       94    190  5.00
       94    623  3.00
       94    804  6.00
       94   1003  5.00
       95    422  6.00
       95   1005  4.00
       95   1029  4.00
       95   1216  5.00
       97    611  3.00
       97    713  1.00
       97   1079  4.00
       99    679  3.00
       99    972  4.00
       99   1062  6.00
      100    334  4.00
      100    400  3.00
      100    704  5.00
      100   1169  6.00
      101    612  4.00
      102     31  3.00
      102    244  5.00
      102    472  1.00
      103    802  6.00
      103   1056  4.00
      103   1124  5.00
      104    225  1.00
      104    396  1.00
      104    542  1.00
      104   1077  1.00
      105    402  5.00
      105    605  4.00
      105    881  4.00
      105    905  2.00
      105   1079  5.00
      108    355  2.00
      108    529  2.00
      108    816  4.00
      109    493  6.00
      110    602  3.00
      110    648  4.00
      110    680  4.00
      110    746  2.00
      110    800  4.00
      111    161  2.00
      111    373  2.00
      111    517  3.00
      111    694  3.00
      111   1001  2.00
      112    336  6.00
      112    522  3.00
      112   1193  3.00
      113    977  5.00
      115    177  4.00
      115    414  4.00
      115    872  3.00
      115    987  3.00
      115    988  4.00
      116     50  2.00
      116     71  5.00
      116    167  4.00
      116    447  1.00
      117    851  5.00
      119    413  1.00
      119    698  2.00
      119    751  2.00
      119    855  2.00
      122     94  3.00
      122    143  5.00
      122    290  5.00
      122    717  6.00
      122   1228  2.00
      123    186  5.00
      123    365  5.00
      123    556  4.00
      123   1066  5.00
      124    316  5.00
      125    431  6.00
      125    603  6.00
      125   1187  6.00
      126    338  1.00
      126    356  6.00
      126    454  1.00
      126    549  4.00
      127   1060  5.00
      128     71  4.00
      128    239  3.00
      128    432  6.00
      128    447  1.00
      129    767  6.00
      129    772  6.00
      129    844  6.00
      129   1133  5.00
      131     17  2.00
      134    234  6.00
      134   1155  5.00
      134   1200  3.00
      136      4  6.00
      136    738  6.00
      136    833  6.00
      138     58  2.00
      138    777  2.00
      138    964  5.00
      139    214  6.00
      139    725  3.00
      140    832  2.00
      140   1159  2.00
      141    187  3.00
      141    192  1.00
      141    735  4.00
      141   1063  4.00
      142      3  5.00
      142     92  2.00
      142    538  4.00
      142    543  4.00
      143    122  5.00
      143    290  5.00
      143    717  5.00
      143   1201  6.00
      143   1228  5.00
      144    227  6.00
      144    643  5.00
      144    764  1.00
      145    819  2.00
      146    862  5.00
      147    523  2.00
      147    900  1.00
      148    127  3.00
      148    454  1.00
      148    880  1.00
      148   1127  1.00
      148   1128  1.00
      149    272  2.00
      149    510  2.00
      149    519  4.00
      149    889  3.00
      149    917  3.00
      150    635  5.00
      150    916  5.00
      151    142  4.00
      151    870  5.00
      151    991  3.00
      152     13  2.00
      152    293  1.00
      152    697  5.00
      152    768  2.00
      152   1183  1.00
      153     20  4.00
      153    517  1.00
      154    538  5.00
      154    668  4.00
      154    870  4.00
      154   1046  5.00
      155    530  5.00
      155    567  1.00
      156      9  3.00
      156    404  6.00
      156    678  3.00
      156   1167  3.00
      157    537  1.00
      157    779  1.00
      157   1114  1.00
      158    583  4.00
      158    832  2.00
      158   1021  1.00
      158   1045  3.00
      158   1188  4.00
      159    426  3.00
      159    455  3.00
      159    731  5.00
      160     62  1.00
      160    122  1.00
      160    433  1.00
      160    717  1.00
      161     20  2.00
      161    111  6.00
      161    694  2.00
      161   1002  6.00
      161   1032  2.00
      162   1027  4.00
      163     15  3.00
      163    528  1.00
      163    659  5.00
      163    995  5.00
      165    132  5.00
      165    304  2.00
      165   1098  5.00
      167    116  3.00
      167    178  5.00
      167    375  3.00
      167    890  1.00
      167   1102  3.00
      168    311  2.00
      168   1225  2.00
      169    886  4.00
      170    357  4.00
      170    814  5.00
      171    786  2.00
      171    791  4.00
      171   1084  5.00
      173    394  3.00
      173    481  3.00
      173    565  2.00
      173    591  3.00
      174    270  3.00
      174    484  6.00
      174    641  3.00
      174    799  3.00
      175    403  5.00
      175    454  3.00
      175    542  2.00
      175    973  4.00
      175   1119  2.00
      177     54  3.00
      177    203  2.00
      177    414  6.00
      177    537  5.00
      178    167  5.00
      178    309  3.00
      178    375  4.00
      178    542  4.00
      179    660  6.00
      179    936  6.00
      179   1006  6.00
      180    560  6.00
      180    626  3.00
      181    492  2.00
      181    733  4.00
      181    917  6.00
      181    980  2.00
      183    266  4.00
      183    990  5.00
      184    634  5.00
      187    409  5.00
      187    470  6.00
      187    735  3.00
      187   1063  5.00
      189      7  4.00
      189    255  3.00
      189    516  2.00
      189    871  3.00
      189   1136  4.00
      190     94  5.00
      190    804  5.00
      190   1003  6.00
      191    660  3.00
      191    846  6.00
      191   1117  6.00
      191   1127  4.00
      191   1215  3.00
      192    609  3.00
      192    636  4.00
      192    856  3.00
      192   1142  3.00
      193     76  1.00
      194    559  3.00
      195    246  2.00
      195    306  1.00
      195    566  4.00
      195    702  2.00
      195   1170  3.00
      196    118  4.00
      196    362  1.00
      196    590  1.00
      196   1217  1.00
      198    941  3.00
      198    971  6.00
      198   1083  2.00
      199    541  2.00
      199    551  5.00
      199    762  3.00
      199    836  2.00
      200     32  1.00
      200    707  3.00
      200   1115  2.00
      201    247  2.00
      202     49  4.00
      203     54  6.00
      203    318  4.00
      204    329  5.00
      204    471  6.00
      204    619  5.00
      204   1042  3.00
      205    963  5.00
      206    288  5.00
      206    938  4.00
      206   1004  3.00
      206   1209  3.00
      207    492  3.00
      207    618  5.00
      207    630  2.00
      207    980  2.00
      208    263  2.00
      208    972  5.00
      208    994  3.00
      208   1096  3.00
      208   1174  2.00
      209    436  5.00
      209    684  2.00
      209    927  1.00
      209    999  4.00
      211    313  6.00
      211    460  4.00
      211    563  2.00
      211    991  2.00
      213    203  4.00
      213    617  5.00
      213    843  2.00
      213    899  2.00
      215    455  3.00
      215    709  5.00
      215    774  2.00
      215    787  2.00
      215   1062  2.00
      216    146  1.00
      216    384  1.00
      216    560  1.00
      217    178  1.00
      217    375  3.00
      217    774  2.00
      218   1008  6.00
      218   1039  1.00
      219    126  5.00
      219    218  4.00
      219    356  5.00
      219    549  3.00
      219    936  1.00
      221    338  5.00
      221    959  6.00
      221   1076  6.00
      222      3  6.00
      222     89  5.00
      222    407  5.00
      225     13  4.00
      225     90  3.00
      225    768  3.00
      225   1026  3.00
      226     88  2.00
      226    198  6.00
      226    234  1.00
      226    579  6.00
      226    869  1.00
      227    144  5.00
      227    221  2.00
      227    643  4.00
      227   1076  3.00
      228    557  5.00
      229     24  3.00
      229    320  5.00
      230    598  5.00
      230    849  3.00
      230    938  5.00
      230    980  2.00
      231     60  2.00
      232      2  6.00
      232    284  5.00
      232    300  3.00
      232    784  4.00
      232    865  4.00
      233     18  2.00
      233     84  1.00
      233    417  1.00
      233   1016  3.00
      233   1113  2.00
      234    134  6.00
      234    579  3.00
      234    740  2.00
      235     63  3.00
      235    344  4.00
      235    847  4.00
      236    166  1.00
      236    661  2.00
      236   1082  5.00
      238    558  5.00
      238    835  2.00
      238   1158  2.00
      239    669  2.00
      239    752  4.00
      240     28  4.00
      240     38  5.00
      240     46  5.00
      240    556  3.00
      241    632  5.00
      241   1123  5.00
      241   1168  5.00
      242      6  3.00
      242     10  2.00
      242    369  5.00
      243     17  2.00
      243    787  1.00
      244     31  6.00
      244    102  6.00
      245     63  4.00
      245    977  6.00
      246    349  5.00
      246    969  6.00
      246   1111  6.00
      247     23  4.00
      247     42  4.00
      247    112  3.00
      247    559  4.00
      247    591  4.00
      248   1043  3.00
      250    744  1.00
      250   1180  3.00
      250   1185  2.00
      252    109  2.00
      252    493  2.00
      252    958  1.00
      252   1099  3.00
      252   1162  1.00
      253     26  5.00
      253    327  1.00
      253    526  5.00
      253    957  4.00
      253   1075  3.00
      254     45  2.00
      254    414  3.00
      254    724  4.00
      254    859  6.00
      254    985  6.00
      257    655  1.00
      257    663  1.00
      257    763  3.00
      257    783  5.00
      258     30  5.00
      258    302  6.00
      258   1004  5.00
      258   1189  1.00
      259    631  6.00
      259   1190  6.00
      260    381  3.00
      260    433  5.00
      260    860  4.00
      260   1165  4.00
      261    114  1.00
      261    206  2.00
      261    236  2.00
      261   1062  2.00
      262    348  2.00
      263    679  3.00
      264    278  3.00
      264    680  3.00
      264    800  1.00
      264   1146  3.00
      265      9  4.00
      265    503  4.00
      269    105  2.00
      269    968  4.00
      270    174  4.00
      270    484  5.00
      271    585  6.00
      271    821  3.00
      272     29  1.00
      272    149  2.00
      272    499  1.00
      272    519  1.00
      273    622  1.00
      273    652  4.00
      273    858  4.00
      274     83  5.00
      274    705  6.00
      274   1025  6.00
      274   1065  6.00
      274   1171  3.00
      275    794  1.00
      275    795  3.00
      275    914  1.00
      276     71  4.00
      276    447  5.00
      276    666  1.00
      276    863  1.00
      276   1131  1.00
      277    754  2.00
      277   1068  4.00
      278    264  4.00
      278    648  5.00
      278    680  6.00
      278   1015  6.00
      279    204  3.00
      279    329  3.00
      279    471  3.00
      279    619  4.00
      280     19  6.00
      280    382  6.00
      280    721  3.00
      280    760  6.00
      280   1124  4.00
      281    320  6.00
      281    674  1.00
      281   1020  4.00
      281   1141  6.00
      282     77  4.00
      282    236  1.00
      283     39  3.00
      283    669  6.00
      284      2  5.00
      284    232  4.00
      284    669  3.00
      284   1103  2.00
      286     52  2.00
      286   1148  5.00
      287    463  1.00
      287    705  6.00
      287    861  1.00
      288    206  6.00
      288    220  4.00
      288    427  5.00
      288    592  6.00
      288    596  2.00
      289    303  4.00
      289    566  5.00
      289   1080  1.00
      290    122  4.00
      290    143  5.00
      290    717  6.00
      290   1228  5.00
      291    755  2.00
      291   1212  1.00
      292     37  3.00
      292    345  2.00
      292    847  1.00
      292   1217  3.00
      293     44  5.00
      293     90  2.00
      293    622  5.00
      293    743  4.00
      293   1180  2.00
      294    334  3.00
      294    470  1.00
      294    704  2.00
      294    824  1.00
      294   1103  4.00
      298    956  5.00
      300    696  2.00
      300    865  6.00
      300    964  2.00
      300   1067  2.00
      300   1101  5.00
      301    782  4.00
      301    904  2.00
      301    930  1.00
      301   1164  1.00
      302     30  4.00
      302    258  5.00
      302   1004  5.00
      303    289  3.00
      303    588  2.00
      303    969  5.00
      303    970  4.00
      304    165  2.00
      304    405  3.00
      304   1009  4.00
      304   1220  2.00
      305    938  5.00
      306     53  1.00
      306    614  2.00
      307    109  1.00
      307    377  3.00
      307    453  1.00
      307    578  1.00
      307   1162  1.00
      309    167  3.00
      310    463  2.00
      310    975  2.00
      311    168  3.00
      311    811  1.00
      311    909  1.00
      311    932  2.00
      312    324  2.00
      312   1027  3.00
      313    106  3.00
      313    211  5.00
      313    563  5.00
      313    674  2.00
      315    514  4.00
      315   1219  5.00
      316    124  5.00
      317    202  3.00
      317    235  6.00
      317    345  3.00
      317    758  6.00
      317    950  6.00
      318    301  4.00
      318    904  6.00
      318    979  5.00
      320    281  5.00
      321    629  2.00
      322    442  2.00
      322    575  2.00
      322    670  2.00
      322    880  2.00
      324    312  5.00
      324   1027  4.00
      327    253  4.00
      327    526  3.00
      327    957  3.00
      327   1135  6.00
      328     81  4.00
      329    204  5.00
      329    279  1.00
      329    471  5.00
      329    619  5.00
      329   1042  2.00
      332    129  2.00
      332    336  6.00
      332    767  2.00
      332   1133  2.00
      332   1208  1.00
      333     72  1.00
      333    326  4.00
      333    747  5.00
      333   1067  2.00
      333   1181  1.00
      334    294  4.00
      334    409  4.00
      334    470  3.00
      334    474  3.00
      334    824  4.00
      336     42  3.00
      336    112  5.00
      336    858  1.00
      336    974  4.00
      337    340  2.00
      337    388  5.00
      337    390  5.00
      337    784  3.00
      338    126  4.00
      338    221  5.00
      338    549  3.00
      338    959  4.00
      339    239  3.00
      339    343  3.00
      339    566  6.00
      341    239  3.00
      341    283  2.00
      341    343  2.00
      341    992  1.00
      341   1063  1.00
      342     73  1.00
      342    617  5.00
      342   1106  4.00
      343    339  2.00
      343    992  2.00
      343   1063  2.00
      344     60  1.00
      344    235  1.00
      344    727  1.00
      344    905  1.00
      344    968  1.00
      345    235  1.00
      345    317  1.00
      345    950  2.00
      347    153  3.00
      348    476  3.00
      348   1225  3.00
      350    729  4.00
      350    904  2.00
      350    979  1.00
      350   1159  1.00
      352     23  1.00
      353    505  4.00
      353   1059  6.00
      353   1197  5.00
      354    857  3.00
      354   1131  3.00
      355    188  2.00
      355    529  4.00
      355    816  5.00
      355   1098  3.00
      356    126  6.00
      356    219  2.00
      356    549  3.00
      356   1061  2.00
      358   1035  5.00
      358   1186  6.00
      359     88  1.00
      359    234  4.00
      359    546  3.00
      359   1184  2.00
      360    448  2.00
      360    885  4.00
      361    414  2.00
      361    551  2.00
      361    635  3.00
      361    693  2.00
      361   1202  1.00
      362     37  4.00
      362    170  3.00
      363    407  2.00
      363   1010  2.00
      363   1224  2.00
      364     41  1.00
      364    203  2.00
      364    325  2.00
      364   1084  4.00
      365     28  2.00
      365    186  5.00
      365    556  3.00
      367    713  2.00
      367    905  3.00
      367    979  3.00
      367   1217  6.00
      368    159  2.00
      368    731  3.00
      368    785  2.00
      368   1121  5.00
      369      6  5.00
      369     10  4.00
      369    242  6.00
      369    928  3.00
      369   1220  2.00
      371    627  4.00
      371    693  1.00
      371    718  1.00
      371   1129  1.00
      372      4  5.00
      372    853  6.00
      372    875  5.00
      372   1071  6.00
      372   1109  6.00
      373    161  3.00
      373    457  6.00
      373   1002  4.00
      374    550  3.00
      375    167  2.00
      375    178  3.00
      375    309  6.00
      375    774  2.00
      375   1102  2.00
      376     74  4.00
      376    200  2.00
      376    783  3.00
      377    453  5.00
      377   1053  6.00
      378    348  3.00
      378   1002  4.00
      378   1147  2.00
      378   1225  3.00
      380    450  2.00
      380    577  2.00
      380    965  2.00
      380   1191  2.00
      381    135  2.00
      381    260  1.00
      381    445  4.00
      381    982  5.00
      382     19  4.00
      382    280  6.00
      383     36  3.00
      383    150  4.00
      383    468  6.00
      383    635  2.00
      383   1149  2.00
      384    237  3.00
      384    496  2.00
      384    560  4.00
      386    917  3.00
      386   1111  4.00
      387     41  3.00
      387    787  4.00
      387    850  2.00
      387   1008  2.00
      388    337  6.00
      388    390  3.00
      389    460  2.00
      389    465  3.00
      390    337  3.00
      390    388  2.00
      390    474  3.00
      390    509  2.00
      390   1097  1.00
      391    142  4.00
      391    263  3.00
      391    794  2.00
      392    861  5.00
      393    104  2.00
      393    396  1.00
      394    173  3.00
      394    355  3.00
      394    433  1.00
      394    481  3.00
      394    816  5.00
      395     11  3.00
      395   1094  2.00
      395   1182  4.00
      396    802  2.00
      396    887  1.00
      396   1124  2.00
      396   1173  3.00
      397    377  1.00
      397    452  6.00
      397    618  3.00
      398    271  4.00
      398    604  5.00
      398   1098  2.00
      399    506  2.00
      400    165  5.00
      400    853  4.00
      401     54  6.00
      401    177  6.00
      401    414  6.00
      401    617  5.00
      401    872  6.00
      402    105  5.00
      402    593  1.00
      403    175  5.00
      403    742  3.00
      403    923  5.00
      403   1213  5.00
      404    156  4.00
      404    164  1.00
      404    382  4.00
      405    335  6.00
      406    466  6.00
      406    517  2.00
      407    222  5.00
      407    363  2.00
      407    503  3.00
      407    883  4.00
      409    187  6.00
      409    334  4.00
      409    470  6.00
      409    824  6.00
      409   1063  5.00
      410    796  5.00
      410    864  3.00
      411    605  2.00
      412     17  4.00
      412    414  1.00
      414     54  4.00
      414    115  5.00
      414    177  6.00
      414    537  5.00
      414    872  4.00
      415   1068  1.00
      416    285  5.00
      416   1013  6.00
      417     84  4.00
      417    561  5.00
      418    181  2.00
      418    295  2.00
      418    519  3.00
      418    583  4.00
      418    917  2.00
      419    228  3.00
      419    557  3.00
      419    571  2.00
      419   1105  5.00
      422     95  4.00
      422    561  5.00
      422   1067  3.00
      423    435  1.00
      423    454  6.00
      423    923  2.00
      423   1221  6.00
      424    231  3.00
      424   1028  3.00
      424   1042  3.00
      424   1099  3.00
      425    157  3.00
      425   1114  3.00
      425   1156  1.00
      425   1172  6.00
      425   1173  1.00
      426    159  3.00
      426    731  1.00
      426    811  2.00
      427    220  5.00
      427    592  5.00
      427    596  3.00
      427    681  5.00
      428    290  4.00
      428   1228  5.00
      429    418  2.00
      429    528  1.00
      429    778  5.00
      429    838  3.00
      429    984  2.00
      430     14  6.00
      430    981  6.00
      431     66  6.00
      431    125  6.00
      431    183  4.00
      431    205  2.00
      431    266  3.00
      432    128  5.00
      432    492  4.00
      432    546  1.00
      432    746  3.00
      432    980  2.00
      433     62  5.00
      433    394  5.00
      433    816  3.00
      433   1165  5.00
      434    101  6.00
      434    189  4.00
      434    774  3.00
      434    801  3.00
      434   1130  3.00
      435     54  2.00
      435    472  2.00
      435   1221  4.00
      436    209  1.00
      436    684  2.00
      436    919  5.00
      436    927  2.00
      436    988  5.00
      439    887  2.00
      439   1079  2.00
      439   1099  2.00
      439   1155  2.00
      441     48  1.00
      441    381  5.00
      442    670  3.00
      444    685  3.00
      444    940  3.00
      445    520  4.00
      445    982  5.00
      447    203  5.00
      447    536  2.00
      447   1008  2.00
      447   1131  5.00
      448    593  1.00
      448    621  1.00
      448    885  1.00
      448    981  1.00
      449    538  1.00
      449    543  1.00
      451    646  3.00
      451   1072  3.00
      452    140  3.00
      452    207  4.00
      452    397  6.00
      452    618  5.00
      453    252  1.00
      453    377  4.00
      453    535  6.00
      453    659  5.00
      453    732  1.00
      454     31  6.00
      454    126  6.00
      454    423  6.00
      454    501  6.00
      454   1221  6.00
      455    159  2.00
      455    215  2.00
      455    709  2.00
      456    664  3.00
      456   1063  2.00
      456   1199  4.00
      458     10  4.00
      458    346  4.00
      458    928  6.00
      459     68  1.00
      459    724  6.00
      459    923  1.00
      459   1076  1.00
      459   1148  1.00
      460   1048  2.00
      461    694  2.00
      464    616  2.00
      464   1199  3.00
      464   1203  5.00
      465    491  1.00
      465    876  4.00
      465    878  5.00
      465   1204  6.00
      466    380  1.00
      466    406  1.00
      466    868  1.00
      466   1039  3.00
      467    541  1.00
      467    712  3.00
      467    959  2.00
      468    383  2.00
      468    635  3.00
      468    751  2.00
      468   1149  2.00
      470    187  5.00
      470    294  3.00
      470    334  2.00
      470    409  6.00
      470    824  6.00
      471    204  5.00
      471    329  5.00
      471    619  5.00
      473     62  2.00
      473    529  5.00
      473    644  4.00
      473   1020  1.00
      474    409  3.00
      474    470  3.00
      474    817  6.00
      474    824  3.00
      475    167  3.00
      476     44  3.00
      476    487  3.00
      476    628  4.00
      476   1173  2.00
      477    128  1.00
      477    606  1.00
      477   1074  3.00
      479    639  4.00
      479    966  3.00
      481     42  3.00
      481    173  5.00
      481    394  4.00
      481    565  2.00
      482    235  3.00
      482    713  6.00
      482    847  3.00
      482    905  3.00
      483    196  1.00
      483    732  2.00
      483   1088  2.00
      484    174  4.00
      484    270  5.00
      485    675  3.00
      485    951  5.00
      486    126  1.00
      486    589  1.00
      486    654  2.00
      487     44  3.00
      487    476  4.00
      487    628  1.00
      487    981  2.00
      487   1173  1.00
      488    522  4.00
      488    690  4.00
      488    808  5.00
      488   1193  4.00
      489    252  1.00
      489    493  1.00
      489   1162  1.00
      490    227  3.00
      490    376  1.00
      490    478  3.00
      491    655  6.00
      492    207  2.00
      492    432  5.00
      492    608  3.00
      492    630  5.00
      492    980  6.00
      493    109  4.00
      494    794  2.00
      494    795  4.00
      494    929  5.00
      496    908  4.00
      496   1139  5.00
      498    651  4.00
      498    826  4.00
      498   1055  4.00
      498   1134  1.00
      498   1220  5.00
      499    757  5.00
      499    981  6.00
      499   1133  3.00
      500     38  5.00
      500    297  5.00
      500    866  5.00
      500   1012  5.00
      500   1057  4.00
      501    191  4.00
      501    846  4.00
      501   1117  4.00
      502    545  2.00
      502    628  2.00
      502    876  1.00
      503      9  2.00
      503    265  4.00
      503    678  2.00
      504    880  1.00
      504    947  3.00
      505    353  3.00
      505   1059  3.00
      505   1197  4.00
      506    399  3.00
      506   1047  5.00
      507     10  1.00
      507    103  3.00
      507   1056  1.00
      508     84  6.00
      508    417  1.00
      508    631  1.00
      508   1113  4.00
      509    337  3.00
      509    388  3.00
      509    390  3.00
      509    553  4.00
      510    690  3.00
      510    789  6.00
      510    808  4.00
      510   1153  6.00
      511    255  3.00
      511    472  2.00
      511    871  6.00
      511    998  2.00
      512   1089  4.00
      513     79  4.00
      513    495  4.00
      513    838  5.00
      513    984  6.00
      514    315  5.00
      515    545  1.00
      515    916  1.00
      515   1015  1.00
      516    101  2.00
      516    191  2.00
      516   1136  2.00
      517     20  5.00
      517    153  4.00
      517   1147  3.00
      518     54  5.00
      518    161  2.00
      519    149  4.00
      519    272  3.00
      519    583  4.00
      519    608  5.00
      519   1021  3.00
      521    184  3.00
      521    630  5.00
      521    633  4.00
      521    926  4.00
      521   1036  4.00
      522    488  3.00
      522    808  5.00
      522   1011  6.00
      522   1193  5.00
      523     80  1.00
      523    147  1.00
      523    317  1.00
      523   1037  1.00
      525     74  2.00
      525    676  5.00
      525    773  3.00
      525   1028  3.00
      526     26  1.00
      526    253  1.00
      526    327  1.00
      526    957  2.00
      526   1135  1.00
      527    723  6.00
      527    749  6.00
      527   1215  5.00
      528     29  1.00
      528    130  3.00
      528    163  1.00
      529    108  4.00
      529    355  5.00
      529    816  6.00
      530    155  4.00
      530    776  2.00
      530    873  1.00
      531    798  6.00
      531    946  6.00
      533    603  2.00
      533    689  4.00
      533    809  3.00
      533    960  1.00
      534     21  5.00
      534    652  5.00
      534    668  4.00
      534    736  4.00
      534   1046  4.00
      535     51  1.00
      535    237  2.00
      535    390  3.00
      535    624  1.00
      535   1097  5.00
      536    203  2.00
      536    450  4.00
      536    933  4.00
      536   1219  6.00
      537    175  1.00
      537    177  3.00
      537    203  1.00
      537    414  4.00
      537    863  1.00
      538    543  3.00
      539    640  6.00
      539    912  3.00
      539   1029  5.00
      541     73  1.00
      541    199  1.00
      541    467  2.00
      541    836  1.00
      542    981  5.00
      542   1133  4.00
      545    687  6.00
      545   1166  6.00
      546    234  2.00
      546    579  6.00
      546    980  3.00
      547    183  1.00
      547    266  4.00
      547    820  2.00
      547   1044  3.00
      548     15  4.00
      548     75  4.00
      548    163  4.00
      549    126  5.00
      549    338  2.00
      549    356  5.00
      549   1032  5.00
      549   1214  2.00
      550    126  4.00
      550    374  3.00
      551    693  5.00
      551    956  1.00
      551   1129  4.00
      554    802  1.00
      555    684  4.00
      555    689  2.00
      555    927  2.00
      555   1058  4.00
      555   1187  3.00
      556     28  5.00
      556     38  4.00
      556     46  2.00
      556    365  3.00
      556   1070  2.00
      557    228  2.00
      557    419  3.00
      557   1064  3.00
      558    137  3.00
      558    238  6.00
      558    835  3.00
      559    194  6.00
      559    202  1.00
      559    651  1.00
      559    902  2.00
      560    146  1.00
      560    180  1.00
      560    216  1.00
      560   1048  1.00
      562    219  1.00
      562    325  1.00
      562    447  1.00
      562    567  1.00
      562    981  2.00
      563    211  3.00
      563    313  6.00
      565    394  2.00
      565   1032  5.00
      566    200  2.00
      566    339  6.00
      566    343  4.00
      567    666  4.00
      567    671  3.00
      567    933  5.00
      567   1177  2.00
      567   1219  5.00
      568    221  1.00
      568    227  1.00
      568    916  1.00
      568    918  3.00
      570    190  4.00
      570    573  5.00
      570    920  4.00
      570   1108  4.00
      571    304  5.00
      571    640  1.00
      573    570  6.00
      573    920  5.00
      573    941  5.00
      573   1083  2.00
      573   1108  5.00
      574     45  1.00
      574    127  1.00
      574   1001  4.00
      574   1060  2.00
      574   1160  2.00
      575     82  1.00
      575    515  1.00
      575    779  1.00
      575   1084  1.00
      576    764  3.00
      577    203  1.00
      577    907  1.00
      577   1120  1.00
      578    377  1.00
      578   1162  1.00
      579     88  1.00
      579    226  5.00
      579    230  3.00
      579    234  5.00
      579   1184  6.00
      581    727  2.00
      582    201  2.00
      582    370  2.00
      582    759  2.00
      582   1088  2.00
      583    158  3.00
      583    418  3.00
      583    519  3.00
      583   1045  2.00
      583   1188  2.00
      584    185  1.00
      585    271  6.00
      586    135  4.00
      586    898  5.00
      586   1007  3.00
      588    969  4.00
      589    243  1.00
      589    244  2.00
      589    863  5.00
      589   1093  1.00
      591    173  3.00
      592    220  5.00
      592    427  6.00
      592    596  4.00
      593    105  6.00
      593    167  2.00
      593    402  6.00
      593    885  2.00
      594    101  2.00
      594    613  3.00
      596    592  6.00
      596    616  4.00
      596    681  1.00
      598    230  3.00
      598    970  5.00
      598   1092  3.00
      599     11  3.00
      599    395  1.00
      599   1094  6.00
      599   1175  3.00
      599   1182  5.00
      600   1035  1.00
      601      5  4.00
      601    191  3.00
      601    846  2.00
      601   1117  3.00
      601   1127  1.00
      602    110  3.00
      602    723  5.00
      602    749  4.00
      602   1215  3.00
      603    125  5.00
      603    960  6.00
      603   1048  6.00
      604    271  2.00
      604    398  4.00
      604    887  1.00
      604    989  1.00
      604   1099  1.00
      605     50  6.00
      606    750  5.00
      606   1036  5.00
      607    822  6.00
      608     59  2.00
      608    781  4.00
      609    192  5.00
      609    636  2.00
      610     24  3.00
      610    620  1.00
      610    645  1.00
      610    831  3.00
      610   1022  6.00
      611     97  1.00
      613    594  3.00
      613   1163  2.00
      613   1166  1.00
      614     59  2.00
      614    306  2.00
      614    732  2.00
      615     74  5.00
      615    732  5.00
      615   1169  6.00
      616    596  2.00
      616    878  2.00
      619    204  6.00
      619    279  6.00
      619    329  6.00
      619    471  6.00
      619   1042  6.00
      620     24  1.00
      620    253  1.00
      620    747  1.00
      621     14  1.00
      621    493  1.00
      621    847  1.00
      621    981  1.00
      622     18  1.00
      622     44  5.00
      622    427  3.00
      622    474  1.00
      622    944  2.00
      623     94  4.00
      623    685  6.00
      623    822  6.00
      625    513  5.00
      625    930  6.00
      625   1071  3.00
      625   1164  5.00
      626    180  1.00
      626   1172  6.00
      626   1229  5.00
      627    298  2.00
      627    371  5.00
      627    693  2.00
      627    956  2.00
      628    192  2.00
      628    834  5.00
      630    492  6.00
      630    980  6.00
      631    469  2.00
      631    921  6.00
      631   1034  3.00
      631   1190  6.00
      632    241  5.00
      632   1092  5.00
      632   1123  2.00
      633    521  5.00
      633    634  4.00
      633   1036  6.00
      634    184  5.00
      634    521  5.00
      635     36  3.00
      635    150  2.00
      635    361  2.00
      635    468  1.00
      635   1149  3.00
      636    132  2.00
      636    192  6.00
      636    656  2.00
      636   1203  5.00
      637    123  1.00
      637    186  1.00
      637    556  1.00
      637   1066  1.00
      639    479  3.00
      639    614  1.00
      639    712  1.00
      639    889  1.00
      639    966  1.00
      640    539  5.00
      640   1123  2.00
      641    539  6.00
      641    640  6.00
      642      1  5.00
      642    205  2.00
      642    736  2.00
      642    805  1.00
      643    144  5.00
      643    227  4.00
      644    884  1.00
      644   1020  1.00
      644   1157  4.00
      645     11  4.00
      645    563  1.00
      645   1107  5.00
      646     81  1.00
      646    451  1.00
      646    665  3.00
      646   1072  5.00
      646   1177  4.00
      648    110  5.00
      648    278  5.00
      648    680  5.00
      648   1015  4.00
      648   1146  4.00
      649     75  2.00
      649    163  2.00
      649    453  2.00
      649    900  1.00
      650    532  5.00
      650    631  6.00
      650   1190  4.00
      651    498  4.00
      651    826  5.00
      651   1055  5.00
      651   1095  2.00
      651   1220  5.00
      652    273  5.00
      652    485  3.00
      653    137  5.00
      653    238  3.00
      653    450  4.00
      653    872  1.00
      653    959  4.00
      654    255  3.00
      654    256  5.00
      654    653  3.00
      654   1110  4.00
      654   1114  4.00
      656    192  4.00
      656    834  3.00
      657     15  2.00
      657     40  4.00
      657    163  2.00
      657    900  4.00
      658    221  2.00
      658    338  2.00
      658    959  2.00
      658    967  1.00
      658   1039  4.00
      659    163  3.00
      659    605  1.00
      659    818  3.00
      659    881  2.00
      659    995  3.00
      660    179  4.00
      660    857  6.00
      660    936  6.00
      660   1006  5.00
      660   1138  4.00
      661    405  3.00
      662     72  4.00
      662    678  1.00
      662   1105  5.00
      662   1181  3.00
      663     24  2.00
      663    194  2.00
      663    773  2.00
      663    790  2.00
      663   1027  2.00
      665    451  1.00
      665    514  1.00
      665    646  5.00
      665   1072  5.00
      665   1177  1.00
      666    203  1.00
      666    536  1.00
      666    567  1.00
      666    933  4.00
      667   1035  3.00
      669    265  3.00
      669    283  5.00
      669    284  4.00
      670    178  1.00
      670    322  1.00
      670    442  4.00
      670   1149  1.00
      672    442  3.00
      672    502  1.00
      672   1173  1.00
      674    281  5.00
      674    313  3.00
      674    320  2.00
      674   1141  1.00
      675   1028  4.00
      675   1155  5.00
      676    134  3.00
      676    317  3.00
      676    485  4.00
      677    305  2.00
      677    469  6.00
      677    753  6.00
      677    938  4.00
      677    979  1.00
      678      9  5.00
      678     72  2.00
      678    156  3.00
      678    421  5.00
      678    929  4.00
      679     99  6.00
      679    244  3.00
      679    263  6.00
      679    795  5.00
      679    942  5.00
      680    110  4.00
      680    264  3.00
      680    278  6.00
      680    648  4.00
      680   1015  6.00
      681    427  2.00
      681    592  1.00
      681    723  3.00
      681   1168  4.00
      683    556  1.00
      683    789  6.00
      683   1015  6.00
      683   1070  3.00
      684    555  3.00
      684    927  5.00
      684    999  5.00
      684   1058  5.00
      685    623  5.00
      685    822  5.00
      685    940  6.00
      685   1186  6.00
      688   1209  5.00
      689    809  1.00
      689    960  5.00
      689   1187  1.00
      689   1216  2.00
      690    295  3.00
      690    789  4.00
      690   1011  5.00
      690   1041  3.00
      691    152  4.00
      692    538  3.00
      692    729  6.00
      692   1007  6.00
      692   1152  6.00
      693    551  6.00
      693    956  5.00
      694    111  3.00
      694    461  5.00
      695    647  1.00
      695    656  2.00
      695    834  1.00
      695    882  2.00
      695   1203  1.00
      696    865  5.00
      696    908  5.00
      696    929  4.00
      697    189  1.00
      697    403  1.00
      697    447  1.00
      697    998  2.00
      697   1136  2.00
      698    119  2.00
      698    160  3.00
      699     41  4.00
      699    862  6.00
      700    895  6.00
      700   1195  4.00
      702    467  4.00
      702   1170  2.00
      703     45  1.00
      703    155  5.00
      703    530  2.00
      703    587  1.00
      703    873  4.00
      704    100  4.00
      704    334  1.00
      704    409  3.00
      704    474  3.00
      704    824  2.00
      705    287  4.00
      705    719  4.00
      706    865  5.00
      706    964  5.00
      706   1067  5.00
      706   1101  5.00
      707    769  5.00
      709    423  4.00
      709    454  2.00
      709    923  1.00
      709   1166  4.00
      709   1221  3.00
      710     45  3.00
      710    771  2.00
      710    787  3.00
      710   1001  1.00
      711    351  2.00
      711    958  2.00
      712     76  6.00
      712    510  3.00
      712    655  2.00
      712   1192  2.00
      713    482  6.00
      713    905  3.00
      714    203  3.00
      714    412  2.00
      714   1008  2.00
      714   1202  3.00
      716    100  1.00
      716    334  1.00
      716    579  2.00
      716    704  3.00
      716   1169  3.00
      717    122  6.00
      717    143  5.00
      717    290  6.00
      717   1228  5.00
      719    705  5.00
      719   1065  5.00
      720    444  6.00
      720    570  3.00
      720    623  3.00
      720    717  5.00
      720    730  6.00
      721     19  6.00
      721    280  5.00
      721    760  2.00
      721    983  1.00
      721   1124  6.00
      722    135  3.00
      722    586  3.00
      722    668  3.00
      722    692  5.00
      722    736  3.00
      723    455  6.00
      723    602  4.00
      723    681  4.00
      723   1215  3.00
      724    254  5.00
      724    459  3.00
      724    501  5.00
      724    648  3.00
      725    214  5.00
      725   1194  3.00
      726     57  2.00
      726    913  2.00
      727    344  2.00
      727    581  4.00
      728    416  4.00
      729    135  4.00
      729    692  6.00
      730    720  6.00
      730    805  4.00
      731    159  6.00
      731    426  3.00
      732    303  1.00
      732    615  4.00
      732    735  5.00
      732   1168  3.00
      733    181  4.00
      733    230  2.00
      733    917  5.00
      734    244  1.00
      734    501  1.00
      734    839  5.00
      734    846  1.00
      734   1114  1.00
      736     21  5.00
      736    173  5.00
      736    534  2.00
      736    538  4.00
      736    543  6.00
      738      4  2.00
      738    833  5.00
      738    861  2.00
      739     35  1.00
      739    785  2.00
      740     88  2.00
      742    923  4.00
      743    115  1.00
      743    177  1.00
      743    537  5.00
      743    872  4.00
      744      1  2.00
      744     60  2.00
      744     83  1.00
      744    872  2.00
      744   1185  4.00
      746    110  6.00
      746    278  1.00
      746    648  4.00
      746    680  4.00
      746   1146  1.00
      747    333  5.00
      747    471  3.00
      747    910  3.00
      748    255  5.00
      748    472  6.00
      748    871  4.00
      748    998  3.00
      749    527  6.00
      749    723  6.00
      749   1215  3.00
      750    386  1.00
      750    606  5.00
      751    119  3.00
      751    468  2.00
      752    239  6.00
      753    469  6.00
      753    815  5.00
      753    996  5.00
      754    277  1.00
      754    415  1.00
      754    687  1.00
      754    813  3.00
      754   1071  1.00
      755    291  1.00
      755    475  1.00
      756     64  4.00
      756     86  1.00
      756    236  1.00
      756   1082  2.00
      757    202  1.00
      757    499  2.00
      757    995  1.00
      758    317  6.00
      758    950  4.00
      759    130  3.00
      759   1074  2.00
      759   1088  5.00
      760     19  5.00
      760    280  6.00
      760    382  6.00
      760    721  2.00
      760   1124  5.00
      761    109  2.00
      761    252  3.00
      761    510  3.00
      762    199  3.00
      763    257  4.00
      763    663  2.00
      763    783  5.00
      763    788  4.00
      764    425  2.00
      764    576  2.00
      764    643  1.00
      765    825  1.00
      765   1211  3.00
      766    321  1.00
      766    629  1.00
      767    129  5.00
      767   1133  6.00
      768     13  5.00
      768    771  3.00
      769    524  6.00
      769    707  6.00
      769    953  1.00
      769   1047  4.00
      770    116  4.00
      770    167  4.00
      770    225  4.00
      770   1180  4.00
      770   1212  5.00
      771    172  6.00
      771    206  5.00
      771    768  3.00
      771   1080  5.00
      772    159  4.00
      772    368  1.00
      772    426  2.00
      772    455  1.00
      772    731  4.00
      773     24  2.00
      773    690  2.00
      773    789  2.00
      774    178  4.00
      774    801  6.00
      774    867  2.00
      774   1052  4.00
      776      8  5.00
      776    254  3.00
      776    476  3.00
      776    892  4.00
      776   1076  2.00
      777     58  4.00
      777    964  5.00
      778    429  5.00
      778    828  1.00
      778    984  2.00
      779     45  3.00
      779    806  5.00
      780    783  1.00
      781     59  2.00
      781    608  5.00
      781    630  3.00
      782     76  3.00
      782    301  5.00
      782    904  3.00
      782   1196  4.00
      783    257  5.00
      783    663  4.00
      783    763  4.00
      783    788  4.00
      783    981  4.00
      784    141  1.00
      786    962  4.00
      786   1117  4.00
      786   1150  4.00
      787    859  2.00
      787    863  2.00
      787    933  2.00
      788    257  6.00
      788    663  2.00
      788    763  4.00
      788    783  3.00
      789    510  5.00
      789    683  4.00
      789    790  4.00
      789   1015  5.00
      789   1153  4.00
      790     61  1.00
      790    789  5.00
      790   1153  4.00
      791    171  2.00
      791    338  1.00
      791   1191  1.00
      792    404  2.00
      793    215  1.00
      793    774  1.00
      793    807  1.00
      794    275  1.00
      794    494  2.00
      794    982  2.00
      794   1031  5.00
      795    275  4.00
      795    679  3.00
      795    736  2.00
      795    991  5.00
      797    874  2.00
      797    901  3.00
      797   1208  2.00
      798    531  6.00
      798    946  6.00
      798    949  6.00
      799    174  4.00
      799    614  5.00
      799   1198  3.00
      800    110  4.00
      800    278  3.00
      800    648  4.00
      800    680  4.00
      800   1015  1.00
      801     31  4.00
      801    102  3.00
      801    244  3.00
      801    774  6.00
      801   1014  3.00
      802     66  5.00
      802    898  5.00
      804     94  6.00
      804    122  4.00
      804    190  5.00
      804    420  3.00
      804   1003  6.00
      805      1  3.00
      805    730  5.00
      806    742  6.00
      807    575  4.00
      807    588  3.00
      808    510  3.00
      808    690  4.00
      808    790  2.00
      809    533  5.00
      809    603  4.00
      809    689  5.00
      809    960  5.00
      809   1187  5.00
      810   1128  1.00
      811    348  2.00
      811    378  1.00
      811    896  5.00
      812     42  5.00
      812    336  4.00
      813    687  1.00
      813    754  1.00
      814    170  5.00
      814    357  4.00
      814    897  4.00
      814    954  3.00
      816    355  4.00
      816    394  4.00
      816    529  4.00
      816    945  4.00
      817    388  1.00
      817    390  1.00
      817    474  6.00
      818     23  1.00
      818    659  5.00
      820     91  5.00
      820    547  3.00
      820    908  4.00
      820    929  5.00
      821    271  3.00
      821    443  2.00
      822    623  4.00
      822    894  4.00
      822    940  4.00
      823    337  5.00
      823    990  3.00
      824    187  3.00
      824    334  2.00
      824    409  5.00
      824    470  5.00
      824    474  3.00
      826    498  4.00
      826    651  6.00
      826   1055  5.00
      826   1134  2.00
      826   1220  5.00
      827    384  1.00
      827    772  3.00
      827   1137  1.00
      829    185  4.00
      829    776  4.00
      829    786  4.00
      829   1061  4.00
      829   1117  2.00
      831    610  3.00
      831   1022  5.00
      832    113  6.00
      832    207  6.00
      832    618  6.00
      832    759  6.00
      832    901  6.00
      833      4  4.00
      833    738  6.00
      834    647  2.00
      834    656  1.00
      834    695  1.00
      834    720  3.00
      834   1203  1.00
      835    238  6.00
      835    558  5.00
      835   1158  4.00
      837     90  4.00
      837    701  3.00
      837    986  3.00
      837   1180  2.00
      838    495  4.00
      838    513  6.00
      838    984  6.00
      840      8  1.00
      840    171  2.00
      840    219  1.00
      840    701  1.00
      840   1026  2.00
      841    126  2.00
      841    579  6.00
      841    829  2.00
      841   1184  6.00
      841   1213  3.00
      842    182  6.00
      843      8  3.00
      843     41  5.00
      843    213  3.00
      843    671  3.00
      844    129  5.00
      845     99  4.00
      845   1062  3.00
      845   1081  5.00
      846    185  6.00
      846   1117  6.00
      847    235  4.00
      847    344  1.00
      848     53  3.00
      848     68  4.00
      848    221  2.00
      849   1028  4.00
      849   1042  5.00
      849   1070  3.00
      849   1179  5.00
      850     58  6.00
      850    805  3.00
      850   1046  4.00
      851    117  3.00
      851    178  1.00
      851    410  1.00
      851    923  1.00
      852      7  5.00
      852    511  5.00
      852    574  2.00
      852    857  5.00
      852    896  1.00
      853      4  3.00
      853    875  5.00
      854    951  6.00
      854   1079  1.00
      855    119  2.00
      855    413  2.00
      856    609  4.00
      856    636  4.00
      856   1142  6.00
      858    273  1.00
      858    652  1.00
      858   1055  2.00
      858   1220  3.00
      859    254  6.00
      859    487  1.00
      859    787  3.00
      859    932  5.00
      859   1076  5.00
      860     30  2.00
      860    258  2.00
      860    260  5.00
      860    433  2.00
      860   1165  5.00
      861    296  2.00
      861    392  6.00
      861    463  2.00
      862    146  5.00
      862    424  1.00
      862    699  5.00
      862    866  1.00
      863     47  1.00
      863    368  1.00
      863    371  6.00
      863    806  1.00
      863    985  1.00
      863   1093  1.00
      863   1163  1.00
      863   1166  6.00
      865    300  2.00
      865    784  2.00
      865   1067  2.00
      865   1101  5.00
      867    292  2.00
      867    307  1.00
      867    370  2.00
      867    774  1.00
      867    818  1.00
      870    151  4.00
      870    154  5.00
      871    193  5.00
      871    255  5.00
      871    511  6.00
      871    748  4.00
      871    998  4.00
      872     54  5.00
      872    414  6.00
      872    744  2.00
      873    530  3.00
      874    797  2.00
      874    901  1.00
      874   1208  1.00
      875      4  6.00
      875    372  5.00
      875    853  6.00
      875    937  6.00
      875   1109  4.00
      876    391  1.00
      878    389  3.00
      878    465  5.00
      878    491  5.00
      878    616  6.00
      878   1034  1.00
      879    319  5.00
      879    990  3.00
      880     41  2.00
      880    575  2.00
      882     69  5.00
      883    407  6.00
      883    503  3.00
      883    540  4.00
      883   1017  1.00
      883   1050  3.00
      885    360  4.00
      885    448  6.00
      885    981  5.00
      886    852  1.00
      886    876  2.00
      886   1145  2.00
      887    439  2.00
      887    604  1.00
      887    683  3.00
      887    989  6.00
      887   1099  6.00
      888    386  5.00
      888    492  6.00
      888    869  6.00
      888   1080  5.00
      889    149  3.00
      889    519  1.00
      889    917  1.00
      890    167  3.00
      890    774  2.00
      891    574  3.00
      891    871  4.00
      892     50  2.00
      892    549  1.00
      892   1076  6.00
      893    194  1.00
      893    439  1.00
      893    675  1.00
      893   1155  2.00
      893   1170  1.00
      895    700  5.00
      895   1195  3.00
      896    653  2.00
      896    787  2.00
      896    811  4.00
      898    802  5.00
      899    213  5.00
      899    350  3.00
      899    905  3.00
      899   1034  5.00
      900     40  4.00
      900    163  1.00
      900    171  4.00
      900    649  1.00
      900    657  5.00
      901    797  3.00
      901    874  2.00
      901   1208  3.00
      902    370  2.00
      902    559  2.00
      902    961  1.00
      903    538  5.00
      903    543  5.00
      904    318  6.00
      904    782  5.00
      904    979  5.00
      904   1196  6.00
      905    968  3.00
      906    882  2.00
      906   1059  2.00
      906   1087  1.00
      906   1226  3.00
      907   1166  3.00
      908     91  6.00
      908    820  5.00
      908    929  6.00
      908   1139  3.00
      911    513  1.00
      911    535  4.00
      911    727  5.00
      911   1097  6.00
      912    533  2.00
      912    919  6.00
      912   1086  5.00
      913    458  1.00
      913    726  1.00
      914    275  3.00
      914   1103  6.00
      915    101  4.00
      915    315  3.00
      915    774  4.00
      916    150  1.00
      916    515  5.00
      917    181  5.00
      917    386  3.00
      917    519  4.00
      917    733  4.00
      919    603  5.00
      919    912  6.00
      919   1086  4.00
      921    532  3.00
      921    631  6.00
      921   1190  3.00
      922    939  1.00
      922   1153  1.00
      923     90  3.00
      923    423  4.00
      923    589  5.00
      923    742  3.00
      923   1030  6.00
      925    178  1.00
      925    430  1.00
      925   1069  1.00
      926    521  6.00
      926    607  1.00
      926    634  4.00
      927    436  2.00
      927    555  3.00
      927    684  6.00
      927    999  4.00
      927   1017  2.00
      928     10  3.00
      928    369  3.00
      928    458  5.00
      928    992  2.00
      929     91  6.00
      929    678  4.00
      929    908  5.00
      929   1101  5.00
      930    625  5.00
      930   1164  5.00
      933    536  4.00
      933    567  5.00
      933    666  4.00
      933   1219  5.00
      935    290  3.00
      935    513  5.00
      935    838  2.00
      935    984  2.00
      938    230  6.00
      938    305  6.00
      938    747  2.00
      940    186  4.00
      940    685  5.00
      941    570  5.00
      941    573  6.00
      941   1083  5.00
      941   1108  4.00
      942     99  5.00
      942    271  5.00
      942   1062  5.00
      944    622  3.00
      944    845  2.00
      945    816  6.00
      945    869  1.00
      946    410  5.00
      946    531  5.00
      946    798  6.00
      947     52  6.00
      947     92  1.00
      947   1061  1.00
      948    816  1.00
      949    798  4.00
      950    235  4.00
      950    317  6.00
      950    345  2.00
      950    758  5.00
      951    485  5.00
      951    854  4.00
      951    950  2.00
      952    294  3.00
      952    299  6.00
      953    341  1.00
      953    343  1.00
      953    704  4.00
      953    992  5.00
      955    997  1.00
      955   1218  1.00
      956    298  5.00
      956    693  4.00
      957    327  2.00
      957    526  3.00
      957   1135  3.00
      958    109  1.00
      958    453  5.00
      958    522  4.00
      958    690  1.00
      959    221  5.00
      959    338  3.00
      959    587  1.00
      959    658  3.00
      959    967  2.00
      960    603  6.00
      960    689  6.00
      960    809  6.00
      960   1187  6.00
      960   1216  6.00
      961    194  1.00
      961    202  1.00
      961    902  1.00
      962     90  1.00
      962    601  1.00
      962    786  5.00
      962   1150  2.00
      962   1180  2.00
      963    154  4.00
      963    205  6.00
      963    443  2.00
      963   1023  5.00
      963   1046  5.00
      964    706  5.00
      964    865  5.00
      964   1101  5.00
      965   1177  5.00
      967    658  1.00
      967    959  2.00
      969    246  4.00
      969    303  4.00
      969   1111  5.00
      970    303  2.00
      970    598  5.00
      970    969  3.00
      971    198  6.00
      971    270  1.00
      971   1083  4.00
      971   1098  3.00
      972    208  6.00
      972    263  6.00
      972    994  4.00
      972   1096  6.00
      973    175  2.00
      973   1119  3.00
      976    495  4.00
      976    910  5.00
      976   1048  3.00
      977    113  5.00
      977    245  6.00
      978     64  4.00
      978    704  3.00
      978    914  5.00
      978   1103  5.00
      979    729  2.00
      980    230  3.00
      980    492  6.00
      980    546  4.00
      980    630  5.00
      980    815  4.00
      981    430  4.00
      981    499  4.00
      981    562  4.00
      981    859  1.00
      982    462  5.00
      982    520  3.00
      982   1152  3.00
      983    543  3.00
      983    843  6.00
      983   1126  6.00
      984    495  4.00
      984    513  4.00
      984    838  4.00
      985    177  4.00
      985    254  6.00
      985    414  5.00
      985    859  6.00
      985    872  3.00
      986    786  2.00
      986    863  2.00
      986    962  2.00
      986   1161  1.00
      987     19  6.00
      987    436  3.00
      987    988  4.00
      987   1171  5.00
      988    115  3.00
      988    436  6.00
      988   1171  6.00
      989    439  1.00
      989    552  1.00
      989    887  3.00
      989   1074  1.00
      989   1099  3.00
      991    795  5.00
      991    903  5.00
      992    187  2.00
      992    343  4.00
      992    953  2.00
      992   1063  4.00
      993    158  1.00
      993    200  4.00
      993    934  1.00
      993   1166  5.00
      993   1223  5.00
      994    972  5.00
      994   1096  5.00
      995    113  2.00
      995    163  5.00
      996   1228  6.00
      997    317  3.00
      997    345  1.00
      997    950  2.00
      997   1162  1.00
      997   1218  5.00
      998    255  4.00
      998    511  3.00
      998    748  4.00
      998    871  4.00
      999    555  4.00
      999    684  6.00
      999    927  5.00
      999   1187  4.00
     1001     45  1.00
     1001    574  5.00
     1001   1215  3.00
     1002    161  6.00
     1002    342  2.00
     1002    373  3.00
     1003     94  5.00
     1003    420  4.00
     1004     30  5.00
     1004    258  3.00
     1004    302  3.00
     1005     95  3.00
     1005    125  2.00
     1005    422  3.00
     1005    684  6.00
     1006    127  2.00
     1006    179  5.00
     1006    574  2.00
     1006    857  4.00
     1006   1060  4.00
     1007    586  5.00
     1007    692  5.00
     1008    203  2.00
     1008    218  4.00
     1008    318  2.00
     1008    450  1.00
     1008   1084  2.00
     1009    165  2.00
     1009    172  5.00
     1009    304  3.00
     1009    400  1.00
     1010    151  3.00
     1010    154  3.00
     1010    363  3.00
     1010    963  3.00
     1010   1224  2.00
     1011     61  1.00
     1011    522  2.00
     1011    690  5.00
     1011    789  4.00
     1011    790  1.00
     1012     46  6.00
     1012    297  6.00
     1012    500  5.00
     1014      7  3.00
     1014     31  2.00
     1014    244  2.00
     1014    801  3.00
     1015    278  6.00
     1015    683  6.00
     1015    800  1.00
     1015    839  3.00
     1016     13  5.00
     1016     18  6.00
     1017    436  2.00
     1017    927  3.00
     1017   1050  5.00
     1017   1209  5.00
     1020    281  4.00
     1020    320  5.00
     1020    644  6.00
     1020   1141  4.00
     1020   1157  2.00
     1021    158  3.00
     1021    832  4.00
     1021   1045  3.00
     1021   1188  3.00
     1021   1195  3.00
     1022     24  4.00
     1022    610  1.00
     1022    831  6.00
     1022   1192  5.00
     1022   1206  4.00
     1023    696  2.00
     1023    706  2.00
     1023    865  4.00
     1023    908  2.00
     1023   1101  5.00
     1026    840  2.00
     1027    162  5.00
     1027    312  4.00
     1027    324  1.00
     1027    499  1.00
     1027    588  2.00
     1028   1041  6.00
     1028   1070  4.00
     1028   1155  5.00
     1028   1179  6.00
     1030    742  3.00
     1030    786  3.00
     1030    923  5.00
     1030   1150  5.00
     1032    565  4.00
     1032    723  2.00
     1032    749  1.00
     1033     31  3.00
     1033    191  1.00
     1033    193  3.00
     1033    244  3.00
     1034    174  5.00
     1034    389  2.00
     1034    469  4.00
     1034    631  4.00
     1034    921  2.00
     1035    358  5.00
     1035    600  6.00
     1036    521  6.00
     1036    606  6.00
     1036    633  5.00
     1036    926  5.00
     1038     73  3.00
     1038    485  1.00
     1038    986  3.00
     1039    658  6.00
     1040    171  1.00
     1040    488  4.00
     1040    808  3.00
     1041    295  5.00
     1041    424  1.00
     1042    424  3.00
     1042    619  5.00
     1042    849  3.00
     1042   1028  3.00
     1043    248  3.00
     1045    214  3.00
     1045    583  4.00
     1045    832  6.00
     1045   1188  6.00
     1045   1195  2.00
     1046     21  5.00
     1046    443  2.00
     1046    534  5.00
     1047    506  6.00
     1049    275  1.00
     1049    592  4.00
     1050   1017  5.00
     1051    153  6.00
     1051   1191  2.00
     1054     42  2.00
     1054    889  6.00
     1054   1075  2.00
     1054   1116  5.00
     1055    185  5.00
     1055    651  3.00
     1055    775  3.00
     1055    826  4.00
     1055   1134  3.00
     1056    103  3.00
     1056    197  1.00
     1056   1063  2.00
     1056   1103  1.00
     1056   1137  4.00
     1058     21  5.00
     1058    555  6.00
     1058    684  4.00
     1058   1046  3.00
     1058   1187  3.00
     1059    353  6.00
     1059    505  5.00
     1059   1197  5.00
     1060     31  3.00
     1060     70  3.00
     1060    127  4.00
     1060   1006  2.00
     1062     99  6.00
     1062    845  3.00
     1062    942  4.00
     1063    141  5.00
     1063    187  4.00
     1063    409  3.00
     1063    735  5.00
     1063    992  4.00
     1064    353  2.00
     1064    419  1.00
     1064    557  3.00
     1064    571  2.00
     1065     83  5.00
     1065    274  6.00
     1065   1025  6.00
     1065   1171  5.00
     1066     46  3.00
     1066    123  5.00
     1066    365  4.00
     1066   1057  5.00
     1067    300  3.00
     1067    422  4.00
     1067    706  6.00
     1067    865  6.00
     1067   1101  5.00
     1069    153  4.00
     1069    169  4.00
     1069    918  1.00
     1069   1103  2.00
     1069   1176  4.00
     1070    556  2.00
     1070   1028  5.00
     1070   1179  5.00
     1072     81  3.00
     1072    514  3.00
     1072    646  5.00
     1072    665  4.00
     1072   1177  4.00
     1074    477  2.00
     1074   1088  2.00
     1075     29  2.00
     1075    207  2.00
     1075    618  2.00
     1075   1054  2.00
     1076    221  2.00
     1076    859  5.00
     1076    959  1.00
     1077   1002  3.00
     1079     97  5.00
     1079    105  2.00
     1079    716  2.00
     1079   1132  3.00
     1080    172  5.00
     1080    206  2.00
     1080    888  4.00
     1081    721  1.00
     1082     64  6.00
     1082    236  3.00
     1082   1078  1.00
     1083     69  2.00
     1083    374  2.00
     1084     41  5.00
     1084    203  4.00
     1084    575  2.00
     1084    850  4.00
     1084   1008  3.00
     1085     64  3.00
     1085    914  4.00
     1085   1082  1.00
     1086    533  3.00
     1086    603  2.00
     1086    912  3.00
     1086    919  5.00
     1087     83  2.00
     1087    864  6.00
     1087   1171  2.00
     1088    202  3.00
     1088    659  3.00
     1092    598  5.00
     1092    632  5.00
     1092    938  4.00
     1092    970  3.00
     1093    204  4.00
     1093    329  5.00
     1093    471  5.00
     1093    619  6.00
     1094    395  2.00
     1094    599  4.00
     1094   1022  1.00
     1094   1175  1.00
     1094   1182  5.00
     1096    553  4.00
     1096    972  5.00
     1097    340  4.00
     1097    390  5.00
     1098    132  4.00
     1098    165  6.00
     1098    188  4.00
     1098    355  1.00
     1098    971  2.00
     1099    109  1.00
     1099    252  1.00
     1099    887  5.00
     1099    989  5.00
     1099   1041  1.00
     1100    461  3.00
     1101     91  5.00
     1101    865  6.00
     1101    929  4.00
     1101    964  6.00
     1101   1067  4.00
     1103    294  3.00
     1103    334  2.00
     1103    474  3.00
     1103    704  2.00
     1103    914  6.00
     1104    924  6.00
     1105     67  4.00
     1105    419  5.00
     1105    557  1.00
     1105    662  2.00
     1105   1181  6.00
     1106    342  5.00
     1106    447  1.00
     1106    617  2.00
     1106   1160  5.00
     1106   1180  1.00
     1107     11  3.00
     1107    645  5.00
     1107    887  1.00
     1108    570  4.00
     1108    573  4.00
     1108    920  3.00
     1108    941  4.00
     1108   1083  3.00
     1109      4  6.00
     1109    372  6.00
     1109    853  6.00
     1109    875  3.00
     1109   1071  6.00
     1110     20  3.00
     1112    133  4.00
     1112    389  1.00
     1112   1198  6.00
     1113    508  3.00
     1114    244  1.00
     1114    425  1.00
     1114    545  1.00
     1114    734  2.00
     1114   1172  1.00
     1115     32  1.00
     1115   1090  5.00
     1116     59  3.00
     1116    608  3.00
     1116   1054  3.00
     1118    542  2.00
     1118    562  2.00
     1118    568  2.00
     1118    880  1.00
     1119    175  4.00
     1119    403  3.00
     1119    973  3.00
     1119   1166  6.00
     1121    368  3.00
     1121    785  2.00
     1123    241  6.00
     1123    735  4.00
     1123   1168  6.00
     1124     19  5.00
     1124    280  4.00
     1124    721  6.00
     1124    760  5.00
     1127      5  6.00
     1127     93  4.00
     1127    191  4.00
     1127    846  6.00
     1127   1117  3.00
     1128    179  2.00
     1128    574  2.00
     1128    810  2.00
     1129    551  5.00
     1129    693  4.00
     1129   1206  3.00
     1130    101  4.00
     1130    348  1.00
     1130    612  3.00
     1131     71  2.00
     1131    203  1.00
     1131    447  3.00
     1131   1008  2.00
     1132   1079  4.00
     1133    129  5.00
     1133    565  2.00
     1133    767  6.00
     1133    772  6.00
     1134    651  5.00
     1134   1055  4.00
     1134   1220  5.00
     1136      7  4.00
     1136    189  4.00
     1136    434  2.00
     1136    516  2.00
     1136    572  1.00
     1137     10  2.00
     1137    458  5.00
     1137    715  3.00
     1137    928  2.00
     1137   1056  4.00
     1138    396  4.00
     1138    857  5.00
     1138    936  4.00
     1139    908  1.00
     1139    929  1.00
     1140    686  2.00
     1140    961  2.00
     1140   1208  5.00
     1141    281  6.00
     1141    320  6.00
     1141    529  3.00
     1141    532  6.00
     1141    674  5.00
     1142    192  1.00
     1142    609  3.00
     1142    636  2.00
     1142    856  5.00
     1143   1090  1.00
     1146    264  1.00
     1146    278  3.00
     1146    648  4.00
     1146    680  4.00
     1146   1092  2.00
     1147     20  3.00
     1147     24  2.00
     1147    378  2.00
     1147    516  2.00
     1147    517  3.00
     1148    254  3.00
     1148    286  5.00
     1148    859  2.00
     1148   1146  2.00
     1149     36  6.00
     1149    150  2.00
     1149    635  5.00
     1150    513  5.00
     1150    786  5.00
     1150    838  4.00
     1150    962  2.00
     1150    986  2.00
     1151    545  3.00
     1151    644  2.00
     1151    884  3.00
     1152      3  3.00
     1152    520  5.00
     1152    692  5.00
     1152    982  5.00
     1153    510  5.00
     1153    789  6.00
     1153    790  5.00
     1153    922  4.00
     1153   1224  5.00
     1154     58  1.00
     1154    847  3.00
     1155    675  5.00
     1155   1028  3.00
     1155   1179  2.00
     1156     36  1.00
     1156    612  1.00
     1156    710  1.00
     1156   1147  1.00
     1157    545  6.00
     1157    644  6.00
     1157    884  6.00
     1157   1020  6.00
     1159    140  4.00
     1159    240  4.00
     1159    495  3.00
     1159    979  3.00
     1159   1081  4.00
     1160    574  3.00
     1160    747  5.00
     1161   1158  5.00
     1161   1159  6.00
     1162    109  3.00
     1162    252  2.00
     1162    307  2.00
     1162    477  3.00
     1162    493  2.00
     1163    354  2.00
     1163   1128  2.00
     1164    301  2.00
     1164    513  5.00
     1164    838  3.00
     1164    930  5.00
     1164    984  2.00
     1165    260  3.00
     1165    433  2.00
     1165    860  3.00
     1166    423  5.00
     1166    454  5.00
     1166   1221  5.00
     1166   1223  6.00
     1168    681  6.00
     1168    732  6.00
     1168   1123  6.00
     1169    100  6.00
     1169    615  5.00
     1169    704  2.00
     1169    716  5.00
     1170     15  3.00
     1170     75  3.00
     1170    163  3.00
     1170    195  4.00
     1170    548  3.00
     1171     83  5.00
     1171    987  6.00
     1171    988  6.00
     1172      5  3.00
     1172    157  4.00
     1172    410  3.00
     1173      8  1.00
     1173    628  4.00
     1174    208  4.00
     1174    263  2.00
     1174    972  4.00
     1174    994  5.00
     1174   1096  2.00
     1175     76  2.00
     1175    301  2.00
     1175   1081  2.00
     1176    654  3.00
     1177    451  1.00
     1177    514  1.00
     1177    646  4.00
     1177   1072  6.00
     1178      8  1.00
     1178    628  1.00
     1178    829  1.00
     1178    916  1.00
     1178   1202  3.00
     1179    301  1.00
     1179   1028  6.00
     1179   1070  5.00
     1181     67  4.00
     1181    333  1.00
     1181    662  2.00
     1181   1105  4.00
     1182    395  2.00
     1182    599  3.00
     1182   1094  5.00
     1184    235  2.00
     1184    579  6.00
     1184    740  2.00
     1184    841  6.00
     1184    888  4.00
     1185    250  2.00
     1185   1039  3.00
     1185   1180  4.00
     1188    158  3.00
     1188    522  1.00
     1188    583  4.00
     1188    832  5.00
     1188   1045  6.00
     1190    532  6.00
     1190    631  6.00
     1190    650  5.00
     1192     24  1.00
     1192    655  3.00
     1192   1022  5.00
     1193    112  2.00
     1193    488  5.00
     1193    522  4.00
     1193    808  3.00
     1194    407  4.00
     1194    725  5.00
     1194    991  3.00
     1194   1010  3.00
     1195    700  1.00
     1195    895  3.00
     1195   1045  1.00
     1196    301  5.00
     1196    318  4.00
     1196    782  6.00
     1196    904  6.00
     1197    210  1.00
     1197    353  3.00
     1197    505  3.00
     1198   1112  4.00
     1199     87  5.00
     1199    444  5.00
     1199    623  3.00
     1199    664  6.00
     1199   1186  3.00
     1200    134  2.00
     1200    301  1.00
     1200    424  1.00
     1200   1155  4.00
     1201    143  5.00
     1201    290  3.00
     1201    444  5.00
     1201   1228  4.00
     1202    387  2.00
     1202   1178  5.00
     1203    464  5.00
     1204    465  5.00
     1205    747  2.00
     1205   1217  4.00
     1206    298  4.00
     1206    450  4.00
     1206    693  4.00
     1206    916  4.00
     1206   1129  4.00
     1207     76  1.00
     1207    246  2.00
     1207    519  1.00
     1207   1111  3.00
     1209    329  3.00
     1209    688  4.00
     1209   1017  5.00
     1210    194  4.00
     1210   1079  4.00
     1211    765  4.00
     1212    153  1.00
     1212    291  1.00
     1212    770  4.00
     1212   1147  3.00
     1213    403  6.00
     1213    407  5.00
     1213    852  4.00
     1214     92  6.00
     1214    549  5.00
     1214   1061  6.00
     1214   1127  4.00
     1215    527  4.00
     1215    602  3.00
     1215    723  4.00
     1215    749  4.00
     1216    561  6.00
     1216    689  5.00
     1216    960  6.00
     1216   1187  6.00
     1217    367  5.00
     1217    881  3.00
     1219    536  6.00
     1219    567  5.00
     1219    933  5.00
     1220    498  5.00
     1220    651  5.00
     1220    826  5.00
     1220   1055  4.00
     1220   1134  3.00
     1221    423  6.00
     1221    435  5.00
     1221    454  6.00
     1221    709  4.00
     1222    418  2.00
     1222    659  1.00
     1222    732  2.00
     1222   1223  2.00
     1223    993  5.00
     1223   1090  2.00
     1224     77  3.00
     1224    363  1.00
     1224    736  1.00
     1224   1010  3.00
     1224   1194  2.00
     1225    348  3.00
     1225    375  3.00
     1225   1147  1.00
     1228    143  5.00
     1228    290  4.00
     1228    996  3.00
     1229    626  3.00