DL
N=1111
FORMAT=EDGELIST1
DATA:
        1    504  2.00
        1    766  6.00
        1    890  2.00
        1    940  4.00
        2    552  1.00
        3    126  1.00
        3    320  4.00
        3    998  1.00
        4    287  1.00
        5    203  1.00
        5    677  1.00
        5    709  1.00
        5    732  5.00
        5    761  1.00
        6    439  1.00
        6    443  1.00
        6    557  1.00
        6    769  1.00
        7    491  5.00
        7    875  5.00
        7   1029  4.00
        8    714  1.00
        8   1039  1.00
        9    220  2.00
       11    153  2.00
       11    171  4.00
       11    360  4.00
       11    668  3.00
       13     17  3.00
       13    546  2.00
       13    875  1.00
       14    247  3.00
       14    356  5.00
       14    437  5.00
       14    644  3.00
       14    735  6.00
       14   1034  2.00
       16    348  2.00
       16    631  4.00
       16    745  3.00
       18    209  2.00
       18    717  2.00
       19    371  1.00
       19    531  1.00
       19    700  1.00
       19    977  1.00
       20    147  5.00
       22    522  3.00
       25    366  1.00
       25    756  1.00
       26    384  6.00
       27    238  1.00
       27    385  3.00
       27    483  1.00
       27    567  1.00
       27    949  3.00
       28     36  6.00
       28    388  1.00
       28    393  1.00
       28    444  1.00
       28    542  1.00
       28    938  1.00
       29     31  2.00
       29     35  1.00
       29    252  1.00
       29    686  2.00
       29    823  1.00
       30    674  3.00
       30   1090  3.00
       31     19  3.00
       31    152  4.00
       31    497  3.00
       31    610  2.00
       32    451  5.00
       32    674  3.00
       32    938  3.00
       32   1040  3.00
       32   1090  3.00
       33    452  1.00
       34    278  3.00
       34    489  5.00
       34    585  4.00
       34    867  3.00
       34    943  6.00
       35    341  3.00
       35    714  4.00
       35    762  4.00
       35    983  3.00
       36     28  5.00
       38    621  4.00
       38    801  3.00
       38    929  3.00
       38    931  4.00
       38    955  4.00
       39    218  1.00
       39    328  3.00
       39    640  2.00
       39    804  1.00
       39    974  2.00
       40     62  4.00
       40    574  5.00
       40    587  2.00
       40    692  6.00
       40    897  4.00
       43    419  1.00
       43    922  2.00
       43    947  1.00
       44    263  1.00
       44    471  3.00
       45    206  6.00
       46    415  3.00
       46    713  1.00
       46   1062  3.00
       47    769  4.00
       49     48  1.00
       49    606  1.00
       49    728  1.00
       49    860  6.00
       49    861  5.00
       50    490  3.00
       51    204  3.00
       51    601  3.00
       51    732  5.00
       52     30  3.00
       52     68  3.00
       52    350  2.00
       52    722  2.00
       52   1040  2.00
       53    413  3.00
       53    430  5.00
       53    927  4.00
       53    966  5.00
       54    368  3.00
       54    546  3.00
       54    978  3.00
       55    252  5.00
       55    341  2.00
       55    608  3.00
       55    714  5.00
       55    750  5.00
       55    777  2.00
       55   1044  4.00
       56    740  6.00
       56    787  5.00
       56   1026  6.00
       57    124  1.00
       57    415  1.00
       57    861  1.00
       58    318  5.00
       59     81  5.00
       59    338  3.00
       59    765  2.00
       59    820  1.00
       60     53  5.00
       60    245  4.00
       60    430  4.00
       60    574  4.00
       60    611  4.00
       60    821  6.00
       60    862  5.00
       60    888  5.00
       60   1006  6.00
       61    379  1.00
       61    535  4.00
       62     40  1.00
       62    496  1.00
       62    692  2.00
       62    975  1.00
       63    603  6.00
       65     59  6.00
       65   1086  6.00
       67   1061  6.00
       68   1077  5.00
       69    389  5.00
       69    420  3.00
       69    527  3.00
       70    140  1.00
       70    541  1.00
       70    583  1.00
       70    925  3.00
       71     77  1.00
       71     85  1.00
       71    626  1.00
       71    747  1.00
       71    877  5.00
       73     77  3.00
       73    120  2.00
       73   1106  4.00
       74    123  1.00
       74    176  4.00
       74    526  2.00
       74    677  2.00
       75    452  3.00
       75    644  2.00
       75    935  2.00
       75   1012  2.00
       76    158  2.00
       76    459  3.00
       76    517  2.00
       76    576  2.00
       76    609  2.00
       76    634  3.00
       76    766  1.00
       76    904  1.00
       78    316  1.00
       78    320  1.00
       78    390  1.00
       78    640  3.00
       78    830  4.00
       78    864  4.00
       78   1032  5.00
       79    133  6.00
       79    354  4.00
       79    884  6.00
       81     59  3.00
       81    264  1.00
       82    149  1.00
       82    759  1.00
       82    806  1.00
       82    861  1.00
       82    983  2.00
       84    291  1.00
       85     71  1.00
       85    613  1.00
       85    747  1.00
       85    877  1.00
       86    589  3.00
       86   1015  2.00
       88    252  4.00
       88    260  3.00
       88    912  2.00
       88    943  2.00
       89    899  4.00
       89   1095  5.00
       90    867  2.00
       91    117  4.00
       92    731  1.00
       92    873  1.00
       94    233  4.00
       94    308  2.00
       94    419  4.00
       94    559  3.00
       94    891  3.00
       95    162  3.00
       95    529  3.00
       95    602  4.00
       96    177  1.00
       96    659  1.00
       96    873  3.00
       96    982  1.00
       97     98  2.00
       97    165  2.00
       97    270  2.00
       97    297  2.00
       97   1083  2.00
       98     12  4.00
       98     97  4.00
       98    167  5.00
       98    218  3.00
       98    361  4.00
       98    480  4.00
       98    577  6.00
       98    804  3.00
       99    676  3.00
       99   1093  3.00
      100    159  3.00
      100    269  2.00
      100    505  5.00
      100    869  5.00
      100   1012  3.00
      102    347  1.00
      102    964  3.00
      102   1087  3.00
      104    984  6.00
      105    127  1.00
      105    344  5.00
      105    594  4.00
      107    316  2.00
      107    362  3.00
      107    507  3.00
      107    977  2.00
      108    234  1.00
      108    992  1.00
      109    362  1.00
      109    378  1.00
      109    972  1.00
      110    131  6.00
      113    212  4.00
      114    601  2.00
      115    330  4.00
      115    881  2.00
      116    347  6.00
      116    674  6.00
      117     91  4.00
      118    588  5.00
      119    465  1.00
      119    600  1.00
      119    676  1.00
      122     79  3.00
      122    852  2.00
      122    855  1.00
      122    884  3.00
      123    364  1.00
      124      8  1.00
      124    361  1.00
      124    491  1.00
      124    656  1.00
      124    710  1.00
      124    806  1.00
      124    861  2.00
      124    943  1.00
      124    983  1.00
      125    972  3.00
      125    985  1.00
      126    107  1.00
      126    161  1.00
      126    316  2.00
      126    320  4.00
      126    808  1.00
      126    830  1.00
      126   1065  1.00
      126   1085  1.00
      127    418  4.00
      127    637  6.00
      128    204  2.00
      128    855  2.00
      128   1061  3.00
      129    108  3.00
      129   1089  5.00
      130    219  2.00
      130    230  2.00
      130    369  2.00
      130    378  2.00
      130    706  2.00
      131    110  6.00
      131    289  1.00
      131    742  3.00
      131   1034  1.00
      132    248  1.00
      132    275  2.00
      132    326  5.00
      132    418  2.00
      132    706  2.00
      132    792  2.00
      132    920  1.00
      134    483  6.00
      134    934  2.00
      135    477  2.00
      135    517  4.00
      135    633  2.00
      135    840  2.00
      136    984  1.00
      138    909  2.00
      138    922  1.00
      138   1021  1.00
      138   1042  1.00
      140     70  1.00
      140    260  5.00
      140    286  4.00
      140    541  1.00
      140    679  1.00
      140    838  3.00
      140   1020  4.00
      141    497  1.00
      141    686  1.00
      141   1046  1.00
      142    986  5.00
      143     27  2.00
      143     30  2.00
      143     59  2.00
      143     81  2.00
      143    803  2.00
      143    831  2.00
      147     20  6.00
      147    374  6.00
      148    156  3.00
      148    430  4.00
      149     82  2.00
      149    415  5.00
      149    503  2.00
      149    759  2.00
      152     31  6.00
      152    244  4.00
      152    610  4.00
      152    853  3.00
      154    383  6.00
      154    411  3.00
      155    343  2.00
      156    148  5.00
      156    862  3.00
      156    966  2.00
      157    218  6.00
      157    423  4.00
      157    804  3.00
      157   1088  2.00
      158    277  2.00
      158    322  6.00
      158    588  2.00
      158    682  5.00
      159    251  4.00
      159    391  6.00
      159    807  1.00
      160     79  4.00
      160    133  4.00
      161     68  2.00
      161    126  2.00
      161    320  2.00
      164    139  4.00
      164    510  2.00
      164    740  1.00
      164    939  2.00
      164   1096  1.00
      164   1110  2.00
      165     97  2.00
      165     98  4.00
      165    995  2.00
      166    154  3.00
      166    163  6.00
      167    362  1.00
      167    648  1.00
      168    516  1.00
      168    622  3.00
      168    684  4.00
      168    858  1.00
      168    921  1.00
      168    932  3.00
      169     83  6.00
      169    378  2.00
      169    502  4.00
      170    385  3.00
      170    783  3.00
      172    466  5.00
      172    506  4.00
      174    465  1.00
      174    663  1.00
      175    249  5.00
      175    309  3.00
      175    514  3.00
      175    857  5.00
      176    358  2.00
      176    421  6.00
      176    426  5.00
      176    630  1.00
      176    874  4.00
      177     96  1.00
      177    873  1.00
      177    982  1.00
      178    196  3.00
      178    422  6.00
      178    446  2.00
      178    794  2.00
      180    347  1.00
      180    545  3.00
      180    639  1.00
      180    643  2.00
      180    986  2.00
      181    251  6.00
      181    485  3.00
      181    587  2.00
      181    672  4.00
      181    897  6.00
      182    460  4.00
      182    464  2.00
      182    593  3.00
      183    424  5.00
      183    563  4.00
      183    716  5.00
      183    817  4.00
      184     29  2.00
      184    425  3.00
      184    576  1.00
      185    169  1.00
      185    524  1.00
      186    521  6.00
      186   1013  2.00
      186   1058  6.00
      187    298  2.00
      187    299  2.00
      187    482  3.00
      187   1078  2.00
      188    370  3.00
      188    382  1.00
      188    696  2.00
      188    763  1.00
      188    793  1.00
      188    826  1.00
      188    828  2.00
      188    969  1.00
      188   1007  1.00
      189     44  4.00
      189     75  1.00
      189     87  2.00
      189    334  3.00
      189    460  3.00
      189    493  2.00
      189    593  1.00
      189    627  3.00
      189    680  1.00
      189   1048  3.00
      191    560  5.00
      191    612  1.00
      191    847  1.00
      191    879  1.00
      192    513  3.00
      192    557  3.00
      196    210  4.00
      197    327  1.00
      197    526  4.00
      197    913  6.00
      197    955  1.00
      197    957  1.00
      198     82  3.00
      198    700  3.00
      198   1019  3.00
      199     52  1.00
      199    917  1.00
      199    952  6.00
      199   1040  1.00
      200    352  1.00
      201     53  5.00
      201    245  3.00
      201    346  4.00
      201    413  3.00
      201    430  3.00
      201    611  5.00
      201    862  3.00
      201    927  5.00
      201    966  3.00
      202    277  4.00
      202   1091  6.00
      203    597  3.00
      203    678  1.00
      203    709  2.00
      203    761  2.00
      205     38  3.00
      205     56  4.00
      205    427  1.00
      205    484  1.00
      205    589  1.00
      205    904  1.00
      205    929  2.00
      205   1015  2.00
      205   1042  1.00
      207    780  4.00
      207    902  5.00
      208     93  4.00
      208    366  1.00
      208    421  1.00
      208    699  3.00
      208    854  1.00
      208   1091  1.00
      209    445  1.00
      209    697  2.00
      209    940  2.00
      210    196  3.00
      210    217  1.00
      210    332  1.00
      210    517  2.00
      210    591  1.00
      210    794  2.00
      210    831  2.00
      210    910  1.00
      211    310  1.00
      211    314  3.00
      211    896  3.00
      212    113  6.00
      212    224  3.00
      212    277  1.00
      213    305  4.00
      213    538  3.00
      213    636  3.00
      213    816  3.00
      213    866  4.00
      214    189  2.00
      214    221  2.00
      215    291  6.00
      215    619  5.00
      215    633  2.00
      215    701  6.00
      215    779  3.00
      216    484  2.00
      216    573  3.00
      217    426  1.00
      217    565  4.00
      217    618  3.00
      217    630  1.00
      217    824  5.00
      217    979  5.00
      217   1027  1.00
      217   1071  1.00
      218    579  1.00
      218    592  1.00
      218    804  3.00
      218    857  1.00
      219    130  1.00
      219    369  1.00
      219    375  1.00
      219    534  1.00
      219    804  1.00
      220    150  1.00
      220    694  3.00
      222     39  1.00
      222    864  2.00
      222   1050  2.00
      222   1075  1.00
      223    300  3.00
      223    721  2.00
      223    927  3.00
      223    934  3.00
      224    113  2.00
      224    212  2.00
      224    277  1.00
      226    257  2.00
      228    236  1.00
      228    440  1.00
      228    749  1.00
      228    769  1.00
      228    786  1.00
      228   1094  1.00
      229    181  3.00
      229    460  1.00
      229    796  1.00
      229    938  4.00
      230    242  3.00
      230    275  2.00
      230    792  2.00
      230    810  5.00
      231    593  6.00
      233    569  3.00
      234    278  5.00
      234    313  5.00
      234    549  5.00
      234    580  5.00
      234    595  6.00
      234    867  5.00
      234    967  5.00
      234   1011  5.00
      236     47  2.00
      236    508  2.00
      236    665  2.00
      236   1109  2.00
      237     59  1.00
      237    338  1.00
      237    765  4.00
      237   1018  1.00
      238    385  4.00
      238    398  3.00
      238    408  3.00
      238    783  1.00
      238   1109  3.00
      241    214  5.00
      241    342  2.00
      242    233  3.00
      242    275  1.00
      242    343  2.00
      242    418  1.00
      242    792  3.00
      242    810  6.00
      242    845  2.00
      243    173  2.00
      243    269  5.00
      244    406  2.00
      244    410  2.00
      244    909  2.00
      245    430  3.00
      245    611  5.00
      245    862  5.00
      245    927  3.00
      245    966  3.00
      245   1006  2.00
      245   1034  4.00
      246    721  6.00
      246   1023  5.00
      247     14  3.00
      247    110  4.00
      247    131  1.00
      247    521  4.00
      247   1034  5.00
      248    126  1.00
      248    383  2.00
      248    731  1.00
      248    808  1.00
      249    175  1.00
      249    857  1.00
      250    255  2.00
      251    159  1.00
      251    181  6.00
      251    391  1.00
      251    672  6.00
      251    697  2.00
      251    897  4.00
      251    910  1.00
      252     34  3.00
      252     55  5.00
      252    278  3.00
      252    368  1.00
      252    714  3.00
      252    867  2.00
      252    942  5.00
      254    219  1.00
      254    253  1.00
      255    540  1.00
      257     24  1.00
      257    682  1.00
      258    807  2.00
      258    955  4.00
      258    957  4.00
      261    496  1.00
      261    936  1.00
      262     59  1.00
      262    333  3.00
      262    450  3.00
      262    693  2.00
      263     44  2.00
      263    388  2.00
      263    393  2.00
      263    471  2.00
      263    528  2.00
      263    737  2.00
      264     59  2.00
      264     81  4.00
      266    106  1.00
      266    951  1.00
      266   1076  5.00
      267     30  4.00
      267    327  3.00
      267    422  5.00
      267    567  4.00
      267    897  3.00
      267   1017  5.00
      268     47  3.00
      268    236  2.00
      268    357  1.00
      268    508  3.00
      268    513  1.00
      268    746  1.00
      268    749  1.00
      268   1094  3.00
      268   1095  1.00
      269    243  1.00
      269    582  1.00
      270    310  2.00
      270    896  2.00
      270    992  1.00
      271    643  6.00
      271    735  4.00
      271    742  3.00
      271    986  4.00
      272    581  4.00
      272   1100  6.00
      274    546  2.00
      275    132  3.00
      275    248  1.00
      275    326  2.00
      275    343  1.00
      275    418  1.00
      275    706  1.00
      276    342  3.00
      276    480  1.00
      276    757  1.00
      276    916  1.00
      277    212  2.00
      277    322  3.00
      277    464  2.00
      279    127  2.00
      279    418  1.00
      279    462  1.00
      279    637  2.00
      282     53  1.00
      282    223  1.00
      282    246  2.00
      282    346  1.00
      282    430  1.00
      282    966  1.00
      282   1006  2.00
      283    317  3.00
      283    442  4.00
      283    806  1.00
      283    871  3.00
      283    943  1.00
      283   1007  1.00
      284    278  1.00
      284    361  1.00
      284    423  1.00
      285    508  1.00
      285    665  6.00
      285    667  6.00
      285    749  1.00
      285    798  6.00
      289    120  5.00
      289    545  3.00
      291    215  4.00
      292    448  2.00
      292    456  1.00
      292    541  6.00
      292    767  4.00
      292    799  3.00
      292    941  2.00
      292   1048  1.00
      292   1066  4.00
      294    746  4.00
      295     13  3.00
      295    373  1.00
      295    514  5.00
      296     66  2.00
      296    919  2.00
      297    741  2.00
      297    804  3.00
      297    859  3.00
      297    898  5.00
      298    187  3.00
      298    629  1.00
      299    515  1.00
      299    518  6.00
      300    223  3.00
      300    348  5.00
      300    782  4.00
      300   1074  6.00
      305    213  2.00
      305    278  1.00
      305    313  2.00
      305    405  3.00
      305    549  2.00
      305    823  1.00
      305    867  1.00
      305   1064  3.00
      306    548  3.00
      306    598  6.00
      306    631  6.00
      306    690  3.00
      306    778  6.00
      306    955  2.00
      307    270  1.00
      307    748  1.00
      308    253  3.00
      309    175  2.00
      309    592  1.00
      309    793  3.00
      309    857  4.00
      309    926  1.00
      311    221  4.00
      311    253  4.00
      311    295  4.00
      311    514  6.00
      311    661  3.00
      311    940  3.00
      313     34  3.00
      313    234  3.00
      313    278  2.00
      313    549  5.00
      313    585  2.00
      313    867  2.00
      313    878  2.00
      313   1011  1.00
      315      1  4.00
      315    146  2.00
      315    523  1.00
      315    615  3.00
      315    693  2.00
      315    890  4.00
      315    940  3.00
      316     78  1.00
      316    640  2.00
      316    671  3.00
      316   1085  1.00
      317    283  2.00
      317    313  2.00
      317    442  2.00
      317    497  1.00
      317    871  2.00
      317    947  3.00
      318     58  6.00
      318    538  6.00
      319    522  5.00
      319    770  5.00
      320     78  1.00
      320    107  1.00
      320    126  3.00
      320    161  1.00
      320    316  1.00
      320    864  1.00
      320   1075  1.00
      322    277  3.00
      322   1073  5.00
      323    139  3.00
      323    239  5.00
      323    523  3.00
      324    645  1.00
      324    789  1.00
      325    273  1.00
      325    447  1.00
      326    347  3.00
      326    414  5.00
      326    639  5.00
      327    190  3.00
      327    516  2.00
      327    587  2.00
      327    621  3.00
      327    801  2.00
      328     39  2.00
      328    384  1.00
      328    640  2.00
      328    870  1.00
      328    995  2.00
      329    727  1.00
      330    115  3.00
      331    996  4.00
      331   1054  3.00
      332    722  3.00
      332    840  3.00
      332    960  2.00
      332   1077  4.00
      333    869  4.00
      333   1012  2.00
      334     87  3.00
      334    189  6.00
      334    460  5.00
      334    627  3.00
      334    661  3.00
      335    520  5.00
      335    521  6.00
      335    955  2.00
      335    957  1.00
      335   1034  6.00
      336    339  2.00
      336    842  4.00
      338      1  4.00
      338     59  6.00
      338    311  4.00
      338    464  6.00
      338    545  6.00
      338    702  3.00
      338    902  3.00
      338    940  6.00
      338   1018  6.00
      339     82  1.00
      339    198  1.00
      339    370  1.00
      339    656  1.00
      339    714  1.00
      342    276  4.00
      342    480  3.00
      342    916  3.00
      343    107  2.00
      343    273  1.00
      343    316  5.00
      343    507  2.00
      343    640  1.00
      343    808  1.00
      343   1085  1.00
      344     79  2.00
      344    130  4.00
      344    249  1.00
      344    413  2.00
      344    418  4.00
      344    706  5.00
      344    844  4.00
      345    889  6.00
      346    223  2.00
      346    282  2.00
      346    354  3.00
      346    374  5.00
      346    413  3.00
      346    966  3.00
      347     22  4.00
      347    514  3.00
      347    639  4.00
      348     16  2.00
      348    635  3.00
      348    976  3.00
      348   1042  1.00
      350    684  4.00
      351    814  6.00
      351    952  3.00
      354    785  2.00
      354    811  2.00
      355    138  1.00
      355    726  6.00
      355    800  1.00
      356    247  4.00
      356    483  2.00
      356    735  5.00
      356   1073  3.00
      356   1074  3.00
      357     47  1.00
      357    436  1.00
      357    440  1.00
      357    513  1.00
      357    704  1.00
      357    746  1.00
      357    769  1.00
      360     11  6.00
      360    171  6.00
      360    885  6.00
      362    107  3.00
      362    507  4.00
      362    577  2.00
      362    707  4.00
      363     77  2.00
      363    626  4.00
      364    123  5.00
      364   1097  2.00
      365    161  1.00
      365    249  1.00
      365    309  1.00
      365    828  1.00
      365    857  1.00
      367     79  2.00
      367    160  2.00
      367    368  5.00
      368     54  3.00
      368    978  4.00
      368   1044  2.00
      369    130  1.00
      369    219  2.00
      369    375  1.00
      370    560  1.00
      370    983  1.00
      370   1068  1.00
      371    392  3.00
      371    700  2.00
      371   1014  3.00
      372    440  2.00
      372    709  1.00
      372    755  1.00
      372   1047  4.00
      374    110  4.00
      374    131  6.00
      374    145  2.00
      374    147  6.00
      376    327  2.00
      376    485  6.00
      376    894  6.00
      376    897  5.00
      377    531  2.00
      377    867  2.00
      378     34  1.00
      378    109  1.00
      378    169  3.00
      378    549  4.00
      378    580  2.00
      378    713  3.00
      378    808  1.00
      378   1002  3.00
      380    502  1.00
      381    103  2.00
      381    464  1.00
      381    615  1.00
      382    491  6.00
      382    671  6.00
      382    793  6.00
      382    886  6.00
      382   1007  6.00
      383    154  5.00
      383    248  4.00
      383    411  1.00
      383    768  4.00
      384     26  3.00
      384    328  2.00
      384    995  1.00
      385    322  1.00
      386     48  2.00
      386    495  1.00
      386    546  3.00
      386    640  1.00
      386    802  5.00
      386    808  2.00
      386    977  2.00
      386    985  2.00
      386   1065  5.00
      387    198  1.00
      387    442  1.00
      387    491  1.00
      387    770  1.00
      387   1049  1.00
      388     44  2.00
      388    332  1.00
      388    444  6.00
      388    528  2.00
      388    794  1.00
      389    457  2.00
      389    829  2.00
      389    869  2.00
      389   1106  2.00
      390    350  5.00
      390    460  4.00
      390    680  1.00
      390    684  3.00
      391    159  5.00
      391    669  2.00
      391    697  5.00
      391   1016  1.00
      392     46  2.00
      392    371  4.00
      392   1044  3.00
      393     44  4.00
      393    210  3.00
      393    315  2.00
      393    422  4.00
      393    444  2.00
      393    528  2.00
      393    722  2.00
      393    890  2.00
      393    910  2.00
      395    234  2.00
      395    461  5.00
      395    527  5.00
      395    595  3.00
      395    620  6.00
      396    525  4.00
      396    743  4.00
      396    749  3.00
      396    786  3.00
      398    238  5.00
      398    751  1.00
      398   1109  2.00
      399    395  3.00
      399    538  2.00
      399    866  5.00
      400    486  1.00
      400    657  2.00
      400    787  2.00
      400   1079  2.00
      401    340  1.00
      401    403  1.00
      401    432  1.00
      401    456  1.00
      401    787  2.00
      401   1071  1.00
      401   1079  2.00
      403    657  3.00
      403    787  6.00
      403    929  2.00
      403    976  2.00
      404    239  6.00
      404    523  1.00
      405     88  1.00
      405    377  1.00
      405    489  1.00
      405    943  1.00
      406    244  1.00
      406    853  2.00
      406   1003  1.00
      406   1039  1.00
      406   1063  5.00
      407    797  1.00
      407    951  2.00
      408    225  3.00
      408    238  4.00
      408    385  4.00
      408    398  5.00
      408    582  4.00
      408   1105  3.00
      410    159  5.00
      410    416  2.00
      410    464  3.00
      410    542  3.00
      410    578  4.00
      410    787  3.00
      410    964  1.00
      411    154  2.00
      411    383  1.00
      411    768  1.00
      411    865  1.00
      411   1102  3.00
      412    244  1.00
      412    368  1.00
      412   1052  1.00
      413    223  1.00
      413    573  4.00
      413    603  4.00
      413    605  5.00
      413    742  4.00
      413    888  5.00
      413   1034  1.00
      415     46  1.00
      415    149  1.00
      415    572  1.00
      415    759  1.00
      416     41  5.00
      416    103  1.00
      416    553  4.00
      417    287  4.00
      417    373  3.00
      418     17  1.00
      418    127  4.00
      418    302  1.00
      418    354  2.00
      418    792  2.00
      419     94  2.00
      419    572  4.00
      419    967  3.00
      419    974  4.00
      420     69  5.00
      420    459  5.00
      420    546  1.00
      420    586  2.00
      420    809  2.00
      420    984  2.00
      421     93  1.00
      421    176  6.00
      421    680  1.00
      421    874  1.00
      421   1061  1.00
      422    178  4.00
      422    196  2.00
      422    909  2.00
      423    218  1.00
      423    804  1.00
      423   1088  2.00
      426    630  6.00
      426   1071  4.00
      427    153  2.00
      427    484  5.00
      427    589  4.00
      427    929  1.00
      427   1015  3.00
      427   1027  1.00
      427   1033  3.00
      427   1042  4.00
      430     53  6.00
      430    966  5.00
      434    664  1.00
      434    710  1.00
      436     47  3.00
      436    357  4.00
      436    440  5.00
      436    508  6.00
      436    704  5.00
      436    769  4.00
      437     14  5.00
      437    249  4.00
      438    405  1.00
      438    915  1.00
      438    933  2.00
      438    961  2.00
      439   1082  4.00
      440    508  4.00
      441     86  1.00
      441    690  1.00
      442    283  3.00
      442    317  2.00
      442    491  2.00
      442    572  4.00
      442    806  2.00
      442   1014  6.00
      444     44  1.00
      444    135  1.00
      444    388  3.00
      444    393  2.00
      444    794  1.00
      444    909  3.00
      444   1017  1.00
      444   1040  2.00
      445     18  1.00
      445    209  1.00
      446    669  3.00
      446    672  2.00
      446    794  1.00
      446    807  6.00
      446    831  2.00
      450    262  2.00
      450    333  2.00
      450    693  2.00
      450    814  6.00
      450    869  1.00
      451     32  6.00
      451    529  1.00
      451    674  1.00
      451    936  2.00
      451    938  4.00
      451   1040  2.00
      451   1090  3.00
      452     59  3.00
      452     75  3.00
      452    680  2.00
      452    766  2.00
      453   1055  2.00
      454    210  2.00
      454    808  6.00
      454    940  2.00
      455    361  1.00
      455    594  1.00
      455    915  1.00
      455   1025  1.00
      456    190  3.00
      456    516  5.00
      456    587  4.00
      456    941  3.00
      456   1071  2.00
      457    389  2.00
      457    958  2.00
      457   1106  3.00
      458    462  3.00
      458    600  1.00
      458    628  1.00
      458   1076  1.00
      459     76  2.00
      459    470  2.00
      459    586  1.00
      459    956  2.00
      462     15  1.00
      462    117  1.00
      462    458  1.00
      462    663  1.00
      463    225  1.00
      463    523  3.00
      463    568  6.00
      463    621  1.00
      463    929  1.00
      463    931  2.00
      464    860  3.00
      464    922  5.00
      465    121  1.00
      465    361  1.00
      465    663  2.00
      465    827  4.00
      465    992  1.00
      466    172  3.00
      466    472  2.00
      466    506  6.00
      466   1071  2.00
      468    241  2.00
      468    681  2.00
      468    979  1.00
      468   1063  2.00
      469    467  1.00
      469    919  1.00
      470    459  5.00
      470    634  2.00
      471     44  3.00
      471    263  2.00
      471    388  2.00
      471    393  2.00
      471    528  2.00
      471    591  2.00
      471    737  2.00
      472    536  2.00
      473    899  1.00
      477     30  1.00
      477    135  1.00
      477    510  2.00
      477    895  4.00
      477    964  2.00
      477    999  4.00
      477   1018  2.00
      478    696  1.00
      478    771  4.00
      478    815  1.00
      478    915  1.00
      479    748  2.00
      479    750  1.00
      479    961  1.00
      479   1106  2.00
      480    276  2.00
      480    342  3.00
      480    757  2.00
      480    884  1.00
      480    916  4.00
      480   1032  3.00
      482    187  6.00
      482    852  5.00
      482   1045  3.00
      483    134  5.00
      483    934  4.00
      483   1017  2.00
      488    336  2.00
      488    543  2.00
      488    637  2.00
      489     34  2.00
      489    377  2.00
      489    405  2.00
      489   1070  2.00
      491      8  2.00
      491    423  1.00
      491    503  1.00
      491    793  1.00
      491    861  1.00
      491    886  5.00
      491    912  1.00
      491   1011  1.00
      492    486  2.00
      492    540  1.00
      495     67  1.00
      495    275  3.00
      497     34  1.00
      497    252  1.00
      497    531  1.00
      497    549  1.00
      497    672  1.00
      497    686  1.00
      497    762  1.00
      497    793  1.00
      497   1046  1.00
      498    908  6.00
      498    971  2.00
      499    156  2.00
      500     90  1.00
      500   1008  1.00
      501    584  6.00
      502     83  2.00
      502    169  5.00
      502    380  4.00
      503    124  1.00
      503    491  1.00
      503    816  1.00
      503   1039  1.00
      504    388  1.00
      504    393  1.00
      504    697  3.00
      504    833  6.00
      504    872  2.00
      505    100  5.00
      505    181  2.00
      505    846  3.00
      506    172  6.00
      506    466  6.00
      508     47  3.00
      508    268  2.00
      508    293  2.00
      508    436  6.00
      508    704  3.00
      508    746  3.00
      508    769  3.00
      509    435  6.00
      509    731  6.00
      510    164  3.00
      510    580  4.00
      512    747  2.00
      512    913  2.00
      513    285  2.00
      513    439  2.00
      513   1094  1.00
      514    643  2.00
      514    644  2.00
      514    736  2.00
      515    292  2.00
      515    753  2.00
      515    799  3.00
      515    909  2.00
      517    210  2.00
      517    591  2.00
      517    794  1.00
      517    831  4.00
      517    897  1.00
      517    910  1.00
      517   1017  4.00
      518    144  3.00
      518    209  5.00
      518    504  5.00
      518   1095  6.00
      519    126  2.00
      519    328  1.00
      519    445  2.00
      519    640  2.00
      519    928  2.00
      521    110  3.00
      521    131  2.00
      521    186  4.00
      521    335  4.00
      521    735  6.00
      521    742  2.00
      521    764  2.00
      521   1058  4.00
      522    319  5.00
      522    770  5.00
      523    999  3.00
      525    396  4.00
      525    743  3.00
      526    492  6.00
      526    679  5.00
      528     44  4.00
      529    134  1.00
      529    260  2.00
      529    286  1.00
      529    451  2.00
      529    483  2.00
      529    657  1.00
      530   1081  6.00
      531    977  4.00
      532     44  2.00
      532    231  3.00
      532    860  2.00
      533   1088  1.00
      535     61  4.00
      535    489  5.00
      535    495  6.00
      535    523  3.00
      536    340  2.00
      536   1055  1.00
      539    244  1.00
      539    371  1.00
      539    476  1.00
      539   1108  1.00
      540    523  6.00
      541     70  2.00
      541    292  5.00
      541    340  4.00
      541    448  5.00
      541    536  5.00
      541    568  6.00
      541    970  4.00
      541   1048  5.00
      542    221  2.00
      542    615  6.00
      543    488  6.00
      543    566  5.00
      543    637  3.00
      543    993  5.00
      544     30  2.00
      545    145  2.00
      545    180  2.00
      545    986  6.00
      546    252  1.00
      546    675  2.00
      546    985  1.00
      546   1091  1.00
      547    306  3.00
      547    548  3.00
      547    690  2.00
      547   1105  5.00
      549     34  4.00
      549    234  3.00
      549    313  4.00
      549    580  3.00
      549    912  2.00
      552    555  1.00
      552    806  1.00
      553     41  1.00
      553    366  1.00
      553    416  5.00
      553    578  6.00
      553    627  3.00
      553    684  1.00
      553    824  2.00
      555    554  3.00
      555    694  1.00
      558    224  1.00
      558    505  1.00
      560    191  5.00
      560    879  1.00
      561    241  2.00
      561    602  1.00
      561    982  5.00
      561    983  6.00
      563    181  4.00
      563    183  4.00
      563    424  6.00
      563    716  6.00
      563    817  5.00
      563    897  4.00
      564    860  1.00
      564    907  1.00
      564   1092  3.00
      565    103  2.00
      565    217  6.00
      565    618  4.00
      565    630  2.00
      565    805  3.00
      565    979  5.00
      565   1027  2.00
      566    488  6.00
      566    543  1.00
      566    886  1.00
      566    993  1.00
      567    800  3.00
      568    463  5.00
      568    541  2.00
      569    233  4.00
      569    958  4.00
      572    281  1.00
      572    419  4.00
      572    442  1.00
      572    531  1.00
      572    656  1.00
      572    806  1.00
      572    893  1.00
      572    967  1.00
      573    216  3.00
      573    484  2.00
      573    668  4.00
      574     40  5.00
      574    181  1.00
      574    327  1.00
      574    692  3.00
      574    744  1.00
      574    897  5.00
      574    923  3.00
      576    330  1.00
      576    763  1.00
      576    793  1.00
      576    828  1.00
      578     41  2.00
      578    366  2.00
      578    416  2.00
      578    553  4.00
      578    824  4.00
      578    835  5.00
      579    463  4.00
      579    568  3.00
      579   1027  2.00
      580    234  5.00
      580    449  3.00
      580    967  3.00
      581     21  3.00
      581   1056  2.00
      581   1100  3.00
      582     23  1.00
      582     25  1.00
      582    164  1.00
      582    446  1.00
      582    907  1.00
      582   1005  3.00
      582   1104  3.00
      583    210  4.00
      583    674  1.00
      583    776  1.00
      583    815  1.00
      583    884  2.00
      583   1047  6.00
      585     34  2.00
      585    278  1.00
      585    636  2.00
      586    207  4.00
      586    780  4.00
      586    809  6.00
      586    902  3.00
      587     40  1.00
      587    190  3.00
      587    456  4.00
      587    516  5.00
      587    692  1.00
      587    941  1.00
      587   1027  3.00
      587   1071  3.00
      588    118  5.00
      588    427  3.00
      588   1027  4.00
      588   1042  2.00
      589    376  1.00
      589    427  4.00
      589    929  1.00
      589    970  1.00
      589   1015  3.00
      589   1027  1.00
      589   1042  3.00
      589   1071  1.00
      590    109  5.00
      590    808  4.00
      590   1091  4.00
      591    196  3.00
      591    210  3.00
      591    332  2.00
      591    517  3.00
      591    831  3.00
      592    200  2.00
      592    386  1.00
      592    926  6.00
      593    231  1.00
      593    460  5.00
      593    493  4.00
      594    105  4.00
      594   1093  5.00
      595     34  3.00
      595    234  4.00
      595    278  1.00
      595    531  1.00
      595    538  2.00
      595    863  2.00
      595    866  4.00
      595    867  2.00
      595   1002  2.00
      596     40  1.00
      596    181  2.00
      596    202  1.00
      596    506  1.00
      596    574  1.00
      596    788  1.00
      596    897  2.00
      596    923  2.00
      597    203  4.00
      597    388  2.00
      597    583  1.00
      597    850  1.00
      597   1097  1.00
      598    306  1.00
      598    631  2.00
      598    778  2.00
      598    917  3.00
      598   1060  4.00
      600    119  4.00
      600    462  2.00
      600    663  2.00
      601     51  3.00
      601    114  2.00
      602    116  1.00
      602    241  1.00
      602    517  2.00
      602    559  1.00
      602    681  1.00
      602    795  4.00
      602    830  2.00
      603     63  5.00
      603    413  4.00
      603    888  6.00
      604    870  1.00
      605    413  5.00
      605    744  2.00
      605    930  3.00
      607    148  1.00
      607    435  5.00
      607    504  2.00
      607    512  1.00
      607    601  1.00
      608     55  3.00
      608    714  2.00
      608   1044  2.00
      609    139  1.00
      609    904  4.00
      610    119  3.00
      610    152  2.00
      610    691  4.00
      611     60  2.00
      611    201  6.00
      611    245  6.00
      611    413  2.00
      611    862  4.00
      611    966  3.00
      612    470  1.00
      612    516  1.00
      612    753  1.00
      612    858  3.00
      613    627  3.00
      614     43  1.00
      614     97  1.00
      614    112  4.00
      614    242  1.00
      615    153  1.00
      615    204  2.00
      615    265  5.00
      615    381  3.00
      615    542  5.00
      615    593  2.00
      615    644  4.00
      615    940  4.00
      616    302  2.00
      616    561  2.00
      616    982  2.00
      616   1016  2.00
      617    621  1.00
      617    633  2.00
      617    932  5.00
      618    217  5.00
      618    446  4.00
      618    565  6.00
      618    630  1.00
      618    824  4.00
      618    979  5.00
      618   1027  4.00
      618   1071  3.00
      620    395  4.00
      620    461  6.00
      620    527  4.00
      621     38  2.00
      621    327  2.00
      621    403  1.00
      621    632  1.00
      621    787  1.00
      621    801  2.00
      621    929  2.00
      621    931  6.00
      621    955  1.00
      621    957  1.00
      622    168  3.00
      622    333  1.00
      622    516  1.00
      622    665  1.00
      623    760  1.00
      623   1008  1.00
      623   1108  1.00
      626     71  2.00
      626     77  3.00
      626     85  1.00
      626    825  3.00
      627     87  2.00
      627    189  3.00
      627    334  3.00
      627    350  3.00
      627    390  2.00
      627    460  5.00
      627    684  3.00
      628    458  1.00
      628    600  1.00
      630    426  6.00
      630   1071  6.00
      631    598  4.00
      631    632  2.00
      632    238  1.00
      632    472  1.00
      632    621  1.00
      632    846  1.00
      632    955  1.00
      632    957  1.00
      633    619  2.00
      633    720  1.00
      633    932  2.00
      634    459  2.00
      634    470  2.00
      634    572  2.00
      634    656  3.00
      635     72  1.00
      635    225  3.00
      635    403  4.00
      635    657  2.00
      635    672  2.00
      635    960  3.00
      635    976  4.00
      636     34  2.00
      636    585  3.00
      636    595  6.00
      636    866  6.00
      637    127  4.00
      637    279  2.00
      637    488  3.00
      637    543  3.00
      637    758  1.00
      638    540  1.00
      638    805  1.00
      638    990  3.00
      638   1074  1.00
      639    347  4.00
      639    356  5.00
      640     78  3.00
      640    328  3.00
      640    723  4.00
      640    995  2.00
      640   1075  4.00
      641    127  1.00
      641    566  2.00
      641    572  2.00
      641    804  2.00
      641    993  2.00
      642    159  4.00
      642    239  3.00
      642    523  3.00
      642    976  3.00
      642   1073  3.00
      642   1074  5.00
      643    110  4.00
      643    742  4.00
      644    153  1.00
      644    204  1.00
      644    593  1.00
      644    615  5.00
      644    684  1.00
      644    705  1.00
      644    868  2.00
      645    804  2.00
      646      7  1.00
      646    977  2.00
      646   1056  1.00
      649    241  1.00
      649    740  1.00
      650    752  5.00
      653    417  1.00
      653    707  1.00
      653   1022  2.00
      654    658  1.00
      654    686  4.00
      654    762  4.00
      654    763  1.00
      654    828  1.00
      656    770  4.00
      657    225  4.00
      657    403  4.00
      657    511  3.00
      657    787  6.00
      657    929  5.00
      658    654  1.00
      658    762  1.00
      658    763  1.00
      658    828  1.00
      658   1044  1.00
      659     96  1.00
      659    469  1.00
      659    873  1.00
      662    798  1.00
      663    465  5.00
      663    698  1.00
      663    992  1.00
      664    434  1.00
      664    710  4.00
      664    711  3.00
      665    285  1.00
      665    333  1.00
      665    622  2.00
      665    869  1.00
      666    702  3.00
      666    843  3.00
      667    688  4.00
      667    739  4.00
      669    565  1.00
      669    672  3.00
      669    697  1.00
      669    794  1.00
      669    910  1.00
      669   1016  4.00
      669   1043  5.00
      670    475  6.00
      670    679  1.00
      672    181  3.00
      672    251  6.00
      672    446  3.00
      672    635  2.00
      672    669  3.00
      672    697  2.00
      672    897  3.00
      673    891  3.00
      674     30  2.00
      674     32  3.00
      674    451  3.00
      674    936  5.00
      674    938  2.00
      674   1090  4.00
      675    546  3.00
      675    802  4.00
      675    985  3.00
      676     99  4.00
      676    830  1.00
      677     65  2.00
      677    747  1.00
      677    913  1.00
      677   1071  2.00
      677   1086  5.00
      678    426  1.00
      678    475  2.00
      679    409  1.00
      679    492  5.00
      679    526  6.00
      679    670  2.00
      680    189  1.00
      680    311  1.00
      680    350  1.00
      680    407  1.00
      680    421  1.00
      680    452  1.00
      680    684  1.00
      680   1012  1.00
      682    158  5.00
      682    322  1.00
      682    677  2.00
      682    887  3.00
      682    908  1.00
      682   1100  3.00
      684     52  3.00
      684    350  5.00
      684    390  5.00
      684    460  6.00
      684    593  2.00
      685    207  3.00
      685    780  3.00
      685    902  3.00
      686     29  2.00
      686     31  2.00
      686    654  4.00
      686    762  3.00
      687    187  4.00
      687    757  6.00
      689     48  5.00
      689    342  4.00
      689   1022  1.00
      690    238  3.00
      690    751  3.00
      690   1105  3.00
      691    119  1.00
      691    610  3.00
      693    189  2.00
      693    262  1.00
      693    315  2.00
      693    333  1.00
      693    444  3.00
      693    515  1.00
      693    854  1.00
      693   1084  2.00
      694    150  5.00
      694    187  2.00
      694    220  4.00
      696     99  1.00
      696    370  1.00
      696    478  1.00
      696    826  1.00
      696   1068  1.00
      697    159  6.00
      697    251  3.00
      697    391  4.00
      697    681  1.00
      697    791  2.00
      698     31  2.00
      698    317  2.00
      698    341  2.00
      698    531  2.00
      698    860  2.00
      698    871  2.00
      698   1024  5.00
      700     19  1.00
      700    371  1.00
      700    503  1.00
      701    215  6.00
      701    291  4.00
      701    619  4.00
      701    779  4.00
      701    946  1.00
      702   1035  3.00
      703    521  2.00
      703    643  2.00
      703    716  6.00
      704     47  2.00
      704    357  4.00
      704    436  2.00
      704    440  1.00
      704    508  1.00
      704    746  3.00
      705    240  1.00
      705    392  1.00
      706    130  1.00
      706    219  1.00
      706    304  1.00
      706    344  1.00
      706    418  1.00
      707    362  1.00
      707    491  6.00
      707    507  1.00
      707    577  1.00
      707    972  1.00
      708   1078  5.00
      709    761  4.00
      711    187  5.00
      712    403  4.00
      712    486  2.00
      712    688  2.00
      712   1027  3.00
      713    169  4.00
      713    380  4.00
      713    449  4.00
      714     39  2.00
      714     51  5.00
      714    983  2.00
      714   1014  1.00
      714   1044  6.00
      715    761  1.00
      715   1029  2.00
      716    183  6.00
      716    424  6.00
      716    563  6.00
      716    817  6.00
      716    897  2.00
      717      1  3.00
      717     18  2.00
      717    454  2.00
      717    895  2.00
      717    940  3.00
      718    160  3.00
      718    310  4.00
      718    404  5.00
      719    221  2.00
      719    477  2.00
      719    902  1.00
      720    598  2.00
      720    633  2.00
      720    932  6.00
      721    223  1.00
      721    246  6.00
      721    934  1.00
      721   1023  4.00
      722    159  2.00
      722    790  5.00
      722   1077  5.00
      723     34  5.00
      723     48  5.00
      723    328  4.00
      723   1041  5.00
      724    107  1.00
      724    650  1.00
      725    167  1.00
      725    991  1.00
      726     86  1.00
      726    138  4.00
      726    355  5.00
      726    690  1.00
      726   1048  2.00
      727    675  1.00
      727    802  1.00
      727   1065  1.00
      729    216  2.00
      729    409  2.00
      729    492  2.00
      730    458  2.00
      730    628  2.00
      730    827  3.00
      730    969  5.00
      731    248  3.00
      731    509  3.00
      731    823  5.00
      733    708  1.00
      733   1055  3.00
      735     14  6.00
      735    110  1.00
      735    131  1.00
      735    239  4.00
      735    521  6.00
      735    643  1.00
      736    290  3.00
      736    349  2.00
      736    435  1.00
      736    801  1.00
      736    957  1.00
      736    999  2.00
      738    623  2.00
      738    861  2.00
      740    240  2.00
      741    248  3.00
      741    297  4.00
      741    804  2.00
      741    818  2.00
      741    845  3.00
      741    856  3.00
      741    898  2.00
      742    179  4.00
      742    247  5.00
      742    521  4.00
      742    754  6.00
      742    764  4.00
      742    922  5.00
      743    396  4.00
      743    525  3.00
      743    667  1.00
      743   1101  5.00
      745     16  6.00
      746    192  5.00
      746    355  4.00
      746    508  3.00
      746    513  3.00
      746    704  4.00
      749     47  1.00
      749    285  1.00
      749    436  3.00
      749    440  2.00
      749    508  2.00
      749    746  1.00
      749    769  2.00
      749    786  4.00
      749   1094  4.00
      750     55  2.00
      750    822  2.00
      751    385  1.00
      751    398  2.00
      751    453  2.00
      751    690  3.00
      751    783  3.00
      751   1055  2.00
      751   1105  2.00
      752     59  1.00
      752     81  1.00
      752    143  1.00
      752    803  1.00
      752    895  1.00
      752    935  1.00
      752    940  1.00
      752   1018  2.00
      754    131  5.00
      754    432  4.00
      754    742  3.00
      755    278  6.00
      755    309  4.00
      755    321  1.00
      755    709  4.00
      756    373  3.00
      756    464  3.00
      756   1026  3.00
      757    480  2.00
      757    689  4.00
      757    984  6.00
      758    127  4.00
      758    924  6.00
      759    491  1.00
      759    503  1.00
      759    983  1.00
      760    235  2.00
      760    406  6.00
      760   1057  1.00
      760   1108  5.00
      761    550  3.00
      761    709  4.00
      761    755  2.00
      762    658  1.00
      762    828  1.00
      763    793  5.00
      763    828  4.00
      764    521  1.00
      764    742  2.00
      764    894  3.00
      764    897  1.00
      764    970  2.00
      765    237  5.00
      765    680  2.00
      765    964  1.00
      766      1  2.00
      766    209  1.00
      766    454  1.00
      766    556  2.00
      766    895  4.00
      766    935  1.00
      766    940  4.00
      767    492  1.00
      767    657  1.00
      767    669  2.00
      767    790  4.00
      767   1043  5.00
      768    154  2.00
      768    383  4.00
      768    764  2.00
      769     47  4.00
      769    268  3.00
      769    357  2.00
      769    436  3.00
      769    440  4.00
      769    749  2.00
      769    786  4.00
      769   1094  3.00
      770    319  1.00
      770    522  2.00
      770    656  3.00
      770    994  2.00
      771     99  1.00
      771    478  2.00
      771    676  1.00
      773    323  3.00
      773    451  1.00
      773    504  1.00
      773    523  3.00
      773    669  1.00
      773    754  2.00
      773    957  2.00
      774    688  2.00
      774    712  1.00
      774    739  1.00
      774   1095  1.00
      775    423  1.00
      775    438  2.00
      775    823  2.00
      776     30  1.00
      776    285  2.00
      776    599  1.00
      777     31  1.00
      777     55  2.00
      777    146  1.00
      777    252  3.00
      777    942  6.00
      778    292  2.00
      778    306  5.00
      778    547  3.00
      778    548  1.00
      778    598  2.00
      778    690  1.00
      778   1048  6.00
      782    207  2.00
      782    300  1.00
      782    429  4.00
      782    638  3.00
      782    780  2.00
      783    238  2.00
      783    290  3.00
      783    340  2.00
      783    385  4.00
      783    398  2.00
      783    408  2.00
      783    949  4.00
      783   1105  2.00
      784    440  1.00
      784    525  2.00
      784    554  3.00
      784    749  1.00
      784    882  1.00
      785   1022  3.00
      786    228  4.00
      786    293  1.00
      786    749  4.00
      788    327  2.00
      788    466  3.00
      788    506  6.00
      788    621  2.00
      788    632  2.00
      788    720  1.00
      788    772  1.00
      789    226  1.00
      789    278  1.00
      789   1088  1.00
      790    607  2.00
      790    722  3.00
      790    767  3.00
      791    159  2.00
      791    697  1.00
      791    964  2.00
      791   1063  2.00
      792     43  3.00
      792    132  1.00
      792    242  3.00
      792    343  1.00
      792    418  2.00
      792    810  3.00
      792    947  4.00
      793    763  2.00
      793    828  3.00
      793   1046  1.00
      794     68  1.00
      794    210  1.00
      794    446  1.00
      794    517  1.00
      794    660  3.00
      794    669  1.00
      794    807  1.00
      794    831  1.00
      795    512  1.00
      795    790  1.00
      796    207  3.00
      796    214  2.00
      796    622  2.00
      796    869  3.00
      797    105  1.00
      797    594  1.00
      799    292  5.00
      799    540  1.00
      799    607  1.00
      799    660  1.00
      799    922  3.00
      800     16  1.00
      800    355  1.00
      800    567  3.00
      800    957  1.00
      801    327  3.00
      801    621  3.00
      801    955  3.00
      801    957  3.00
      801   1079  5.00
      802    985  3.00
      803    143  1.00
      803    207  1.00
      803    780  1.00
      803    809  1.00
      804     39  1.00
      804    157  1.00
      804    218  1.00
      804    297  4.00
      804    423  2.00
      804    741  1.00
      804    898  5.00
      804    920  4.00
      804    974  2.00
      806     82  1.00
      806    124  2.00
      806    491  1.00
      806    572  1.00
      806    710  1.00
      806    816  1.00
      806    861  1.00
      806    886  1.00
      806    977  2.00
      806   1011  1.00
      807     68  2.00
      807    217  1.00
      807    258  3.00
      807    446  6.00
      807    565  3.00
      807    960  2.00
      808    273  2.00
      808    454  5.00
      808    671  2.00
      808   1085  2.00
      809    207  1.00
      809    586  4.00
      809    780  1.00
      810    230  3.00
      810    242  6.00
      810    418  2.00
      810    947  2.00
      811    491  4.00
      811    866  6.00
      811    886  4.00
      811   1007  5.00
      812     67  3.00
      812    176  5.00
      812    740  4.00
      812    885  4.00
      813     99  1.00
      813    370  1.00
      813    676  1.00
      813    696  1.00
      813    851  2.00
      813   1011  1.00
      813   1068  1.00
      814    128  2.00
      814    450  6.00
      815    478  1.00
      815    570  1.00
      815   1103  1.00
      817    183  6.00
      817    424  6.00
      817    563  6.00
      817    716  4.00
      817    897  3.00
      820     59  2.00
      820    796  3.00
      820    964  3.00
      820   1018  3.00
      822     55  6.00
      822     82  1.00
      822    698  1.00
      822    750  6.00
      822   1024  1.00
      823     29  2.00
      823    152  6.00
      823    500  1.00
      823    731  6.00
      823    961  2.00
      825     77  6.00
      825    626  1.00
      826    395  2.00
      826    696  3.00
      826    822  2.00
      826    851  1.00
      828    226  1.00
      828    658  1.00
      828    762  1.00
      828    763  1.00
      828    793  1.00
      829    182  1.00
      829    237  1.00
      829    389  1.00
      829    647  1.00
      829    868  1.00
      830     78  2.00
      830    218  1.00
      830    273  2.00
      830    316  1.00
      830    326  1.00
      830   1032  5.00
      831    196  1.00
      831    210  2.00
      831    517  4.00
      831    591  1.00
      831    960  1.00
      831   1017  2.00
      833    504  5.00
      833    834  2.00
      834    353  5.00
      834    835  4.00
      835    350  1.00
      835    366  1.00
      835    375  1.00
      835    460  1.00
      835    593  1.00
      835    661  3.00
      835    834  3.00
      836    933  1.00
      836    969  2.00
      837    497  1.00
      837    608  2.00
      837    698  1.00
      837   1024  1.00
      837   1046  1.00
      838    300  1.00
      838    348  1.00
      838    540  1.00
      838    638  6.00
      838    657  1.00
      838   1074  1.00
      840    135  2.00
      840    332  4.00
      840    451  1.00
      840    672  1.00
      840    722  2.00
      840    831  1.00
      840    936  2.00
      840    960  2.00
      841     95  2.00
      841    706  3.00
      841    818  1.00
      841    842  1.00
      841    915  1.00
      842   1083  1.00
      844    127  1.00
      844    344  1.00
      844   1086  1.00
      846    398  4.00
      846    505  3.00
      846    632  1.00
      846   1055  2.00
      847    351  5.00
      847    814  5.00
      847    890  1.00
      850    323  3.00
      850    917  5.00
      850    963  2.00
      851    124  1.00
      851    361  3.00
      851    491  1.00
      851    813  3.00
      851    861  1.00
      851    886  1.00
      852    708  3.00
      852    711  3.00
      852   1045  3.00
      853    244  1.00
      853    368  1.00
      853    382  1.00
      853    406  1.00
      853    490  1.00
      853   1052  1.00
      853   1103  1.00
      854     96  1.00
      854    143  1.00
      854    189  1.00
      854    237  1.00
      854    338  1.00
      854    515  1.00
      854    731  1.00
      854   1017  1.00
      855    207  1.00
      855    437  1.00
      855    766  1.00
      855    852  4.00
      856    248  4.00
      856    297  3.00
      856    384  1.00
      856    741  4.00
      856    898  2.00
      857    175  5.00
      857    249  5.00
      857    309  5.00
      857    606  5.00
      859    297  1.00
      859    693  1.00
      859    829  1.00
      859    898  1.00
      860    136  4.00
      861     57  1.00
      861    124  1.00
      861    503  1.00
      861    806  1.00
      861   1011  1.00
      862     60  5.00
      862    156  2.00
      862    245  5.00
      862    413  2.00
      862    430  3.00
      862    611  6.00
      862    966  2.00
      862   1006  2.00
      863    595  2.00
      864     15  1.00
      864    350  1.00
      864    514  1.00
      864   1050  2.00
      866    278  2.00
      866    377  2.00
      866    636  1.00
      866    867  1.00
      866   1090  1.00
      867     90  4.00
      867    278  5.00
      867    595  3.00
      867    866  2.00
      868     75  1.00
      868    204  1.00
      868    644  1.00
      868    684  1.00
      869    333  4.00
      869    454  2.00
      869    665  3.00
      869    935  3.00
      869   1012  4.00
      873     96  3.00
      873    659  1.00
      874    176  5.00
      874    421  1.00
      874    464  1.00
      874    860  1.00
      874   1061  1.00
      875    710  5.00
      876    423  1.00
      876    775  1.00
      877     71  4.00
      878    119  2.00
      878    892  1.00
      878   1025  1.00
      879    191  3.00
      879    338  4.00
      879    560  4.00
      879    612  4.00
      879    788  2.00
      880     74  2.00
      880    277  1.00
      881    590  3.00
      881    808  2.00
      882    500  2.00
      882   1022  2.00
      883   1078  3.00
      884     79  5.00
      884    127  4.00
      884    133  4.00
      884    343  1.00
      884    354  3.00
      885    171  3.00
      885    678  2.00
      886     82  1.00
      886    491  6.00
      886    503  1.00
      886    671  1.00
      886    806  1.00
      886    851  1.00
      886   1007  1.00
      887    217  3.00
      887    403  3.00
      887    787  4.00
      887    824  3.00
      887    990  4.00
      887   1027  3.00
      887   1071  4.00
      888     53  2.00
      888    603  6.00
      888    927  3.00
      889    345  6.00
      890    139  6.00
      890    146  2.00
      890    209  2.00
      890    504  3.00
      890    511  4.00
      890    599  3.00
      890    962  5.00
      892    442  1.00
      894     40  2.00
      894    327  2.00
      894    376  6.00
      894    801  2.00
      894    955  2.00
      894   1027  5.00
      894   1042  1.00
      895    416  4.00
      895    514  2.00
      895    766  5.00
      896    211  2.00
      896    270  1.00
      896    310  1.00
      896    314  1.00
      896    789  6.00
      898     39  1.00
      898    248  1.00
      898    297  4.00
      898    675  1.00
      898    804  4.00
      898    920  2.00
      898    995  3.00
      899    473  5.00
      900    945  3.00
      902    207  4.00
      902    780  4.00
      903    403  6.00
      903    542  6.00
      903    583  4.00
      903    588  6.00
      903    630  6.00
      903    877  4.00
      903    883  6.00
      903    965  6.00
      903   1095  6.00
      904    564  2.00
      904    609  4.00
      904   1092  2.00
      905    171  1.00
      905    187  2.00
      905    677  1.00
      905    708  2.00
      905    885  1.00
      905   1078  3.00
      907    564  2.00
      908    498  6.00
      909   1021  5.00
      910     68  1.00
      910   1016  1.00
      911     58  1.00
      911    870  1.00
      911    980  1.00
      913     85  1.00
      913    197  6.00
      913    353  1.00
      913    747  1.00
      913    877  3.00
      913    965  4.00
      913   1079  3.00
      915    806  1.00
      915   1093  3.00
      916    480  2.00
      916    689  1.00
      916    757  3.00
      916    875  1.00
      919     41  2.00
      919    502  3.00
      919    847  2.00
      920    309  1.00
      920    369  2.00
      920    375  2.00
      920    804  5.00
      921    168  2.00
      921    333  1.00
      922    464  4.00
      922    799  4.00
      924      7  2.00
      924    127  3.00
      924    275  5.00
      924    522  5.00
      924    758  5.00
      925     70  3.00
      925    260  1.00
      925    353  3.00
      925    805  1.00
      925   1074  2.00
      926    309  1.00
      926    546  1.00
      926    592  5.00
      927     53  5.00
      927    201  6.00
      927    223  4.00
      927    413  6.00
      927    430  3.00
      927    966  3.00
      927   1006  3.00
      928     69  1.00
      928    362  1.00
      928    683  3.00
      928   1045  1.00
      928   1065  3.00
      928   1091  1.00
      929     38  2.00
      929    787  5.00
      930    931  1.00
      931     38  1.00
      931    225  1.00
      931    403  1.00
      931    463  1.00
      931    621  6.00
      931    787  3.00
      932    523  3.00
      932    617  2.00
      932    720  6.00
      933    708  2.00
      933    936  2.00
      933    969  3.00
      934    223  3.00
      934    483  3.00
      935     75  1.00
      935    204  1.00
      935    315  1.00
      935    644  1.00
      935    684  2.00
      935    940  4.00
      935   1012  3.00
      936    332  2.00
      936    451  2.00
      936    674  5.00
      936    831  1.00
      936    840  2.00
      936    934  3.00
      936    938  6.00
      936   1017  2.00
      936   1090  5.00
      937    103  2.00
      937   1027  5.00
      937   1100  4.00
      938     32  5.00
      938    210  2.00
      938    451  5.00
      938    591  2.00
      938    674  3.00
      938    936  6.00
      938   1040  4.00
      938   1090  3.00
      939     52  2.00
      939    164  2.00
      939    364  3.00
      939    564  3.00
      940      1  4.00
      940    454  1.00
      940    717  1.00
      940    766  5.00
      941    190  1.00
      941    456  2.00
      941    516  1.00
      942     34  1.00
      942     35  1.00
      942    777  2.00
      942    793  1.00
      942    943  3.00
      942   1046  1.00
      943     34  4.00
      943     88  2.00
      943    405  2.00
      943    942  3.00
      944     90  1.00
      944   1062  4.00
      945    785  2.00
      945    900  5.00
      946     41  5.00
      946    243  1.00
      946    582  1.00
      947     43  6.00
      947    297  1.00
      947    352  3.00
      947    792  5.00
      948    145  5.00
      948    153  5.00
      948    564  3.00
      948    619  6.00
      948   1033  4.00
      949    183  3.00
      949    238  3.00
      949    340  2.00
      949    385  6.00
      949    398  3.00
      949    408  3.00
      949    751  3.00
      949    783  4.00
      951    106  4.00
      951    266  1.00
      951    407  5.00
      951    425  1.00
      951   1000  1.00
      953    578  1.00
      953    583  3.00
      953    929  1.00
      953   1010  1.00
      957     38  5.00
      957    258  3.00
      957    426  1.00
      957    632  1.00
      957    801  3.00
      957   1027  5.00
      957   1071  2.00
      957   1079  6.00
      958    579  1.00
      959    507  2.00
      960     68  3.00
      960     72  3.00
      960    635  2.00
      960    790  3.00
      960    807  3.00
      961     35  2.00
      961    479  2.00
      961    748  2.00
      961    823  1.00
      961   1030  2.00
      962    521  6.00
      962    822  5.00
      962   1015  5.00
      962   1080  4.00
      963     52  6.00
      963    159  3.00
      963    323  1.00
      963    697  4.00
      963    740  2.00
      963    907  2.00
      963    979  1.00
      964    103  1.00
      964    180  1.00
      964    347  1.00
      964    719  1.00
      964    765  1.00
      964    940  1.00
      964   1018  2.00
      965     85  2.00
      965    197  2.00
      965    578  1.00
      965    626  1.00
      965    747  2.00
      965    877  3.00
      965    913  6.00
      965   1079  4.00
      966     53  5.00
      966    223  1.00
      966    245  3.00
      966    413  1.00
      966    430  5.00
      966    821  3.00
      966    927  3.00
      966   1006  6.00
      967    234  3.00
      967    491  3.00
      967    912  3.00
      969    730  5.00
      969    836  3.00
      969    933  3.00
      970    142  6.00
      970    453  6.00
      970    678  6.00
      971    465  6.00
      971    663  4.00
      971    912  3.00
      974     39  1.00
      974    218  1.00
      974    297  5.00
      974    328  1.00
      974    804  3.00
      976    322  4.00
      976    635  3.00
      976    642  2.00
      977    531  2.00
      977    806  2.00
      977   1046  1.00
      978    368  4.00
      978   1011  5.00
      979     38  6.00
      979    217  6.00
      979    241  6.00
      979    426  6.00
      979    565  6.00
      979    618  6.00
      979    630  6.00
      979    824  6.00
      979   1027  6.00
      979   1071  6.00
      980    911  6.00
      982     96  2.00
      982    302  5.00
      982    561  5.00
      982    616  5.00
      983     82  3.00
      983    124  3.00
      983    714  3.00
      984    104  6.00
      984    689  4.00
      984    757  6.00
      984    874  1.00
      986    142  6.00
      986    545  6.00
      987    785  6.00
      987    900  5.00
      987    945  4.00
      988     75  1.00
      988    159  1.00
      988    668  1.00
      988    722  3.00
      988    740  2.00
      988    971  2.00
      989    602  1.00
      989    674  1.00
      989   1040  1.00
      990    146  6.00
      990    217  5.00
      990    618  4.00
      990    630  1.00
      990    824  4.00
      990    887  6.00
      990   1027  2.00
      990   1071  2.00
      991    725  1.00
      991    947  2.00
      993    423  1.00
      993    491  3.00
      993    503  1.00
      993    543  6.00
      993    566  6.00
      993    759  1.00
      993    806  1.00
      993    837  6.00
      993    886  3.00
      994     12  2.00
      994    329  2.00
      994    555  2.00
      994    770  3.00
      995    328  4.00
      995    384  1.00
      995    640  3.00
      997   1080  1.00
      997   1098  3.00
      997   1099  2.00
      998    126  1.00
      998    254  6.00
      998    870  2.00
      999    441  4.00
      999    523  3.00
     1000    266  1.00
     1001    507  3.00
     1001    955  2.00
     1004    813  3.00
     1004    926  1.00
     1005      9  4.00
     1005    525  2.00
     1005   1061  4.00
     1006     53  3.00
     1006     60  4.00
     1006    148  4.00
     1006    156  5.00
     1006    430  3.00
     1006    821  2.00
     1006    862  2.00
     1006    888  1.00
     1006    966  5.00
     1007     49  1.00
     1007    488  1.00
     1007    491  2.00
     1007    811  3.00
     1007    886  3.00
     1008    623  3.00
     1008    760  2.00
     1008   1108  3.00
     1011     82  1.00
     1011    463  1.00
     1011    491  1.00
     1011    579  1.00
     1011    806  1.00
     1011    851  1.00
     1011    977  1.00
     1011    983  1.00
     1012     75  2.00
     1012    333  2.00
     1012    935  2.00
     1014     35  1.00
     1014    174  1.00
     1014    438  1.00
     1014    691  1.00
     1014    714  1.00
     1014    806  1.00
     1014    983  1.00
     1014   1003  1.00
     1015    427  2.00
     1015    484  1.00
     1015    589  1.00
     1015   1027  1.00
     1015   1042  1.00
     1016    251  2.00
     1016    669  4.00
     1016    794  1.00
     1016    910  2.00
     1017    196  1.00
     1017    210  4.00
     1017    267  2.00
     1017    332  4.00
     1017    444  3.00
     1017    517  6.00
     1017    909  3.00
     1017    934  2.00
     1017    936  4.00
     1018     33  2.00
     1018    237  2.00
     1018    902  2.00
     1018    964  3.00
     1019     90  1.00
     1020    140  2.00
     1020    260  3.00
     1020    286  2.00
     1021    134  1.00
     1021    138  3.00
     1021    143  1.00
     1021    332  1.00
     1021    444  1.00
     1021    567  1.00
     1021    909  6.00
     1021    936  1.00
     1021   1017  2.00
     1023    246  5.00
     1023    721  4.00
     1023    883  1.00
     1023    900  1.00
     1023    970  1.00
     1024    698  4.00
     1025    361  1.00
     1025    663  1.00
     1025    878  1.00
     1027    894  5.00
     1027   1071  5.00
     1030     34  3.00
     1030     79  3.00
     1030    386  4.00
     1030    585  6.00
     1030    586  3.00
     1030    636  3.00
     1030   1088  2.00
     1032     78  4.00
     1032    248  2.00
     1032    316  1.00
     1032    320  1.00
     1032    480  3.00
     1032    640  4.00
     1032    671  1.00
     1032    830  5.00
     1032   1075  3.00
     1033    153  3.00
     1033    668  3.00
     1033    670  5.00
     1033    948  3.00
     1033   1015  3.00
     1033   1027  6.00
     1034    245  5.00
     1036    760  4.00
     1036    828  3.00
     1037    592  3.00
     1037    926  4.00
     1040     32  4.00
     1040    451  3.00
     1040    544  2.00
     1040    674  4.00
     1040    938  3.00
     1040   1090  3.00
     1041     39  1.00
     1041    109  2.00
     1041    675  1.00
     1041    974  3.00
     1041   1050  2.00
     1042    427  5.00
     1042    589  4.00
     1042   1015  5.00
     1043    607  4.00
     1043    669  4.00
     1043    767  4.00
     1043    790  3.00
     1043    987  2.00
     1044     82  2.00
     1044    198  2.00
     1044    714  6.00
     1045    187  1.00
     1045    827  2.00
     1046    793  1.00
     1046    806  1.00
     1046    977  1.00
     1048     70  1.00
     1048    292  1.00
     1048    340  2.00
     1048    448  3.00
     1048    541  5.00
     1048    690  2.00
     1048   1066  5.00
     1049    549  3.00
     1050    312  4.00
     1050    388  1.00
     1050    864  4.00
     1050    867  1.00
     1050   1041  1.00
     1051    232  2.00
     1052    406  1.00
     1052    828  1.00
     1052    853  2.00
     1052    914  1.00
     1052   1028  1.00
     1053    106  2.00
     1053    387  2.00
     1053    465  6.00
     1053    663  1.00
     1054    113  3.00
     1054    159  2.00
     1054    331  5.00
     1054    481  1.00
     1054    721  2.00
     1054   1023  2.00
     1055    453  2.00
     1055    472  1.00
     1055    536  1.00
     1055    751  1.00
     1056     21  4.00
     1056    581  4.00
     1056    747  1.00
     1056   1020  2.00
     1057    846  4.00
     1057   1105  3.00
     1058    142  1.00
     1058    186  6.00
     1058    432  6.00
     1058    521  4.00
     1059     95  1.00
     1059    245  2.00
     1059    436  2.00
     1059    821  1.00
     1059    862  1.00
     1059    966  1.00
     1060    598  6.00
     1061    421  2.00
     1061    524  1.00
     1062     46  4.00
     1062     90  2.00
     1062    213  1.00
     1062    549  1.00
     1062    713  2.00
     1062    944  2.00
     1063    323  1.00
     1063    904  1.00
     1064    459  4.00
     1064    566  3.00
     1064    718  5.00
     1065     48  4.00
     1065    312  6.00
     1066    292  5.00
     1066    448  6.00
     1066    536  6.00
     1066    541  6.00
     1066    690  4.00
     1066   1048  6.00
     1067    352  3.00
     1067    689  1.00
     1067    875  1.00
     1067    916  2.00
     1068    370  1.00
     1068    696  1.00
     1068    826  1.00
     1070    698  1.00
     1070    871  5.00
     1071    240  4.00
     1071    426  1.00
     1071    630  3.00
     1071    955  4.00
     1071    957  3.00
     1071   1027  6.00
     1073     16  1.00
     1073    239  2.00
     1073    322  6.00
     1073    523  1.00
     1073    642  2.00
     1073   1013  1.00
     1073   1074  2.00
     1074    300  6.00
     1074    356  2.00
     1074    872  2.00
     1074    976  4.00
     1074   1092  5.00
     1076     31  1.00
     1076     99  1.00
     1076    317  3.00
     1076    531  1.00
     1076    698  2.00
     1076    811  1.00
     1076    848  1.00
     1076   1024  1.00
     1077    722  5.00
     1078    298  2.00
     1078    708  5.00
     1078    905  4.00
     1082    192  1.00
     1082    439  6.00
     1082    443  6.00
     1082    508  2.00
     1082    513  3.00
     1082    746  1.00
     1083     97  6.00
     1083    130  1.00
     1083    275  3.00
     1083    308  1.00
     1084    647  1.00
     1085     78  1.00
     1085    808  2.00
     1085    830  1.00
     1085   1032  1.00
     1086     65  4.00
     1088    341  2.00
     1088    423  3.00
     1088    762  2.00
     1088    763  2.00
     1088    992  2.00
     1089     29  1.00
     1089    108  3.00
     1089    129  6.00
     1089    992  3.00
     1090     30  1.00
     1090     32  2.00
     1090    451  5.00
     1090    936  5.00
     1090    938  3.00
     1091    202  5.00
     1092    564  2.00
     1092    904  1.00
     1092   1074  5.00
     1093     99  2.00
     1095     89  6.00
     1095    518  6.00
     1095    688  2.00
     1095    720  1.00
     1095    739  1.00
     1095    883  2.00
     1095    903  2.00
     1096     52  6.00
     1096    164  1.00
     1096    740  6.00
     1096    963  6.00
     1097     68  6.00
     1097    255  1.00
     1097    285  1.00
     1097    364  6.00
     1097    798  1.00
     1097   1060  1.00
     1098    479  2.00
     1098    997  4.00
     1098   1099  2.00
     1099    211  1.00
     1099    314  1.00
     1099    859  1.00
     1100    272  4.00
     1100    937  1.00
     1101    396  3.00
     1101    525  3.00
     1101    667  2.00
     1101    743  4.00
     1102    154  1.00
     1102    383  1.00
     1102    411  5.00
     1102    768  1.00
     1103    478  1.00
     1103    815  1.00
     1105    547  4.00
     1105    548  3.00
     1105    690  4.00
     1105    751  3.00
     1105    783  2.00
     1106    389  6.00
     1106    457  6.00
     1107   1035  3.00
     1108    623  3.00
     1108    760  3.00
     1109    238  5.00
     1109    408  3.00
     1109    690  2.00
     1109    783  1.00
     1111   1081  4.00