DL
N=1007
FORMAT=EDGELIST1
DATA:
        1    191  4.00
        1    245  6.00
        1    272  1.00
        1    413  4.00
        1    447  1.00
        3     21  2.00
        3    221  4.00
        3    480  2.00
        3    495  6.00
        3    574  3.00
        5     96  2.00
        5    258  4.00
        5    335  2.00
        6    271  3.00
        6    374  3.00
        6    400  3.00
        6    489  1.00
        6    491  1.00
        6    573  1.00
        6    586  5.00
        7    134  1.00
        7    159  3.00
        7    464  2.00
        7    478  3.00
        8    221  3.00
        8    284  6.00
        8    378  6.00
        8    557  6.00
        9    137  1.00
        9    442  1.00
        9    473  1.00
        9    498  1.00
       10     20  5.00
       10     22  1.00
       10     64  6.00
       10     75  1.00
       10     89  4.00
       10    219  1.00
       10    272  2.00
       10    276  1.00
       11    101  4.00
       11    155  1.00
       11    190  5.00
       11    273  4.00
       11    337  3.00
       11    339  4.00
       11    353  3.00
       11    616  3.00
       12    188  4.00
       12    475  1.00
       14     20  1.00
       14    151  1.00
       14    597  6.00
       15    106  6.00
       15    189  3.00
       15    233  1.00
       15    325  1.00
       15    333  1.00
       15    449  1.00
       15    491  3.00
       15    552  3.00
       15    624  1.00
       15    627  4.00
       16     30  1.00
       16    201  1.00
       16    217  1.00
       16    267  1.00
       16    268  3.00
       16    466  1.00
       16    569  1.00
       17    625  3.00
       19     45  2.00
       19     75  3.00
       19    100  2.00
       19    111  2.00
       19    272  3.00
       19    285  3.00
       19    387  2.00
       19    473  4.00
       19    485  3.00
       19    565  4.00
       20     14  6.00
       20     63  3.00
       20     85  4.00
       20    151  4.00
       20    233  3.00
       20    307  3.00
       20    333  3.00
       20    597  3.00
       21    426  6.00
       21    513  3.00
       21    563  3.00
       21    574  5.00
       22     10  3.00
       22     28  3.00
       22     67  6.00
       22     84  2.00
       22    284  5.00
       22    326  6.00
       22    392  5.00
       22    398  5.00
       22    408  2.00
       24     27  1.00
       24    450  1.00
       24    590  1.00
       24    593  1.00
       25     96  2.00
       25    150  3.00
       25    332  2.00
       26    179  1.00
       26    201  2.00
       26    372  2.00
       26    424  1.00
       26    531  2.00
       26    553  1.00
       26    610  1.00
       27     24  1.00
       27    191  1.00
       27    237  1.00
       27    274  1.00
       27    413  1.00
       27    481  3.00
       28    243  3.00
       28    263  3.00
       28    297  3.00
       28    456  3.00
       28    512  3.00
       28    528  4.00
       30    159  2.00
       30    263  1.00
       30    345  1.00
       30    349  3.00
       30    572  2.00
       30    632  3.00
       31     72  1.00
       31    139  3.00
       31    254  1.00
       31    270  5.00
       31    273  5.00
       31    287  1.00
       31    334  1.00
       31    371  3.00
       31    599  5.00
       32    115  1.00
       32    119  1.00
       32    194  1.00
       32    359  1.00
       32    456  1.00
       32    512  1.00
       32    585  1.00
       33      2  3.00
       33    156  3.00
       33    234  2.00
       33    249  3.00
       33    266  5.00
       33    274  2.00
       33    462  2.00
       33    593  2.00
       34     41  3.00
       34     73  2.00
       34    123  2.00
       34    146  3.00
       34    173  1.00
       34    197  5.00
       34    647  6.00
       35    159  1.00
       35    161  4.00
       35    225  2.00
       35    351  1.00
       35    477  1.00
       36    102  1.00
       36    103  3.00
       36    288  1.00
       37    170  3.00
       37    453  1.00
       37    463  1.00
       37    610  1.00
       37    620  3.00
       38    212  3.00
       38    475  4.00
       38    501  6.00
       41     34  2.00
       41     62  3.00
       41    165  2.00
       41    197  2.00
       41    323  2.00
       41    326  3.00
       41    393  2.00
       41    398  2.00
       42    244  2.00
       42    263  5.00
       42    300  6.00
       42    306  1.00
       42    347  2.00
       42    434  4.00
       42    507  1.00
       42    553  2.00
       42    592  1.00
       43    227  3.00
       43    362  2.00
       44     32  1.00
       44    263  3.00
       44    456  5.00
       44    512  4.00
       44    911  6.00
       46    411  5.00
       46    436  2.00
       46    571  3.00
       47    118  3.00
       47    218  3.00
       47    234  3.00
       47    404  4.00
       47    421  2.00
       47    470  5.00
       47    532  4.00
       47    572  6.00
       48     56  1.00
       48     76  2.00
       48     81  1.00
       48     93  3.00
       48    160  3.00
       48    263  1.00
       48    367  1.00
       48    369  1.00
       48    605  1.00
       49     47  3.00
       49    292  1.00
       49    532  5.00
       49    558  5.00
       50     79  3.00
       50     93  5.00
       50    334  3.00
       50    367  1.00
       50    369  3.00
       50    375  3.00
       50    420  2.00
       50    615  2.00
       51    416  6.00
       53    133  5.00
       53    238  3.00
       53    312  2.00
       53    559  1.00
       54    112  2.00
       54    414  4.00
       55     25  5.00
       55     96  5.00
       56     48  2.00
       56     76  2.00
       56    155  1.00
       56    299  1.00
       56    306  2.00
       56    318  2.00
       56    347  1.00
       56    548  3.00
       56    592  2.00
       56    605  5.00
       57    148  2.00
       57    179  2.00
       57    293  6.00
       57    463  2.00
       57    544  1.00
       57    554  2.00
       58      3  3.00
       58     20  5.00
       58     21  3.00
       58     76  2.00
       58    263  5.00
       58    347  1.00
       58    495  4.00
       58    563  6.00
       58    592  1.00
       61    109  3.00
       62     41  3.00
       62    150  2.00
       62    171  3.00
       62    173  3.00
       62    331  2.00
       62    398  2.00
       62    471  3.00
       63     20  1.00
       63    139  2.00
       63    151  2.00
       63    233  1.00
       63    333  3.00
       63    334  4.00
       63    383  1.00
       63    580  6.00
       64     20  3.00
       64     89  4.00
       64    276  5.00
       64    533  5.00
       65    102  3.00
       65    103  5.00
       65    230  4.00
       65    387  4.00
       65    467  1.00
       65    613  4.00
       66      4  2.00
       66    176  2.00
       66    196  6.00
       66    350  2.00
       66    497  1.00
       66    518  1.00
       66    597  1.00
       66    599  1.00
       66    622  4.00
       66    637  2.00
       67     22  6.00
       67    209  2.00
       67    256  3.00
       67    284  5.00
       67    326  4.00
       67    392  3.00
       67    398  2.00
       67    557  3.00
       68     31  2.00
       68     72  5.00
       68     81  2.00
       68    157  2.00
       68    221  3.00
       68    409  2.00
       68    439  4.00
       68    482  3.00
       69     40  2.00
       69    581  2.00
       70     29  3.00
       70     51  3.00
       70     53  1.00
       70    201  4.00
       70    425  3.00
       71    197  1.00
       71    243  2.00
       71    405  1.00
       71    417  6.00
       71    480  1.00
       72     31  3.00
       72     68  3.00
       72    221  2.00
       72    289  1.00
       72    403  3.00
       72    409  6.00
       72    480  4.00
       72    542  3.00
       72    574  1.00
       73    272  4.00
       73    336  5.00
       73    449  5.00
       75     81  1.00
       75    100  4.00
       75    302  5.00
       75    367  3.00
       75    370  1.00
       75    465  6.00
       75    485  5.00
       75    565  4.00
       75    622  1.00
       76     56  6.00
       76     81  4.00
       76    100  3.00
       76    155  5.00
       76    160  2.00
       76    300  5.00
       76    318  2.00
       76    369  3.00
       76    605  5.00
       77     11  6.00
       77     72  2.00
       77    114  6.00
       77    155  4.00
       77    190  3.00
       77    318  4.00
       77    337  3.00
       77    519  3.00
       77    618  3.00
       78    228  5.00
       78    301  4.00
       78    314  4.00
       78    599  4.00
       78    601  4.00
       78    637  5.00
       79     20  2.00
       79     39  1.00
       79     50  5.00
       79     93  4.00
       79    154  2.00
       79    319  3.00
       79    369  3.00
       79    391  4.00
       79    420  1.00
       79    615  2.00
       81     56  3.00
       81     76  4.00
       81    146  1.00
       81    347  3.00
       81    406  2.00
       81    423  2.00
       81    480  3.00
       81    577  6.00
       82    490  2.00
       82    491  1.00
       82    607  2.00
       84     97  2.00
       84    101  4.00
       84    127  6.00
       84    612  2.00
       85     14  3.00
       85     20  3.00
       85    151  5.00
       85    337  6.00
       85    597  3.00
       86    341  4.00
       86    455  3.00
       86    532  4.00
       86    538  4.00
       88    153  1.00
       88    160  3.00
       88    300  2.00
       88    437  3.00
       88    536  3.00
       89     10  6.00
       89     20  4.00
       89     63  2.00
       89     64  6.00
       89    151  2.00
       89    233  3.00
       89    294  3.00
       89    308  6.00
       89    691  5.00
       90     35  1.00
       90    161  1.00
       90    280  1.00
       90    351  1.00
       91     71  2.00
       91    167  1.00
       91    218  1.00
       91    427  1.00
       91    432  4.00
       91    594  5.00
       92    145  1.00
       92    176  1.00
       92    249  1.00
       92    470  2.00
       92    530  4.00
       93     50  5.00
       93     79  2.00
       93    154  5.00
       93    157  2.00
       93    238  2.00
       93    270  3.00
       93    302  2.00
       93    319  5.00
       93    391  3.00
       93    420  2.00
       94     83  1.00
       94    168  1.00
       94    173  2.00
       94    376  4.00
       94    476  1.00
       94    580  6.00
       95    227  1.00
       95    261  4.00
       96      5  1.00
       96    168  1.00
       96    332  5.00
       96    362  1.00
       97     77  3.00
       97     84  6.00
       97    119  2.00
       97    366  2.00
       97    402  5.00
       98    333  4.00
       98    369  5.00
       98    375  2.00
       98    514  2.00
       98    534  2.00
      101     11  6.00
      101    183  5.00
      101    337  5.00
      101    339  6.00
      101    353  6.00
      101    359  4.00
      101    408  2.00
      101    602  5.00
      102    373  1.00
      102    453  3.00
      102    553  1.00
      102    559  2.00
      102    613  2.00
      102    620  3.00
      103     36  6.00
      103    102  3.00
      103    127  2.00
      103    148  2.00
      103    288  2.00
      103    324  2.00
      103    438  1.00
      104    281  2.00
      104    333  1.00
      104    369  1.00
      104    565  3.00
      105     31  4.00
      105    270  4.00
      105    273  4.00
      105    325  6.00
      105    371  5.00
      105    491  1.00
      105    542  2.00
      106    383  2.00
      108     56  5.00
      108     93  5.00
      108    263  5.00
      108    280  5.00
      108    306  5.00
      108    426  3.00
      108    592  5.00
      108    605  5.00
      108    627  5.00
      110    260  1.00
      110    327  2.00
      110    328  3.00
      110    355  2.00
      110    441  1.00
      110    531  3.00
      111     75  3.00
      111    157  3.00
      111    285  2.00
      111    387  3.00
      111    473  4.00
      111    511  5.00
      111    565  4.00
      112     54  1.00
      113      1  2.00
      113     13  1.00
      113    160  1.00
      113    180  1.00
      113    245  5.00
      113    447  1.00
      113    630  1.00
      114    128  2.00
      114    429  2.00
      115    353  1.00
      115    359  3.00
      115    431  3.00
      115    456  1.00
      115    485  3.00
      115    618  2.00
      115    850  5.00
      116     51  2.00
      116    124  2.00
      116    265  3.00
      116    312  1.00
      116    393  3.00
      116    452  2.00
      117    217  1.00
      117    223  1.00
      117    401  3.00
      117    463  5.00
      117    466  1.00
      118     47  3.00
      118    341  3.00
      118    382  5.00
      119     36  1.00
      119     77  6.00
      119    115  2.00
      119    924  2.00
      120     20  1.00
      120     85  1.00
      120    151  4.00
      120    333  1.00
      121    208  1.00
      121    306  2.00
      121    319  2.00
      121    541  1.00
      121    585  1.00
      123     34  5.00
      123     73  4.00
      123    173  3.00
      123    197  4.00
      123    234  3.00
      123    272  6.00
      123    331  5.00
      123    336  3.00
      123    341  3.00
      123    344  3.00
      124     93  1.00
      124    219  5.00
      124    566  1.00
      125    450  6.00
      125    575  5.00
      125    598  2.00
      127     84  6.00
      127    359  1.00
      127    402  1.00
      127    408  5.00
      127    423  1.00
      127    451  2.00
      127    576  1.00
      129    232  4.00
      129    604  5.00
      130    157  6.00
      130    254  5.00
      130    548  6.00
      130    566  4.00
      130    599  6.00
      131    466  6.00
      131    518  4.00
      131    569  3.00
      133     53  6.00
      133    175  1.00
      133    486  2.00
      134    478  6.00
      136     38  2.00
      136    284  3.00
      136    323  3.00
      136    326  3.00
      136    393  2.00
      136    440  3.00
      136    501  2.00
      136    537  3.00
      137    442  1.00
      137    473  2.00
      137    498  1.00
      139     63  1.00
      139     75  2.00
      139    287  2.00
      139    307  1.00
      139    334  3.00
      139    367  1.00
      139    383  2.00
      140    195  3.00
      140    222  2.00
      140    494  5.00
      141    275  1.00
      141    279  6.00
      141    609  4.00
      142     78  2.00
      142    301  1.00
      142    380  2.00
      142    407  2.00
      142    418  1.00
      142    423  2.00
      142    586  2.00
      142    792  6.00
      143     83  5.00
      143    455  6.00
      143    558  6.00
      143    955  6.00
      144     90  1.00
      144    240  3.00
      145     26  3.00
      145    179  3.00
      145    428  5.00
      145    445  3.00
      147    214  6.00
      147    215  4.00
      147    254  4.00
      147    359  3.00
      147    461  6.00
      147    560  2.00
      147    563  4.00
      147    627  6.00
      148     19  1.00
      148     57  2.00
      148    288  3.00
      148    324  2.00
      149     81  3.00
      149    197  2.00
      149    347  3.00
      149    385  1.00
      149    406  4.00
      149    426  2.00
      149    480  5.00
      149    564  4.00
      149    605  2.00
      150    173  3.00
      151     14  2.00
      151     20  3.00
      151     63  2.00
      151     85  4.00
      151    254  2.00
      151    333  5.00
      151    615  5.00
      153     81  2.00
      153    149  2.00
      153    300  3.00
      153    347  2.00
      153    406  2.00
      154     31  2.00
      154     93  4.00
      154    319  5.00
      154    330  2.00
      154    420  3.00
      154    596  1.00
      154    599  3.00
      155     56  4.00
      155     76  2.00
      155    107  4.00
      155    160  1.00
      155    299  1.00
      155    318  6.00
      155    513  1.00
      155    542  5.00
      155    574  4.00
      156    102  1.00
      156    159  1.00
      156    322  3.00
      156    453  1.00
      156    471  6.00
      156    480  1.00
      157    111  3.00
      157    292  4.00
      157    409  2.00
      157    480  5.00
      157    548  6.00
      157    566  5.00
      158     70  5.00
      158    201  2.00
      158    393  2.00
      158    425  3.00
      159     35  3.00
      159    161  3.00
      159    227  2.00
      159    351  5.00
      159    402  5.00
      159    613  1.00
      160     48  3.00
      160     56  1.00
      160     76  1.00
      160    149  1.00
      160    406  1.00
      160    426  1.00
      160    437  5.00
      161     13  1.00
      161     35  5.00
      161    159  3.00
      161    219  2.00
      161    229  1.00
      161    351  2.00
      161    477  2.00
      161    506  1.00
      161    584  2.00
      161    607  1.00
      162     75  4.00
      162    126  5.00
      162    218  3.00
      162    287  3.00
      162    334  5.00
      162    444  3.00
      162    465  5.00
      164     20  1.00
      164     78  2.00
      164    193  2.00
      164    570  3.00
      164    601  5.00
      165     41  1.00
      165     62  1.00
      165    132  1.00
      165    379  1.00
      166    183  2.00
      166    234  5.00
      166    550  2.00
      167     67  4.00
      167    229  6.00
      167    453  3.00
      167    492  6.00
      167    531  5.00
      167    607  4.00
      167    620  4.00
      169    107  4.00
      169    155  3.00
      169    247  4.00
      170     37  3.00
      170    123  1.00
      170    322  2.00
      170    463  2.00
      171     41  2.00
      171     62  4.00
      171    233  1.00
      171    326  1.00
      171    331  3.00
      171    360  6.00
      171    381  2.00
      171    471  5.00
      171    491  4.00
      172     80  5.00
      172    114  1.00
      172    129  1.00
      172    168  3.00
      172    232  2.00
      172    388  1.00
      172    604  1.00
      174    289  2.00
      174    369  1.00
      174    513  1.00
      174    542  6.00
      174    574  6.00
      174    616  6.00
      175    133  1.00
      175    213  6.00
      175    238  3.00
      175    433  1.00
      175    486  4.00
      176    120  3.00
      176    188  6.00
      176    213  3.00
      176    226  3.00
      176    303  6.00
      176    475  3.00
      176    490  2.00
      176    603  3.00
      176    622  2.00
      178     63  2.00
      178     94  5.00
      178    207  2.00
      178    376  5.00
      178    404  6.00
      178    407  2.00
      178    580  4.00
      178    587  4.00
      178    617  3.00
      179     26  6.00
      179     33  1.00
      179    145  4.00
      179    231  3.00
      179    274  5.00
      179    305  2.00
      179    358  2.00
      179    434  1.00
      179    508  2.00
      181    168  4.00
      181    388  4.00
      182     22  1.00
      182    326  1.00
      182    355  1.00
      182    510  5.00
      182    540  5.00
      183     11  6.00
      183    101  5.00
      183    155  2.00
      183    190  4.00
      183    318  2.00
      183    339  6.00
      183    353  5.00
      183    616  6.00
      184    263  3.00
      184    316  1.00
      184    380  5.00
      184    423  1.00
      184    553  1.00
      184    555  2.00
      185    255  1.00
      185    470  1.00
      185    491  4.00
      187    373  2.00
      187    578  3.00
      187    624  2.00
      188     12  5.00
      188    154  6.00
      188    176  6.00
      188    213  2.00
      188    273  4.00
      188    475  3.00
      188    534  3.00
      189    130  2.00
      189    133  2.00
      189    238  2.00
      189    302  2.00
      189    319  2.00
      189    378  4.00
      189    475  2.00
      189    480  3.00
      189    486  2.00
      190    155  3.00
      190    174  4.00
      190    339  5.00
      190    602  4.00
      190    616  3.00
      191      1  3.00
      191     27  2.00
      191    413  4.00
      192     29  2.00
      192     51  3.00
      192     70  4.00
      192    158  2.00
      192    220  3.00
      192    416  4.00
      192    425  5.00
      192    520  4.00
      192    614  3.00
      193    273  6.00
      194     28  2.00
      194     32  3.00
      194     77  1.00
      194    247  3.00
      194    316  2.00
      194    545  3.00
      195     62  3.00
      195    294  3.00
      195    306  2.00
      195    308  3.00
      195    352  5.00
      195    592  2.00
      196     66  6.00
      196    201  2.00
      196    378  3.00
      196    518  2.00
      197    149  2.00
      197    150  2.00
      197    347  4.00
      198    334  2.00
      198    570  3.00
      199    166  2.00
      199    251  3.00
      199    263  1.00
      199    280  3.00
      199    347  2.00
      199    434  4.00
      199    564  4.00
      200     20  6.00
      200     59  4.00
      200     66  6.00
      200     85  5.00
      200    138  6.00
      200    152  6.00
      200    413  6.00
      200    444  6.00
      201      4  1.00
      201     29  1.00
      201     70  6.00
      201    265  2.00
      201    274  2.00
      201    425  2.00
      201    518  1.00
      201    614  3.00
      204     15  3.00
      204     21  3.00
      204     58  4.00
      204    263  4.00
      204    316  1.00
      204    378  3.00
      204    474  6.00
      204    601  2.00
      205    248  6.00
      205    404  5.00
      205    408  5.00
      205    587  1.00
      205    945  1.00
      206    464  5.00
      210    100  5.00
      210    109  3.00
      210    124  4.00
      210    127  3.00
      210    141  4.00
      210    336  3.00
      210    376  4.00
      210    586  3.00
      210    590  3.00
      211     41  1.00
      211    132  5.00
      211    143  5.00
      211    558  1.00
      212     31  2.00
      212     74  1.00
      212     75  6.00
      212     78  1.00
      212    491  1.00
      212    596  1.00
      212    599  4.00
      213     39  3.00
      213    175  6.00
      213    254  3.00
      213    291  1.00
      213    486  1.00
      213    500  2.00
      213    596  1.00
      214    147  5.00
      214    461  3.00
      214    577  1.00
      215     45  2.00
      215    297  4.00
      215    316  2.00
      215    423  2.00
      215    512  2.00
      215    577  2.00
      216     28  2.00
      216     32  2.00
      216     44  3.00
      216    456  4.00
      216    512  5.00
      216    528  1.00
      217     29  1.00
      217     51  1.00
      217    124  1.00
      217    219  1.00
      217    223  1.00
      217    225  3.00
      217    265  1.00
      217    386  1.00
      219    116  2.00
      219    124  6.00
      219    265  2.00
      219    345  3.00
      220     42  2.00
      220    100  3.00
      220    180  2.00
      220    237  6.00
      220    393  4.00
      220    473  3.00
      220    485  3.00
      220    515  2.00
      220    536  5.00
      221      3  6.00
      221    289  4.00
      221    439  6.00
      221    480  3.00
      221    483  3.00
      221    542  6.00
      222    347  4.00
      224    428  1.00
      224    590  3.00
      224    593  2.00
      225    217  4.00
      225    219  1.00
      225    477  2.00
      227    261  3.00
      227    365  1.00
      227    550  2.00
      227    595  3.00
      227    828  3.00
      228     38  3.00
      228     78  6.00
      228    246  2.00
      228    298  5.00
      228    301  5.00
      228    420  2.00
      228    599  3.00
      228    601  6.00
      229    166  1.00
      229    288  1.00
      229    445  5.00
      229    492  1.00
      229    516  3.00
      229    607  3.00
      230     65  5.00
      230    106  1.00
      230    202  3.00
      230    269  2.00
      230    586  2.00
      230    604  2.00
      230    636  2.00
      231    249  1.00
      231    462  3.00
      231    518  1.00
      233     20  2.00
      233    333  2.00
      233    369  1.00
      233    375  1.00
      233    381  2.00
      234     91  3.00
      234    149  3.00
      234    341  2.00
      234    351  3.00
      234    432  2.00
      234    457  1.00
      234    591  3.00
      234    620  4.00
      235    168  5.00
      235    390  4.00
      235    556  3.00
      235    561  4.00
      235    573  6.00
      237     27  1.00
      237    167  1.00
      237    180  1.00
      237    191  1.00
      237    192  2.00
      237    220  1.00
      237    274  3.00
      237    536  5.00
      238     50  4.00
      238     53  4.00
      238    133  2.00
      238    175  3.00
      238    319  5.00
      238    330  2.00
      238    344  3.00
      238    551  2.00
      238    559  5.00
      239      5  6.00
      239     43  3.00
      239     96  1.00
      239    168  1.00
      239    258  5.00
      239    332  2.00
      239    618  1.00
      240     29  1.00
      240    349  2.00
      240    396  1.00
      240    443  6.00
      240    567  1.00
      241    499  1.00
      241    584  1.00
      241    634  1.00
      243     28  2.00
      243     32  1.00
      243    216  1.00
      243    297  1.00
      243    337  1.00
      243    528  3.00
      244     58  1.00
      244     76  1.00
      244    146  1.00
      244    215  1.00
      244    297  1.00
      244    300  3.00
      244    421  4.00
      244    437  1.00
      245      1  3.00
      245    113  3.00
      245    191  2.00
      245    217  1.00
      245    247  1.00
      246     43  1.00
      246    212  3.00
      246    238  3.00
      246    310  2.00
      246    491  3.00
      246    608  4.00
      246    623  1.00
      246    625  2.00
      248    205  4.00
      248    351  2.00
      248    538  2.00
      249     33  2.00
      249     92  1.00
      249    145  1.00
      249    266  2.00
      249    274  1.00
      249    394  1.00
      249    428  2.00
      249    462  4.00
      249    531  2.00
      250    206  1.00
      250    211  1.00
      250    277  1.00
      250    419  1.00
      250    590  2.00
      250    593  2.00
      251    146  3.00
      251    166  3.00
      251    199  3.00
      251    244  2.00
      251    276  2.00
      251    280  5.00
      251    414  2.00
      251    584  1.00
      252     22  2.00
      252    184  2.00
      252    455  4.00
      252    458  5.00
      252    487  2.00
      252    607  1.00
      253    500  2.00
      253    562  3.00
      254     20  4.00
      254    130  3.00
      254    147  5.00
      254    151  3.00
      254    367  2.00
      254    458  6.00
      257    176  2.00
      257    201  3.00
      257    400  6.00
      257    427  2.00
      257    518  3.00
      257    606  4.00
      258     43  6.00
      259     46  1.00
      259    739  3.00
      261      2  1.00
      261     95  5.00
      261    227  3.00
      261    495  2.00
      261    522  2.00
      261    553  3.00
      262    239  5.00
      263     44  6.00
      263     58  5.00
      263     76  6.00
      263    108  3.00
      263    244  3.00
      263    300  6.00
      263    426  3.00
      263    437  3.00
      265     51  6.00
      265    116  5.00
      265    124  6.00
      265    201  6.00
      265    257  5.00
      265    393  6.00
      265    400  5.00
      265    518  6.00
      266     33  4.00
      266    249  1.00
      267     97  1.00
      267    225  1.00
      267    466  6.00
      267    477  3.00
      268     16  3.00
      268    124  1.00
      268    345  2.00
      268    443  2.00
      268    518  1.00
      269    338  1.00
      269    371  2.00
      269    465  2.00
      269    491  1.00
      269    515  6.00
      269    543  6.00
      269    617  1.00
      270     31  5.00
      270     85  1.00
      270     93  3.00
      270    154  2.00
      270    334  1.00
      270    371  3.00
      270    491  1.00
      270    497  2.00
      270    599  6.00
      271    109  2.00
      271    233  6.00
      271    289  2.00
      271    305  2.00
      271    360  3.00
      271    369  2.00
      271    381  6.00
      271    403  1.00
      271    465  2.00
      271    514  2.00
      272     73  5.00
      272    100  3.00
      272    146  2.00
      272    280  4.00
      272    336  5.00
      272    380  2.00
      272    449  5.00
      273     31  5.00
      273    305  4.00
      273    596  2.00
      273    599  6.00
      274      2  1.00
      274    179  1.00
      274    191  2.00
      274    237  1.00
      274    249  1.00
      274    462  3.00
      274    536  1.00
      274    610  1.00
      275     94  2.00
      275    580  2.00
      275    609  2.00
      276     10  2.00
      276     64  3.00
      276    251  2.00
      276    294  1.00
      277    124  2.00
      278    223  1.00
      278    365  1.00
      278    487  2.00
      278    968  2.00
      279    141  5.00
      279    157  1.00
      280    199  6.00
      280    272  5.00
      280    434  1.00
      280    564  1.00
      281    104  2.00
      281    125  2.00
      281    168  2.00
      281    177  3.00
      281    575  6.00
      282    309  4.00
      282    357  3.00
      282    561  3.00
      282    578  2.00
      282    906  5.00
      283    553  2.00
      283    601  2.00
      284      8  2.00
      284     22  6.00
      284     41  4.00
      284     62  2.00
      284    323  4.00
      284    326  6.00
      284    392  5.00
      284    398  6.00
      285    565  4.00
      286     49  3.00
      286    159  3.00
      286    282  2.00
      286    479  2.00
      287     50  2.00
      287     63  1.00
      287    139  3.00
      287    270  3.00
      287    334  5.00
      287    370  2.00
      287    433  3.00
      287    450  1.00
      287    599  4.00
      288      9  3.00
      288     36  2.00
      288    103  2.00
      288    274  4.00
      288    324  2.00
      288    516  6.00
      288    529  3.00
      289    109  2.00
      289    221  2.00
      289    273  2.00
      289    317  6.00
      289    383  4.00
      289    542  6.00
      289    621  3.00
      290    529  5.00
      291     93  2.00
      291    154  5.00
      291    305  6.00
      291    330  6.00
      291    403  3.00
      291    596  2.00
      292     58  1.00
      292    363  2.00
      292    480  2.00
      292    548  1.00
      292    569  3.00
      293     57  6.00
      294     64  1.00
      294     89  2.00
      294    308  3.00
      294    411  6.00
      294    571  1.00
      295    152  4.00
      296    355  3.00
      297     28  2.00
      297     45  3.00
      297    215  5.00
      297    243  4.00
      297    244  1.00
      297    337  3.00
      297    359  1.00
      297    543  4.00
      297    555  4.00
      298     78  4.00
      298    228  3.00
      298    283  1.00
      298    301  3.00
      298    314  5.00
      298    601  4.00
      298    637  3.00
      299    318  1.00
      299    426  6.00
      301     25  2.00
      301     78  1.00
      301    174  1.00
      301    212  5.00
      301    314  6.00
      301    373  4.00
      301    601  2.00
      301    616  1.00
      301    618  1.00
      301    637  6.00
      302     75  6.00
      302     93  4.00
      302    154  3.00
      302    370  5.00
      302    420  2.00
      302    465  5.00
      302    497  4.00
      302    599  6.00
      303      5  1.00
      303     52  4.00
      303    235  2.00
      303    340  5.00
      303    459  2.00
      303    526  1.00
      303    552  5.00
      303    554  1.00
      303    617  1.00
      304     18  5.00
      304     30  2.00
      304    125  1.00
      304    598  1.00
      305    273  2.00
      305    291  5.00
      305    302  5.00
      305    371  2.00
      305    403  3.00
      305    465  3.00
      305    598  1.00
      306     56  5.00
      306    108  3.00
      306    154  2.00
      306    166  2.00
      306    247  6.00
      306    592  6.00
      306    634  1.00
      308     63  3.00
      308     85  3.00
      308     89  6.00
      308    151  3.00
      308    233  3.00
      308    294  6.00
      308    571  5.00
      308    577  2.00
      309     52  5.00
      309    200  2.00
      309    362  2.00
      309    570  5.00
      310     12  3.00
      310     43  4.00
      310    183  5.00
      310    400  6.00
      311     86  3.00
      311    286  2.00
      311    401  6.00
      311    567  5.00
      313    354  6.00
      313    469  2.00
      313    478  3.00
      313    489  3.00
      313    505  3.00
      314    212  6.00
      314    301  6.00
      314    373  6.00
      314    491  5.00
      314    601  6.00
      314    637  3.00
      315    350  3.00
      317     72  3.00
      317    109  3.00
      317    174  6.00
      317    289  6.00
      317    369  3.00
      317    383  3.00
      317    420  3.00
      317    574  3.00
      317    616  3.00
      317    621  6.00
      319     79  2.00
      319     93  5.00
      319    154  6.00
      319    291  2.00
      319    391  6.00
      319    599  3.00
      321     99  1.00
      321    357  6.00
      321    374  4.00
      321    479  1.00
      321    515  1.00
      321    585  1.00
      322     37  1.00
      322    156  4.00
      322    453  2.00
      322    610  1.00
      323     41  3.00
      323    398  6.00
      323    586  6.00
      324    635  3.00
      325     39  3.00
      325    105  6.00
      325    109  5.00
      325    147  2.00
      325    221  2.00
      325    239  1.00
      325    391  2.00
      325    542  4.00
      325    627  1.00
      327    110  2.00
      328    110  3.00
      328    242  2.00
      328    441  3.00
      328    531  2.00
      330    195  1.00
      330    227  1.00
      330    240  1.00
      330    348  1.00
      330    396  1.00
      330    550  1.00
      330    595  1.00
      331     34  1.00
      331    123  1.00
      331    132  4.00
      331    150  1.00
      331    173  6.00
      331    197  5.00
      331    233  1.00
      331    471  2.00
      333     20  1.00
      333     63  2.00
      333     85  6.00
      333    151  4.00
      333    627  2.00
      334     63  4.00
      334    139  4.00
      334    287  6.00
      336     73  3.00
      336    272  3.00
      336    449  3.00
      337     11  3.00
      337    101  4.00
      337    155  2.00
      337    353  4.00
      337    433  6.00
      339    183  4.00
      339    616  6.00
      340      5  1.00
      340     83  1.00
      340    303  6.00
      340    392  2.00
      340    526  2.00
      340    552  6.00
      340    554  1.00
      340    561  2.00
      340    573  2.00
      340    617  2.00
      341     23  1.00
      341     33  1.00
      341     76  1.00
      341     86  4.00
      341    118  3.00
      341    123  3.00
      341    285  3.00
      341    455  1.00
      341    538  3.00
      342     73  2.00
      343    206  1.00
      343    464  3.00
      344    272  3.00
      344    330  3.00
      344    375  5.00
      344    444  3.00
      344    449  6.00
      344    500  3.00
      344    507  3.00
      344    552  3.00
      345     28  6.00
      345    217  6.00
      345    219  4.00
      345    225  6.00
      345    328  6.00
      345    518  6.00
      345    569  6.00
      347     42  2.00
      347    100  1.00
      347    149  2.00
      347    153  2.00
      347    197  2.00
      347    199  1.00
      347    434  3.00
      347    564  3.00
      347    605  1.00
      348    349  3.00
      348    396  1.00
      348    443  4.00
      348    798  5.00
      348    942  4.00
      349    479  6.00
      350    315  4.00
      351    159  3.00
      351    234  4.00
      351    285  3.00
      351    341  2.00
      351    454  1.00
      351    538  5.00
      352    195  6.00
      352    222  2.00
      352    299  1.00
      352    306  3.00
      352    426  1.00
      353     11  5.00
      353    101  5.00
      353    147  2.00
      353    183  5.00
      353    337  5.00
      353    339  6.00
      353    409  2.00
      353    616  3.00
      356     24  4.00
      356     75  1.00
      356    100  2.00
      356    465  1.00
      356    468  1.00
      356    511  1.00
      356    565  1.00
      359     32  1.00
      359     84  4.00
      359    101  2.00
      359    332  1.00
      359    353  3.00
      359    422  5.00
      360     62  1.00
      360    171  6.00
      360    226  2.00
      360    233  1.00
      360    271  2.00
      360    381  6.00
      362     52  2.00
      362     96  1.00
      362    168  1.00
      362    200  6.00
      362    258  3.00
      362    309  2.00
      362    332  1.00
      364    594  4.00
      365    222  2.00
      365    227  1.00
      365    440  1.00
      365    487  1.00
      366     97  1.00
      366    115  1.00
      366    347  1.00
      366    519  2.00
      366    585  2.00
      367     50  1.00
      367     93  1.00
      367    154  1.00
      367    254  1.00
      367    302  1.00
      367    319  1.00
      367    370  4.00
      367    420  1.00
      367    497  1.00
      369     76  3.00
      369     79  4.00
      369     93  1.00
      369     98  4.00
      369    109  4.00
      369    233  2.00
      369    375  3.00
      369    534  6.00
      369    616  1.00
      370    302  4.00
      370    367  5.00
      370    465  4.00
      370    497  2.00
      370    503  3.00
      371     31  2.00
      371    109  1.00
      371    273  3.00
      371    304  2.00
      371    369  1.00
      371    599  2.00
      371    600  2.00
      372    255  2.00
      372    470  1.00
      372    523  2.00
      372    611  3.00
      373    301  6.00
      373    314  6.00
      373    326  4.00
      373    491  5.00
      373    601  6.00
      374    321  5.00
      374    496  4.00
      374    502  2.00
      374    507  2.00
      375     50  2.00
      375    106  2.00
      375    147  1.00
      375    233  1.00
      375    344  1.00
      375    369  5.00
      375    514  3.00
      375    534  6.00
      375    627  2.00
      377    534  2.00
      377    539  3.00
      377    602  3.00
      378      8  6.00
      378    189  6.00
      380    146  2.00
      380    184  6.00
      380    272  5.00
      380    280  2.00
      380    336  2.00
      380    564  2.00
      381    233  4.00
      381    271  6.00
      381    317  3.00
      381    360  6.00
      381    513  2.00
      381    542  2.00
      381    548  2.00
      382    118  5.00
      382    234  4.00
      382    351  3.00
      382    533  3.00
      382    538  3.00
      382    595  2.00
      383    106  4.00
      383    139  1.00
      383    289  5.00
      383    307  5.00
      383    334  1.00
      383    384  3.00
      383    500  4.00
      383    501  3.00
      384    361  5.00
      384    383  3.00
      384    544  6.00
      384    582  2.00
      386    217  1.00
      386    219  2.00
      386    256  4.00
      386    321  1.00
      386    466  1.00
      386    557  4.00
      387     72  2.00
      387    111  5.00
      387    141  2.00
      387    319  1.00
      387    367  2.00
      387    511  2.00
      387    553  4.00
      387    599  1.00
      387    601  2.00
      389     57  2.00
      391     50  4.00
      391     79  5.00
      391     93  3.00
      391    154  1.00
      391    302  2.00
      391    319  6.00
      391    325  3.00
      391    420  3.00
      391    534  2.00
      391    615  2.00
      392     22  6.00
      392     41  3.00
      392     67  4.00
      392    256  6.00
      392    284  6.00
      392    326  5.00
      392    423  3.00
      392    555  3.00
      392    622  3.00
      394    102  2.00
      394    120  3.00
      394    335  3.00
      394    390  2.00
      394    507  3.00
      394    588  1.00
      394    613  3.00
      395     41  3.00
      395    173  2.00
      395    197  3.00
      395    250  2.00
      395    284  3.00
      395    326  2.00
      395    331  3.00
      396    240  1.00
      396    443  2.00
      396    674  1.00
      399    415  1.00
      400    257  6.00
      400    265  4.00
      400    549  3.00
      401     97  1.00
      401    311  1.00
      401    410  4.00
      401    567  6.00
      403     31  3.00
      403     72  3.00
      403    125  1.00
      403    254  1.00
      403    270  5.00
      403    273  5.00
      403    305  4.00
      403    465  2.00
      403    598  1.00
      405    264  4.00
      405    321  1.00
      405    612  1.00
      406     56  1.00
      406    149  3.00
      406    160  1.00
      406    347  2.00
      406    385  2.00
      406    426  3.00
      406    437  3.00
      406    577  4.00
      406    605  1.00
      408     84  6.00
      408    173  1.00
      408    207  3.00
      408    326  1.00
      408    612  2.00
      408    636  2.00
      410    358  2.00
      410    401  5.00
      410    509  4.00
      410    567  4.00
      412    137  1.00
      412    442  1.00
      412    473  1.00
      412    498  5.00
      413      1  6.00
      413      9  3.00
      413     27  3.00
      413    191  6.00
      413    237  2.00
      413    274  5.00
      413    295  2.00
      413    481  4.00
      413    583  2.00
      414     54  4.00
      414    146  1.00
      414    244  2.00
      414    251  3.00
      414    254  1.00
      414    300  2.00
      414    421  2.00
      414    461  1.00
      415     98  2.00
      415    150  3.00
      415    397  3.00
      415    399  4.00
      415    603  6.00
      415    637  4.00
      416     51  4.00
      416    176  3.00
      416    425  3.00
      417     71  6.00
      417    306  2.00
      417    405  1.00
      417    424  1.00
      418    142  2.00
      418    267  3.00
      418    423  2.00
      419    456  1.00
      419    555  2.00
      419    589  2.00
      420     50  3.00
      420     79  1.00
      420     93  3.00
      420    154  2.00
      420    317  2.00
      420    319  2.00
      420    367  3.00
      420    391  3.00
      420    598  3.00
      421     45  5.00
      421     47  6.00
      421    108  2.00
      421    146  2.00
      421    214  2.00
      421    244  3.00
      421    251  2.00
      421    263  2.00
      421    280  3.00
      421    300  2.00
      423     41  1.00
      423     81  2.00
      423     84  1.00
      423    184  2.00
      423    392  2.00
      423    555  2.00
      424     26  5.00
      424     58  4.00
      424    176  6.00
      424    453  4.00
      424    544  4.00
      424    579  6.00
      424    623  4.00
      425    201  2.00
      425    520  6.00
      425    608  5.00
      426     21  6.00
      426    100  1.00
      426    157  1.00
      426    160  2.00
      426    406  1.00
      426    605  1.00
      427    201  2.00
      427    223  2.00
      427    257  1.00
      427    508  1.00
      428    145  3.00
      428    184  5.00
      428    445  5.00
      428    624  1.00
      429    114  2.00
      429    394  4.00
      431    115  3.00
      431    183  1.00
      431    353  3.00
      431    564  1.00
      435    126  3.00
      435    135  5.00
      436    147  4.00
      436    227  4.00
      436    254  3.00
      436    414  4.00
      436    421  1.00
      436    458  3.00
      436    462  4.00
      436    571  2.00
      436    813  3.00
      436    925  5.00
      437     76  1.00
      437    160  5.00
      437    199  1.00
      437    244  1.00
      437    251  1.00
      437    280  1.00
      437    306  1.00
      437    406  1.00
      437    426  2.00
      440    121  1.00
      440    210  2.00
      440    278  1.00
      440    365  1.00
      441    326  3.00
      441    344  3.00
      441    508  2.00
      441    518  2.00
      442     58  1.00
      442    137  3.00
      442    204  1.00
      442    480  2.00
      443     69  1.00
      443    240  6.00
      443    348  3.00
      443    396  3.00
      443    412  5.00
      444    126  5.00
      444    272  2.00
      444    306  3.00
      444    322  2.00
      444    347  1.00
      444    375  3.00
      444    449  1.00
      445    184  5.00
      445    237  1.00
      445    256  2.00
      445    472  4.00
      445    521  2.00
      445    588  1.00
      446    560  1.00
      446    599  2.00
      447      1  2.00
      447    113  1.00
      447    245  2.00
      447    280  1.00
      447    577  2.00
      447    632  1.00
      448    256  3.00
      448    286  1.00
      448    348  1.00
      448    438  2.00
      448    443  1.00
      448    489  5.00
      448    499  4.00
      449    272  5.00
      449    273  3.00
      449    305  2.00
      449    336  3.00
      451    127  3.00
      451    146  4.00
      451    576  3.00
      451    581  3.00
      451    771  6.00
      452     51  1.00
      452    122  1.00
      452    217  1.00
      452    416  1.00
      452    425  1.00
      453     37  2.00
      453    102  3.00
      453    170  1.00
      453    424  4.00
      453    522  1.00
      453    610  2.00
      453    620  5.00
      454    118  2.00
      454    174  2.00
      454    251  2.00
      454    314  2.00
      454    601  2.00
      454    622  2.00
      454    637  2.00
      455     86  2.00
      455    143  3.00
      455    184  2.00
      455    214  2.00
      455    252  4.00
      455    423  1.00
      456     28  1.00
      456     32  1.00
      456     44  5.00
      456    512  6.00
      456    696  1.00
      457    197  1.00
      457    254  1.00
      457    256  1.00
      457    326  1.00
      457    373  2.00
      457    522  2.00
      458     20  3.00
      458    130  2.00
      458    147  3.00
      458    214  3.00
      458    252  3.00
      458    254  6.00
      458    597  1.00
      459    303  1.00
      459    332  3.00
      459    340  1.00
      459    476  4.00
      461    147  6.00
      461    199  2.00
      461    214  2.00
      461    263  1.00
      461    528  3.00
      461    577  3.00
      461    627  1.00
      462    249  3.00
      462    274  5.00
      463    117  6.00
      463    170  1.00
      463    314  2.00
      463    425  1.00
      465     38  2.00
      465     75  6.00
      465    273  5.00
      465    302  5.00
      465    305  2.00
      465    370  4.00
      465    403  1.00
      465    565  5.00
      466    267  6.00
      467    478  3.00
      469    134  1.00
      469    313  2.00
      469    354  2.00
      469    478  4.00
      470    185  1.00
      470    255  3.00
      470    372  1.00
      470    530  5.00
      470    611  1.00
      470    613  1.00
      471     41  2.00
      471     62  3.00
      471    171  3.00
      471    301  2.00
      471    331  2.00
      471    616  2.00
      472      8  3.00
      472    381  3.00
      472    445  5.00
      472    557  3.00
      473     19  4.00
      473     45  3.00
      473    100  2.00
      473    111  4.00
      473    137  3.00
      473    220  2.00
      473    347  1.00
      473    387  2.00
      473    442  1.00
      473    498  1.00
      474     21  3.00
      474    204  6.00
      474    292  3.00
      474    347  3.00
      474    363  1.00
      474    480  2.00
      474    563  6.00
      474    574  1.00
      475     12  1.00
      475     38  6.00
      475    188  1.00
      475    189  1.00
      475    270  3.00
      475    273  3.00
      475    302  2.00
      475    501  3.00
      476     87  1.00
      476    320  1.00
      476    374  2.00
      476    502  6.00
      476    503  1.00
      476    524  1.00
      477    218  3.00
      477    225  3.00
      477    229  1.00
      477    265  2.00
      477    267  3.00
      477    607  1.00
      478      7  2.00
      478    134  2.00
      478    232  1.00
      478    467  3.00
      478    469  3.00
      478    503  1.00
      479    349  5.00
      479    720  6.00
      480     72  5.00
      480    157  6.00
      480    375  2.00
      480    548  3.00
      480    563  2.00
      480    566  3.00
      481     27  6.00
      481    191  4.00
      481    237  3.00
      481    274  1.00
      481    413  4.00
      481    536  1.00
      482    122  1.00
      482    186  3.00
      482    490  1.00
      484    224  2.00
      484    490  5.00
      484    590  3.00
      485     19  1.00
      485     45  3.00
      485     75  5.00
      485    100  2.00
      485    108  3.00
      485    115  3.00
      485    119  1.00
      485    190  2.00
      487     21  1.00
      487    140  2.00
      487    146  4.00
      487    248  1.00
      487    272  2.00
      487    278  1.00
      487    380  2.00
      487    555  6.00
      489    224  2.00
      489    514  2.00
      490    176  2.00
      490    435  6.00
      490    484  5.00
      490    590  3.00
      491     43  6.00
      491    171  6.00
      491    212  6.00
      491    258  6.00
      491    314  6.00
      491    566  6.00
      491    601  6.00
      492     35  2.00
      492    164  4.00
      492    166  1.00
      492    167  4.00
      492    229  4.00
      492    509  3.00
      492    607  3.00
      493    208  5.00
      493    607  4.00
      495      3  4.00
      495     21  2.00
      495     58  2.00
      495    563  1.00
      495    574  2.00
      496     63  1.00
      496    376  4.00
      496    400  3.00
      496    450  1.00
      496    580  5.00
      496    624  5.00
      496    627  1.00
      497    270  1.00
      497    367  2.00
      497    370  6.00
      497    515  1.00
      497    596  2.00
      497    622  3.00
      498    137  1.00
      498    274  1.00
      498    437  1.00
      498    442  2.00
      498    457  1.00
      498    473  1.00
      498    522  1.00
      499    241  2.00
      500    198  4.00
      500    253  3.00
      500    344  1.00
      500    370  1.00
      500    383  4.00
      500    470  1.00
      500    497  1.00
      500    501  1.00
      502    320  2.00
      502    332  2.00
      502    476  6.00
      503      5  4.00
      503     38  1.00
      503    239  3.00
      503    258  3.00
      503    262  2.00
      503    370  3.00
      503    604  2.00
      505      7  3.00
      505    103  2.00
      505    232  1.00
      505    313  2.00
      505    354  1.00
      505    489  3.00
      505    507  1.00
      505    525  1.00
      505    549  1.00
      506     35  3.00
      506     86  2.00
      506    227  3.00
      506    509  2.00
      506    532  2.00
      506    595  3.00
      507    251  5.00
      507    344  3.00
      507    374  3.00
      507    375  2.00
      507    394  3.00
      507    437  3.00
      507    582  2.00
      508    179  1.00
      508    413  1.00
      508    441  2.00
      509    410  3.00
      509    505  1.00
      509    506  2.00
      509    591  2.00
      510    167  4.00
      510    182  4.00
      510    284  1.00
      510    326  1.00
      510    376  2.00
      510    495  1.00
      510    540  5.00
      510    616  1.00
      511    111  6.00
      511    378  4.00
      511    387  2.00
      511    455  2.00
      511    458  2.00
      512     28  1.00
      512     44  3.00
      512     97  2.00
      512    216  5.00
      512    456  5.00
      512    619  3.00
      512    634  1.00
      512    657  2.00
      513      3  3.00
      513     21  5.00
      513    299  3.00
      513    574  5.00
      515    269  5.00
      515    371  2.00
      515    399  2.00
      515    491  2.00
      515    543  2.00
      515    617  2.00
      516    288  6.00
      516    290  6.00
      518     51  2.00
      518    124  3.00
      518    265  4.00
      518    345  3.00
      519     11  3.00
      519     77  2.00
      519    119  2.00
      519    194  3.00
      519    337  1.00
      519    366  3.00
      520     51  1.00
      520    425  3.00
      520    608  4.00
      521    967  6.00
      522    392  1.00
      522    457  1.00
      522    489  1.00
      522    552  2.00
      522    553  1.00
      522    579  4.00
      523    255  4.00
      523    470  1.00
      523    611  4.00
      523    613  2.00
      524    470  3.00
      525    560  1.00
      526     83  4.00
      526    303  4.00
      526    340  4.00
      526    556  3.00
      527    397  2.00
      527    526  4.00
      528     25  1.00
      528     28  3.00
      528    214  5.00
      528    216  1.00
      528    243  4.00
      528    297  1.00
      528    461  6.00
      529    290  6.00
      529    578  6.00
      530     92  5.00
      530    185  1.00
      530    372  1.00
      530    394  2.00
      530    398  1.00
      530    470  5.00
      530    636  1.00
      531     99  3.00
      532    121  1.00
      532    408  1.00
      532    464  2.00
      532    470  3.00
      532    554  1.00
      533     47  3.00
      533     63  3.00
      533    118  3.00
      533    234  3.00
      533    382  3.00
      533    531  5.00
      534     76  1.00
      534    109  6.00
      534    233  1.00
      534    325  3.00
      534    369  5.00
      534    375  5.00
      534    514  3.00
      534    627  3.00
      535     14  2.00
      535     20  3.00
      535     85  2.00
      535    233  4.00
      535    333  2.00
      535    383  2.00
      535    622  2.00
      536     27  2.00
      536     92  2.00
      536    237  4.00
      536    255  2.00
      536    274  1.00
      536    278  1.00
      537      4  1.00
      537    136  2.00
      537    535  2.00
      540    182  5.00
      540    510  5.00
      542     31  3.00
      542     72  3.00
      542     76  3.00
      542    109  2.00
      542    155  3.00
      542    174  4.00
      542    221  6.00
      542    289  5.00
      542    325  3.00
      542    383  2.00
      543    157  2.00
      543    269  6.00
      543    491  1.00
      543    515  4.00
      543    566  2.00
      544    384  6.00
      545    194  4.00
      547    110  2.00
      547    111  2.00
      547    327  2.00
      547    328  1.00
      547    335  4.00
      547    351  2.00
      547    355  2.00
      547    465  2.00
      547    511  2.00
      547    565  2.00
      548     56  4.00
      548     93  2.00
      548    130  6.00
      548    157  6.00
      548    292  3.00
      548    480  3.00
      548    566  4.00
      549    102  1.00
      549    176  2.00
      549    335  1.00
      549    378  3.00
      549    400  4.00
      549    424  2.00
      549    459  1.00
      549    613  1.00
      550     46  1.00
      550    166  2.00
      550    227  2.00
      550    234  2.00
      550    272  1.00
      550    595  1.00
      552    106  4.00
      552    303  5.00
      552    340  5.00
      552    344  2.00
      553    228  2.00
      553    312  1.00
      555    152  4.00
      555    215  1.00
      555    353  1.00
      555    359  3.00
      555    423  1.00
      555    585  1.00
      556    235  3.00
      556    561  6.00
      556    573  5.00
      557      8  4.00
      557    221  3.00
      557    256  4.00
      557    284  2.00
      557    386  4.00
      557    551  2.00
      558    143  3.00
      558    525  1.00
      560    147  4.00
      560    214  3.00
      561    235  3.00
      561    303  2.00
      561    340  2.00
      561    526  3.00
      561    556  6.00
      561    573  6.00
      562    191  2.00
      562    253  4.00
      562    313  1.00
      562    613  2.00
      562    622  2.00
      563     21  6.00
      563    147  4.00
      563    157  4.00
      563    236  3.00
      563    254  4.00
      563    292  5.00
      563    474  3.00
      563    627  3.00
      564     73  2.00
      564    108  3.00
      564    146  2.00
      564    149  3.00
      564    166  2.00
      564    199  2.00
      564    347  2.00
      564    406  3.00
      564    434  4.00
      565     19  2.00
      565     75  4.00
      565    104  3.00
      565    120  1.00
      565    285  2.00
      565    323  1.00
      565    465  3.00
      565    473  3.00
      565    559  2.00
      566    124  4.00
      566    157  6.00
      566    439  4.00
      566    480  6.00
      566    543  6.00
      566    548  6.00
      566    574  6.00
      567     43  2.00
      567     60  1.00
      567    251  5.00
      567    311  3.00
      567    401  6.00
      567    410  5.00
      568    836  5.00
      569    116  2.00
      569    131  2.00
      569    219  1.00
      569    265  3.00
      569    345  4.00
      570    109  2.00
      570    164  3.00
      570    198  4.00
      570    200  3.00
      570    309  6.00
      571     81  4.00
      571    294  5.00
      571    411  5.00
      571    516  2.00
      571    634  3.00
      572     32  1.00
      572     47  2.00
      572    316  1.00
      572    359  1.00
      572    366  2.00
      572    404  2.00
      572    528  2.00
      573      6  1.00
      573    235  6.00
      573    556  6.00
      573    561  6.00
      574      3  3.00
      574     21  6.00
      574     93  1.00
      574    221  2.00
      574    367  3.00
      574    495  2.00
      574    513  4.00
      575    104  1.00
      575    125  6.00
      575    177  5.00
      575    281  6.00
      575    450  6.00
      575    491  1.00
      575    598  1.00
      576     28  3.00
      576    197  2.00
      576    243  3.00
      576    451  3.00
      576    577  3.00
      577     34  2.00
      577     81  4.00
      577    100  1.00
      577    153  2.00
      577    197  5.00
      577    215  4.00
      577    406  5.00
      577    461  4.00
      577    512  3.00
      578     18  5.00
      578    187  3.00
      578    290  4.00
      578    529  6.00
      578    556  1.00
      578    557  1.00
      579      9  3.00
      579    167  2.00
      579    441  1.00
      579    446  4.00
      579    462  4.00
      579    594  4.00
      580     63  6.00
      580     94  6.00
      580    147  1.00
      580    168  2.00
      580    178  3.00
      580    376  6.00
      580    404  2.00
      580    496  3.00
      580    627  1.00
      584    284  5.00
      584    300  1.00
      584    323  6.00
      584    326  6.00
      584    398  4.00
      585     32  2.00
      585    166  3.00
      585    321  2.00
      585    366  1.00
      585    651  2.00
      585    795  4.00
      586      6  6.00
      586    142  2.00
      586    202  2.00
      586    362  1.00
      586    374  6.00
      586    394  2.00
      586    613  2.00
      587    178  3.00
      587    207  5.00
      587    281  2.00
      587    374  1.00
      587    376  2.00
      587    404  3.00
      587    408  1.00
      587    476  3.00
      588    445  2.00
      588    472  2.00
      588    585  6.00
      589    224  2.00
      589    477  6.00
      590     24  3.00
      590    224  3.00
      590    231  3.00
      590    250  2.00
      590    277  3.00
      590    484  3.00
      590    490  3.00
      591    234  1.00
      591    509  2.00
      592     56  5.00
      592    108  4.00
      592    306  5.00
      592    411  2.00
      592    605  5.00
      593     24  2.00
      593     33  2.00
      593    156  2.00
      593    250  2.00
      593    274  2.00
      593    484  2.00
      593    610  2.00
      594     20  2.00
      594    166  2.00
      594    469  3.00
      594    478  2.00
      594    549  2.00
      596    273  4.00
      596    291  2.00
      596    305  2.00
      596    370  4.00
      596    486  5.00
      596    497  1.00
      597     14  6.00
      597     20  3.00
      597     39  1.00
      597     85  1.00
      597    120  1.00
      597    213  1.00
      597    615  2.00
      598    125  4.00
      598    305  1.00
      598    370  2.00
      598    420  4.00
      598    450  3.00
      598    575  4.00
      598    596  2.00
      598    599  1.00
      598    621  1.00
      599     31  5.00
      599     78  3.00
      599    270  5.00
      599    273  5.00
      599    287  2.00
      599    334  3.00
      599    371  3.00
      599    403  2.00
      601     36  6.00
      601    314  6.00
      601    563  5.00
      602    155  2.00
      602    183  1.00
      602    300  2.00
      602    306  1.00
      602    318  2.00
      602    353  1.00
      603    415  3.00
      603    425  6.00
      603    515  6.00
      603    600  1.00
      603    637  6.00
      604     63  2.00
      604    129  6.00
      604    230  2.00
      604    232  2.00
      604    344  2.00
      604    470  2.00
      604    503  2.00
      604    636  6.00
      605     48  1.00
      605     59  6.00
      605     76  3.00
      605    149  1.00
      605    160  1.00
      605    306  1.00
      605    347  1.00
      605    426  1.00
      605    592  3.00
      606    257  3.00
      606    397  2.00
      607    167  4.00
      607    225  2.00
      607    229  4.00
      607    493  3.00
      608    164  3.00
      608    173  2.00
      608    246  6.00
      608    425  6.00
      608    520  6.00
      608    553  3.00
      608    559  5.00
      608    623  3.00
      608    625  5.00
      610     26  4.00
      610    274  3.00
      610    322  2.00
      610    441  4.00
      610    453  2.00
      611    185  6.00
      611    255  4.00
      611    372  6.00
      611    470  1.00
      611    523  6.00
      611    608  1.00
      613    102  3.00
      613    255  3.00
      613    394  1.00
      614     26  1.00
      614    122  3.00
      614    124  1.00
      614    145  1.00
      614    186  1.00
      614    201  2.00
      614    217  1.00
      614    482  1.00
      614    518  1.00
      615     39  4.00
      615     50  3.00
      615     63  2.00
      615     79  3.00
      615    151  4.00
      615    253  4.00
      615    391  2.00
      615    551  3.00
      616    174  4.00
      616    233  2.00
      616    325  1.00
      616    339  5.00
      616    369  1.00
      616    375  1.00
      616    381  3.00
      616    542  2.00
      618     11  6.00
      618     18  6.00
      618     29  4.00
      618    212  4.00
      618    301  4.00
      618    304  6.00
      618    314  5.00
      618    337  3.00
      618    339  6.00
      618    637  2.00
      620     37  4.00
      620    102  3.00
      620    167  3.00
      620    234  5.00
      620    453  5.00
      620    533  2.00
      621     72  2.00
      621    174  4.00
      621    254  4.00
      621    289  3.00
      621    317  4.00
      621    381  2.00
      621    420  2.00
      621    542  5.00
      621    574  3.00
      624      8  2.00
      624     15  1.00
      624    126  2.00
      624    298  2.00
      624    496  6.00
      624    580  4.00
      624    627  2.00
      625    397  6.00
      626    239  4.00
      626    258  6.00
      626    262  5.00
      626    281  6.00
      626    575  4.00
      627     15  2.00
      627     39  2.00
      627    105  2.00
      627    147  6.00
      627    318  1.00
      627    325  2.00
      627    333  2.00
      627    496  1.00
      627    542  2.00
      628    164  1.00
      628    193  1.00
      628    201  3.00
      628    257  2.00
      628    323  1.00
      628    397  6.00
      628    625  5.00
      634    166  3.00
      634    214  2.00
      634    263  4.00
      634    297  1.00
      634    423  2.00
      634    461  4.00
      635    324  4.00
      636     63  2.00
      636    232  1.00
      636    408  2.00
      636    433  2.00
      636    604  5.00
      637     78  4.00
      637    301  6.00
      637    314  2.00
      637    373  1.00
      639    649  6.00
      639    655  4.00
      639    663  2.00
      639    696  4.00
      639    742  3.00
      639    840  2.00
      639    933  5.00
      639    959  3.00
      640    704  1.00
      640    748  1.00
      640    769  1.00
      640    871  3.00
      640    885  1.00
      641    550  4.00
      641    688  2.00
      641    764  1.00
      641    826  1.00
      641    892  5.00
      642    644  3.00
      642    698  2.00
      642    790  3.00
      642    794  4.00
      642    913  2.00
      642    985  2.00
      644    642  2.00
      644    654  2.00
      644    790  6.00
      644    913  2.00
      646    741  1.00
      646    768  1.00
      646    782  3.00
      646    814  1.00
      646    905  4.00
      646    954  1.00
      646    969  2.00
      647     34  6.00
      647    165  6.00
      647    881  5.00
      647    969  4.00
      647   1000  6.00
      648    672  2.00
      648    935  3.00
      648    939  3.00
      648    996  3.00
      650    718  1.00
      650    778  1.00
      650    925  1.00
      650   1007  1.00
      651    718  1.00
      651    733  1.00
      651    745  1.00
      651    771  1.00
      651    897  1.00
      653    662  1.00
      655    639  2.00
      655    742  4.00
      655    836  3.00
      655    997  1.00
      656    989  2.00
      657    702  2.00
      657    818  2.00
      658    688  1.00
      658    882  3.00
      658    895  6.00
      659    668  4.00
      659    696  1.00
      659    712  3.00
      659    850  2.00
      659    874  2.00
      660    753  1.00
      660    835  1.00
      660    909  1.00
      662    653  4.00
      662    669  3.00
      662    705  5.00
      662    806  1.00
      664    776  1.00
      664    823  2.00
      664    903  4.00
      665    691  2.00
      665    706  2.00
      665    873  2.00
      665   1002  2.00
      666    812  3.00
      666   1007  2.00
      667     24  6.00
      667    240  6.00
      667    752  3.00
      667    874  6.00
      668    456  4.00
      668    659  4.00
      668    696  1.00
      668    850  2.00
      668    924  1.00
      668    991  1.00
      669    785  1.00
      669    842  1.00
      669    979  1.00
      670    804  1.00
      670    814  2.00
      670    828  4.00
      670    881  2.00
      670    958  2.00
      671    730  2.00
      671    840  4.00
      671    849  5.00
      671    997  4.00
      672    654  1.00
      672    733  1.00
      672    745  1.00
      672    771  1.00
      672    779  2.00
      672    791  1.00
      672    872  1.00
      672    979  1.00
      674     23  2.00
      674    348  2.00
      674    443  1.00
      674    764  3.00
      674    798  2.00
      674    942  2.00
      675    645  1.00
      675    678  1.00
      675    703  1.00
      676    748  1.00
      676    830  2.00
      676    885  1.00
      676    986  3.00
      677    641  2.00
      677    826  2.00
      677    891  2.00
      678    740  1.00
      679    709  2.00
      679    985  2.00
      680    912  2.00
      681    718  1.00
      681    814  2.00
      681    824  1.00
      681    828  2.00
      682    456  2.00
      682    639  5.00
      682    649  4.00
      682    696  3.00
      682    712  1.00
      682    789  3.00
      682    791  4.00
      682    869  2.00
      683    659  1.00
      683    668  1.00
      683    840  1.00
      683    869  1.00
      683    924  1.00
      684    785  3.00
      684    807  2.00
      684    877  5.00
      685    764  1.00
      685    944  1.00
      686    776  1.00
      687    728  3.00
      687    799  1.00
      687    931  5.00
      687    971  1.00
      688    665  2.00
      688    826  2.00
      688    882  3.00
      688    993  3.00
      689    927  5.00
      690    733  1.00
      690    741  3.00
      690    771  1.00
      690    782  2.00
      690    828  2.00
      690    954  4.00
      690    966  2.00
      690    977  4.00
      691    665  3.00
      691    840  3.00
      691    873  4.00
      691    964  5.00
      691    972  6.00
      691   1002  5.00
      692    646  2.00
      692    690  4.00
      692    834  5.00
      692    940  2.00
      693    644  2.00
      693    714  2.00
      693    790  2.00
      693    913  2.00
      694    718  1.00
      694    727  2.00
      694    753  1.00
      694    784  1.00
      694    954  1.00
      694    969  1.00
      694   1004  4.00
      695    687  6.00
      695    728  2.00
      695    736  3.00
      695    883  2.00
      695    901  2.00
      695    931  3.00
      696    456  5.00
      696    512  4.00
      696    668  2.00
      696    752  4.00
      696    850  6.00
      696    933  3.00
      696    991  6.00
      697    716  1.00
      698    746  3.00
      698    861  3.00
      698    896  1.00
      699    678  3.00
      699    697  1.00
      699    722  4.00
      699    760  3.00
      699    777  2.00
      699    792  6.00
      699    917  4.00
      700    674  3.00
      700    995  3.00
      700   1002  1.00
      701    803  1.00
      701   1007  2.00
      702    762  2.00
      702    786  1.00
      702    820  3.00
      702    914  1.00
      704    769  3.00
      704    830  1.00
      704    871  1.00
      704    986  1.00
      706    665  2.00
      706    873  2.00
      706   1002  2.00
      707    236  3.00
      707    683  1.00
      707    863  2.00
      707    868  1.00
      707    901  3.00
      708    670  1.00
      709    679  4.00
      709    684  1.00
      709    697  2.00
      709    716  1.00
      709    740  1.00
      709    867  1.00
      709    896  2.00
      709   1006  1.00
      710    765  2.00
      710    810  2.00
      710    874  2.00
      710    917  2.00
      710    957  5.00
      710    975  2.00
      710   1002  2.00
      711    708  4.00
      711    845  2.00
      711    884  2.00
      711    969  3.00
      711    970  3.00
      711    989  5.00
      712     44  3.00
      712    752  4.00
      712    911  3.00
      713    747  1.00
      714    693  2.00
      715    668  1.00
      715    961  2.00
      716    684  1.00
      716    697  4.00
      716    740  1.00
      716    907  1.00
      717    807  1.00
      717    907  1.00
      718    694  1.00
      718    727  4.00
      718    897  1.00
      718   1004  5.00
      720    655  1.00
      720    671  1.00
      720    767  1.00
      720    797  1.00
      720    822  1.00
      720    923  1.00
      721    840  1.00
      721    955  1.00
      722    640  1.00
      722    678  4.00
      722    699  3.00
      722    810  1.00
      722    917  1.00
      723    681  1.00
      723    745  1.00
      723    768  1.00
      723    796  1.00
      723    940  3.00
      723    970  1.00
      723    983  1.00
      725    783  2.00
      726    731  3.00
      726    963  2.00
      727    647  2.00
      727    718  1.00
      727    818  5.00
      727    969  1.00
      727    992  3.00
      727   1004  4.00
      728    687  3.00
      728    695  1.00
      728    868  1.00
      728    931  2.00
      728    936  1.00
      728    943  1.00
      729    654  1.00
      729    724  1.00
      729    886  1.00
      729    909  1.00
      730    893  4.00
      730    920  4.00
      730    959  4.00
      731    726  3.00
      731    739  3.00
      731    759  1.00
      731    952  2.00
      731    963  3.00
      733    645  1.00
      733    690  1.00
      733    768  1.00
      733    771  5.00
      733    795  3.00
      733    813  6.00
      733    970  2.00
      733    979  3.00
      734    790  1.00
      734    820  1.00
      734    835  3.00
      734    962  1.00
      735    814  3.00
      735    824  2.00
      735    832  1.00
      735    840  2.00
      735    954  2.00
      735    969  2.00
      735    977  3.00
      736    393  5.00
      736    695  5.00
      736    931  5.00
      736    976  1.00
      739    259  2.00
      739    731  3.00
      739    936  2.00
      739    964  2.00
      739    977  2.00
      740    647  1.00
      740    698  1.00
      740    708  2.00
      740    716  1.00
      740    922  1.00
      740   1000  1.00
      742    663  2.00
      742    730  2.00
      742    836  4.00
      742    840  2.00
      742    920  2.00
      742    997  1.00
      743    189  5.00
      743    193  5.00
      743    446  3.00
      743    867  5.00
      744    741  2.00
      744    954  5.00
      744    988  3.00
      745    718  3.00
      745    782  5.00
      745    905  5.00
      745    966  5.00
      745    983  2.00
      746    323  2.00
      746    698  2.00
      746    842  2.00
      746    989  2.00
      747    890  1.00
      747    983  1.00
      748    583  5.00
      748    757  4.00
      748    868  5.00
      748    885  2.00
      749    754  2.00
      749    756  1.00
      749    883  1.00
      749    929  1.00
      749    930  1.00
      749    935  1.00
      749    938  2.00
      751    348  1.00
      751    674  1.00
      751    725  1.00
      751    798  1.00
      751    843  1.00
      751    942  1.00
      752     44  5.00
      752    216  6.00
      752    667  3.00
      752    696  2.00
      752    850  2.00
      752    911  5.00
      752    991  2.00
      753    842  6.00
      757    229  1.00
      757    765  2.00
      757    767  2.00
      757    897  4.00
      757    999  2.00
      758    663  3.00
      758    691  5.00
      758    840  1.00
      758    997  4.00
      760    792  1.00
      760    856  1.00
      761    693  4.00
      761    851  3.00
      762     60  5.00
      762    952  4.00
      763    741  2.00
      763    753  1.00
      763    842  2.00
      763    877  3.00
      763    915  1.00
      763    956  2.00
      764    674  3.00
      764    710  1.00
      764    850  2.00
      764    874  1.00
      764    882  2.00
      764    944  2.00
      764    957  1.00
      764    975  1.00
      765    725  3.00
      765    901  5.00
      766    730  2.00
      766    833  3.00
      766    893  2.00
      766    923  4.00
      766    924  1.00
      767    810  5.00
      767    826  2.00
      767    847  1.00
      767    857  5.00
      767    899  2.00
      767    917  3.00
      767    924  2.00
      767    947  3.00
      768    645  2.00
      768    689  1.00
      768    784  1.00
      768    801  1.00
      768    897  1.00
      768    983  2.00
      768    992  1.00
      769    704  5.00
      769    766  2.00
      769    871  3.00
      769    929  1.00
      769    930  1.00
      769    986  2.00
      770    656  2.00
      770    734  2.00
      770    820  2.00
      771    451  5.00
      771    657  5.00
      771    689  3.00
      771    733  3.00
      771    795  3.00
      771    813  4.00
      771    927  3.00
      772    908  6.00
      773    746  1.00
      773    864  1.00
      774    740  1.00
      774    741  1.00
      774    784  1.00
      774    956  3.00
      775    924  2.00
      775    960  2.00
      777    699  1.00
      777    810  1.00
      777    917  1.00
      777    995  1.00
      778    689  1.00
      778    768  1.00
      778    782  1.00
      778    784  1.00
      778    814  2.00
      778    905  1.00
      778    974  4.00
      779    672  2.00
      779    787  2.00
      779    884  3.00
      779    900  3.00
      779    925  2.00
      780    697  1.00
      780    811  2.00
      780    815  2.00
      780    834  3.00
      780    851  3.00
      780    912  2.00
      780    946  3.00
      781    742  1.00
      781    836  3.00
      781    975  1.00
      782    646  5.00
      782    718  6.00
      782    784  2.00
      782    814  4.00
      782    870  2.00
      782    905  6.00
      782    981  2.00
      783    789  4.00
      783    793  3.00
      783    800  1.00
      783    976  5.00
      784    109  4.00
      784    879  2.00
      784    893  2.00
      784    969  3.00
      784    977  6.00
      784    992  1.00
      785    684  3.00
      785    877  4.00
      785    969  1.00
      786    820  2.00
      786    884  1.00
      786    937  4.00
      787    661  2.00
      787    672  2.00
      787    779  2.00
      787    884  4.00
      787   1006  5.00
      789    712  2.00
      789    793  2.00
      789    976  2.00
      789    999  2.00
      790    644  6.00
      790    693  2.00
      790    913  3.00
      790    929  3.00
      791    732  4.00
      791    773  3.00
      791    815  3.00
      791    919  3.00
      792    678  2.00
      792    760  4.00
      792    856  2.00
      792    945  2.00
      793    800  2.00
      794    642  5.00
      794    654  1.00
      794    790  2.00
      794    832  1.00
      794    932  1.00
      794    951  1.00
      794    962  1.00
      794    977  1.00
      794    981  2.00
      795    651  2.00
      795    657  1.00
      795    689  1.00
      795    723  2.00
      795    733  3.00
      795    771  3.00
      795    979  3.00
      796    723  1.00
      796    745  1.00
      796    905  1.00
      796    983  1.00
      798    164  3.00
      798    674  1.00
      798    826  1.00
      798    833  1.00
      798    899  1.00
      798    942  4.00
      798    947  1.00
      798   1006  1.00
      800    668  1.00
      800    789  1.00
      800    793  2.00
      800    856  2.00
      800    924  1.00
      801    645  3.00
      801    689  1.00
      801    718  1.00
      801    784  1.00
      801    897  3.00
      801    954  1.00
      801   1004  1.00
      803    555  2.00
      803    861  1.00
      803    865  6.00
      803    919  1.00
      804    689  2.00
      804    771  4.00
      804    865  1.00
      804    870  4.00
      805    717  1.00
      805    818  1.00
      805    867  3.00
      805    872  1.00
      806    705  2.00
      806    853  2.00
      806    914  1.00
      807    684  4.00
      807    717  3.00
      807    912  4.00
      808    765  3.00
      808    850  1.00
      809    737  1.00
      809    823  1.00
      809    903  5.00
      809    980  2.00
      810    710  1.00
      810    767  6.00
      810    899  1.00
      810    917  6.00
      810    924  3.00
      810    947  4.00
      810    957  1.00
      810    975  2.00
      812    666  2.00
      812    939  2.00
      813    675  4.00
      813    689  6.00
      813    733  6.00
      813    771  6.00
      813    828  5.00
      813    992  3.00
      814    778  3.00
      814    782  3.00
      814    824  3.00
      814    828  3.00
      814    904  6.00
      814    940  4.00
      814    969  1.00
      814    977  2.00
      814    981  2.00
      815    672  3.00
      815    732  1.00
      815    780  2.00
      815    791  3.00
      815    919  4.00
      815   1006  3.00
      817    691  3.00
      817    756  1.00
      817    874  1.00
      817    935  1.00
      818    657  3.00
      818    703  4.00
      818    727  4.00
      818    760  5.00
      818    856  1.00
      818    872  2.00
      818    918  1.00
      818    992  3.00
      820    769  3.00
      820    786  2.00
      820    853  2.00
      820    962  2.00
      821    671  2.00
      821    730  4.00
      821    840  3.00
      821    849  3.00
      821    893  3.00
      821    920  4.00
      821    959  4.00
      823    306  1.00
      823    577  1.00
      823    592  1.00
      823    605  1.00
      823    838  4.00
      823    903  5.00
      823    980  3.00
      824    681  3.00
      824    745  5.00
      824    904  4.00
      824    940  5.00
      824    964  2.00
      824    977  2.00
      825    249  2.00
      825    879  1.00
      826    265  2.00
      826    677  3.00
      826    688  1.00
      826    767  3.00
      826    857  1.00
      826    891  5.00
      826    899  3.00
      826    942  1.00
      827    929  6.00
      827    930  6.00
      827    932  1.00
      828    681  2.00
      828    741  6.00
      828    804  4.00
      828    814  4.00
      828    870  1.00
      828    881  1.00
      828    904  2.00
      828    925  5.00
      828    954  1.00
      829    811  3.00
      830    986  3.00
      831    742  4.00
      831    903  1.00
      832    642  1.00
      832    654  1.00
      832    794  1.00
      832    811  1.00
      832    827  1.00
      832    905  1.00
      832    951  1.00
      832    962  3.00
      832    983  2.00
      833    671  3.00
      833    730  3.00
      833    766  3.00
      833    840  3.00
      833    849  4.00
      833    858  1.00
      833    893  2.00
      833    923  3.00
      833    997  3.00
      834    692  4.00
      836    329  4.00
      836    568  5.00
      836    570  3.00
      836    781  6.00
      837    646  3.00
      837    884  3.00
      837    890  4.00
      837    946  3.00
      837   1007  2.00
      838    730  2.00
      838    766  3.00
      838    833  3.00
      838    840  1.00
      838    977  3.00
      839    901  2.00
      839   1002  1.00
      840    671  5.00
      840    730  1.00
      840    836  6.00
      840    849  5.00
      840    920  4.00
      840    959  3.00
      840    997  3.00
      842    669  2.00
      842    672  2.00
      842    753  2.00
      843    683  1.00
      843    847  1.00
      844    970  3.00
      845    668  1.00
      845    727  2.00
      845    762  3.00
      845    794  2.00
      845    890  1.00
      845    969  1.00
      845    990  3.00
      846    323  2.00
      846    506  1.00
      846    913  1.00
      848    682  1.00
      848    895  2.00
      848    910  1.00
      848    944  3.00
      849    671  6.00
      849    730  1.00
      849    833  2.00
      849    836  2.00
      849    840  4.00
      849    893  1.00
      849    920  1.00
      849    997  1.00
      850     44  3.00
      850    115  4.00
      850    456  5.00
      850    512  3.00
      850    696  6.00
      850    752  5.00
      850    911  2.00
      850    916  3.00
      850    991  6.00
      851    697  3.00
      851    716  3.00
      851    780  3.00
      851    881  2.00
      852    759  3.00
      852    965  2.00
      853    820  2.00
      854    819  1.00
      854    996  1.00
      855    657  3.00
      855    819  3.00
      855    996  3.00
      856    678  1.00
      856    760  3.00
      856    792  1.00
      859    329  4.00
      859    568  3.00
      859    570  3.00
      859    781  5.00
      859    836  4.00
      861    689  3.00
      861    698  5.00
      861    803  4.00
      861    804  1.00
      861    932  4.00
      861    945  1.00
      861    992  3.00
      863    707  3.00
      863    888  4.00
      864    705  2.00
      864    773  2.00
      865    803  4.00
      865    804  1.00
      866    828  1.00
      868    748  1.00
      868    901  3.00
      869    781  4.00
      869    836  4.00
      870    741  5.00
      870    905  1.00
      870    925  1.00
      870    940  1.00
      870    954  1.00
      870    958  3.00
      872    657  1.00
      872    818  1.00
      873    706  2.00
      873   1002  5.00
      875    697  5.00
      875    716  4.00
      876    958  2.00
      877    684  5.00
      877    785  4.00
      879    969  2.00
      880    186  3.00
      880    688  1.00
      880    798  1.00
      880    942  1.00
      881    647  5.00
      881    670  4.00
      881    778  2.00
      881    782  3.00
      881    851  2.00
      881    974  2.00
      881   1000  4.00
      882    658  3.00
      882    688  2.00
      882    710  1.00
      882    756  2.00
      882    826  1.00
      882    895  2.00
      882    930  1.00
      882    935  4.00
      882    938  1.00
      882    968  3.00
      883    147  1.00
      883    461  4.00
      883    689  1.00
      883    811  5.00
      883    881  3.00
      883    904  6.00
      883    989  6.00
      884    786  4.00
      884    787  2.00
      884    837  2.00
      884    900  4.00
      884   1006  3.00
      885    707  1.00
      885    748  2.00
      885    776  1.00
      885    868  1.00
      886    797  1.00
      887    664  1.00
      887    674  3.00
      887    764  1.00
      887    776  2.00
      887    798  1.00
      887    849  1.00
      887    995  3.00
      888    671  2.00
      888    823  6.00
      888    831  2.00
      888    840  1.00
      888    874  2.00
      888    883  2.00
      888    997  1.00
      889    777  1.00
      890    656  1.00
      890    698  4.00
      890    711  1.00
      890    837  1.00
      890    946  1.00
      891    826  6.00
      891    899  2.00
      891    980  1.00
      891    995  1.00
      892    973  1.00
      893    671  2.00
      893    730  3.00
      893    821  2.00
      893    840  2.00
      893    849  2.00
      893    920  3.00
      894    802  4.00
      894    806  2.00
      894    829  2.00
      894    990  3.00
      895    658  6.00
      895    688  1.00
      895    848  3.00
      895    882  2.00
      896    698  2.00
      896    709  1.00
      896    867  1.00
      896    945  2.00
      896   1006  1.00
      897    654  1.00
      897    718  2.00
      897    757  2.00
      897    768  1.00
      897    794  1.00
      897    801  3.00
      897    945  1.00
      897    951  1.00
      897   1004  1.00
      898    982  2.00
      899    664  3.00
      899    814  2.00
      899    826  3.00
      899    847  2.00
      899    857  2.00
      899    891  2.00
      899    904  5.00
      899    947  3.00
      900    672  1.00
      900    779  2.00
      900    787  2.00
      900   1006  3.00
      901    707  2.00
      901    839  2.00
      901    868  3.00
      901    888  3.00
      902    669  2.00
      902    753  2.00
      902    841  2.00
      903    664  2.00
      903    710  1.00
      903    809  6.00
      903    823  1.00
      903    831  1.00
      903    980  1.00
      904    689  3.00
      904    782  3.00
      904    814  6.00
      904    824  5.00
      904    828  2.00
      904    940  3.00
      904    969  1.00
      904    977  2.00
      905    263  3.00
      905    646  4.00
      905    718  3.00
      905    745  4.00
      905    768  1.00
      905    782  4.00
      905    784  1.00
      905    870  1.00
      908    772  1.00
      910    848  3.00
      911     44  1.00
      911    667  1.00
      911    752  1.00
      911    850  1.00
      911    874  1.00
      911    880  1.00
      912    807  2.00
      912    824  1.00
      913    642  2.00
      913    644  3.00
      913    790  3.00
      913    846  2.00
      914    702  2.00
      914    746  2.00
      914    802  2.00
      914    900  2.00
      916    696  4.00
      916    850  5.00
      916    924  4.00
      917    629  2.00
      917    767  4.00
      917    777  2.00
      917    781  1.00
      917    810  4.00
      917    899  3.00
      917    924  2.00
      917    947  4.00
      918    657  1.00
      918    719  1.00
      918    818  1.00
      920    663  4.00
      920    730  4.00
      920    742  3.00
      920    836  2.00
      920    840  4.00
      920    849  3.00
      920    893  5.00
      920    959  4.00
      920    997  5.00
      922    641  3.00
      922    684  3.00
      922    936  3.00
      922    996  5.00
      923    730  2.00
      923    766  4.00
      924    659  1.00
      924    668  1.00
      924    712  1.00
      924    752  2.00
      924    766  1.00
      924    975  1.00
      925    436  3.00
      925    462  4.00
      925    654  4.00
      925    733  1.00
      925    745  1.00
      925    828  3.00
      925    884  2.00
      925    900  1.00
      925    919  3.00
      926    659  5.00
      926    903  6.00
      926    971  3.00
      927    771  1.00
      927    964  6.00
      928    730  5.00
      928    821  6.00
      928    840  2.00
      928    920  6.00
      928    959  4.00
      929    749  1.00
      929    759  1.00
      929    874  2.00
      929    883  1.00
      929    920  1.00
      929    930  6.00
      929    938  4.00
      929    955  1.00
      930    929  5.00
      930    938  3.00
      930    955  2.00
      931    687  3.00
      931    695  2.00
      932    644  1.00
      932    832  2.00
      932    861  4.00
      932    962  4.00
      934    735  3.00
      935    685  2.00
      935    691  3.00
      935    721  6.00
      935    739  3.00
      935    817  1.00
      935    840  2.00
      935    938  3.00
      935    968  6.00
      936    739  3.00
      936    814  4.00
      936    867  2.00
      936    904  3.00
      936    905  4.00
      936    925  4.00
      936    964  5.00
      937    826  2.00
      937    881  3.00
      937    940  2.00
      937    969  1.00
      937    977  1.00
      938    710  1.00
      938    891  4.00
      938    930  4.00
      939    648  2.00
      939    666  1.00
      939    812  5.00
      940    692  1.00
      940    814  1.00
      940    824  3.00
      940    937  1.00
      940    969  2.00
      940    977  1.00
      940    981  2.00
      941    760  5.00
      941    805  1.00
      941    988  2.00
      942    674  4.00
      942    765  2.00
      942    798  5.00
      942    826  2.00
      942    947  2.00
      943    641  2.00
      943    728  2.00
      943    817  2.00
      943    826  1.00
      944    641  2.00
      944    685  3.00
      944    764  2.00
      944    848  3.00
      945    718  2.00
      945    792  6.00
      945    818  1.00
      945    897  2.00
      945    951  1.00
      945    969  1.00
      946    646  1.00
      946    727  1.00
      946    784  3.00
      946    954  3.00
      946    969  3.00
      946    981  3.00
      946   1004  1.00
      947    764  1.00
      947    767  6.00
      947    826  1.00
      947    857  4.00
      947    899  4.00
      947    917  2.00
      947    944  1.00
      949    681  1.00
      949    734  1.00
      949    861  1.00
      952    656  1.00
      952    762  3.00
      952    868  2.00
      954    646  2.00
      954    694  2.00
      954    741  4.00
      954    744  3.00
      954    801  2.00
      954    824  3.00
      954    981  2.00
      956    741  1.00
      956    774  1.00
      956    915  1.00
      956    954  1.00
      957    710  5.00
      957    764  1.00
      957    920  1.00
      957    933  1.00
      957    959  1.00
      957    975  1.00
      957    986  1.00
      957    997  1.00
      958    670  3.00
      958    870  3.00
      958    876  1.00
      958    925  1.00
      958   1007  1.00
      959    663  3.00
      959    730  4.00
      959    821  6.00
      959    840  1.00
      959    893  5.00
      959    920  5.00
      959    924  1.00
      961    715  1.00
      962    642  1.00
      962    654  1.00
      962    790  2.00
      962    794  1.00
      962    832  4.00
      962    932  5.00
      962    951  1.00
      963    726  2.00
      963    731  2.00
      964    688  1.00
      964    691  4.00
      964    739  5.00
      964    814  2.00
      964    912  3.00
      964    928  2.00
      964    936  4.00
      964    977  4.00
      965    668  1.00
      965    759  2.00
      965    852  2.00
      965    930  1.00
      966    646  4.00
      966    718  3.00
      966    745  2.00
      966    782  3.00
      966    835  6.00
      967    849  3.00
      967    850  1.00
      967    920  1.00
      968    721  6.00
      968    756  6.00
      968    935  5.00
      968    938  2.00
      969    730  1.00
      969    784  4.00
      969    893  1.00
      969    977  5.00
      970    844  4.00
      970    940  1.00
      972    691  4.00
      972    758  2.00
      973    787  2.00
      973    907  2.00
      974    778  6.00
      974    881  4.00
      974    964  3.00
      974   1000  2.00
      975    668  3.00
      975    840  4.00
      975    850  3.00
      975    924  4.00
      975    976  3.00
      976    712  2.00
      976    789  4.00
      976    793  3.00
      976    999  6.00
      977    730  6.00
      977    784  5.00
      977    920  6.00
      977    969  6.00
      977    981  5.00
      978    730  3.00
      978    836  3.00
      978    838  1.00
      978    840  2.00
      978    955  6.00
      978    959  2.00
      979    657  1.00
      979    669  2.00
      979    672  1.00
      979    733  2.00
      979    768  2.00
      979    771  1.00
      979    795  1.00
      979    970  1.00
      980    710  2.00
      980    809  3.00
      980    823  5.00
      980    833  1.00
      980    883  1.00
      980    903  2.00
      980    923  1.00
      981    784  4.00
      981    814  1.00
      981    893  1.00
      981    969  4.00
      981    977  3.00
      982    898  1.00
      983    187  5.00
      983    735  2.00
      983    796  3.00
      983    832  3.00
      983    905  3.00
      983    969  2.00
      983    977  2.00
      984    645  2.00
      984    646  5.00
      984    708  2.00
      984    790  6.00
      984    802  2.00
      984    813  4.00
      984    851  2.00
      984    969  2.00
      984    990  3.00
      985    679  2.00
      986    676  4.00
      986    704  2.00
      986    769  2.00
      986    830  4.00
      987    770  1.00
      987    773  1.00
      988    669  1.00
      988    744  2.00
      988    820  1.00
      988    867  2.00
      989    746  3.00
      989    890  1.00
      990     20  6.00
      990    529  6.00
      990    716  6.00
      990    970  6.00
      991    216  6.00
      991    456  3.00
      991    512  3.00
      991    668  3.00
      991    696  6.00
      991    752  5.00
      991    850  6.00
      991    874  2.00
      991    916  3.00
      991    933  4.00
      993    688  3.00
      995    481  1.00
      995    777  1.00
      996    879  1.00
      996    922  2.00
      997    663  2.00
      997    671  3.00
      997    730  6.00
      997    840  4.00
      997    849  3.00
      997    893  4.00
      997    920  4.00
      999    555  2.00
      999    712  1.00
      999    789  3.00
      999    793  2.00
      999    873  2.00
      999    924  1.00
      999    976  5.00
     1000    647  5.00
     1000    801  3.00
     1000    881  2.00
     1000    970  1.00
     1000    974  1.00
     1000    981  2.00
     1002    663  2.00
     1002    691  6.00
     1002    706  3.00
     1002    839  2.00
     1002    840  2.00
     1002    873  6.00
     1003    685  3.00
     1003    889  2.00
     1004    718  2.00
     1004    727  5.00
     1004    784  1.00
     1004    801  1.00
     1004    992  2.00
     1006    661  2.00
     1006    670  2.00
     1006    672  2.00
     1006    787  2.00
     1006    815  2.00
     1006    884  2.00
     1006    900  2.00
     1006    958  2.00
     1007    646  2.00
     1007    654  1.00
     1007    666  2.00
     1007    701  3.00
     1007    727  1.00
     1007    768  3.00
     1007    925  1.00
     1007    958  1.00