DL
N=563
FORMAT=EDGELIST1
DATA:
        1    148  2.00
        1    157  4.00
        1    236  2.00
        1    505  1.00
        1    506  1.00
        1    526  1.00
        3     36  1.00
        3    121  1.00
        3    154  1.00
        3    325  1.00
        3    326  1.00
        3    423  4.00
        3    431  4.00
        4     38  2.00
        4     70  1.00
        4     86  3.00
        4    274  1.00
        4    387  1.00
        4    396  6.00
        4    492  6.00
        5    153  4.00
        5    199  3.00
        5    300  6.00
        5    336  1.00
        5    408  1.00
        5    556  1.00
        6    551  6.00
        7     39  2.00
        7     60  1.00
        7    201  1.00
        7    269  1.00
        7    300  2.00
        9    108  1.00
        9    168  1.00
        9    198  1.00
        9    205  1.00
        9    245  4.00
        9    338  1.00
        9    391  1.00
        9    464  1.00
        9    498  2.00
        9    516  2.00
       10     15  1.00
       10    173  2.00
       10    226  2.00
       10    261  1.00
       10    267  2.00
       10    368  1.00
       10    517  2.00
       10    547  1.00
       10    551  1.00
       11     44  1.00
       11     59  2.00
       11    159  2.00
       11    211  1.00
       11    279  1.00
       11    470  1.00
       11    505  3.00
       11    506  3.00
       13     32  3.00
       13     50  3.00
       13    156  5.00
       13    324  6.00
       13    337  4.00
       13    339  4.00
       13    488  6.00
       14    191  4.00
       14    413  5.00
       15    144  3.00
       15    535  3.00
       15    560  3.00
       18    116  4.00
       18    347  6.00
       18    434  6.00
       19    202  6.00
       20     31  1.00
       20    107  2.00
       20    208  2.00
       20    292  2.00
       20    309  2.00
       20    337  1.00
       20    348  2.00
       20    404  2.00
       20    502  3.00
       21     25  2.00
       21    135  2.00
       21    228  1.00
       21    308  3.00
       22    155  4.00
       23    133  1.00
       23    230  2.00
       23    250  3.00
       23    540  1.00
       24    137  4.00
       24    287  4.00
       24    498  6.00
       25     21  1.00
       25    145  2.00
       25    168  1.00
       25    287  3.00
       25    511  1.00
       26     99  1.00
       26    125  1.00
       26    149  1.00
       26    494  1.00
       27    107  2.00
       27    160  2.00
       27    235  2.00
       27    332  1.00
       27    338  1.00
       27    485  1.00
       27    489  1.00
       27    541  5.00
       27    543  1.00
       28     84  3.00
       28    140  3.00
       28    460  1.00
       29     38  1.00
       29    179  2.00
       29    225  3.00
       29    267  2.00
       29    386  2.00
       29    387  2.00
       29    461  3.00
       29    469  3.00
       29    517  2.00
       31    169  2.00
       31    325  3.00
       31    446  1.00
       31    518  1.00
       31    538  3.00
       32     13  4.00
       32     58  3.00
       32    142  5.00
       32    160  3.00
       32    292  3.00
       32    302  4.00
       32    322  1.00
       32    332  5.00
       32    562  6.00
       33     22  1.00
       33    132  6.00
       33    320  5.00
       33    330  2.00
       33    480  1.00
       33    486  2.00
       34    401  2.00
       34    512  4.00
       35    133  1.00
       35    237  3.00
       35    250  3.00
       35    268  5.00
       35    362  3.00
       35    370  2.00
       35    540  5.00
       36     37  1.00
       36    169  1.00
       36    259  1.00
       36    272  4.00
       36    423  1.00
       37     63  1.00
       37     73  1.00
       37    154  3.00
       37    166  2.00
       37    169  1.00
       37    325  3.00
       37    500  3.00
       38      4  2.00
       38     70  3.00
       38     86  5.00
       38    274  1.00
       38    342  2.00
       38    540  2.00
       39     51  1.00
       39    289  2.00
       39    323  2.00
       39    407  2.00
       39    444  2.00
       40     13  4.00
       40     32  3.00
       40    156  4.00
       40    160  4.00
       40    530  5.00
       40    543  4.00
       40    554  5.00
       41     85  5.00
       41    278  2.00
       41    416  6.00
       42    164  3.00
       42    422  3.00
       42    557  3.00
       43    223  2.00
       43    270  2.00
       43    271  4.00
       43    458  4.00
       43    551  6.00
       44     11  1.00
       44     67  1.00
       44     70  1.00
       44    307  1.00
       44    327  2.00
       44    470  2.00
       44    505  2.00
       44    506  2.00
       45     62  2.00
       45    181  2.00
       45    187  1.00
       45    238  3.00
       45    257  2.00
       45    281  2.00
       45    446  2.00
       45    474  4.00
       46    175  1.00
       46    212  1.00
       46    401  1.00
       47    107  4.00
       47    220  3.00
       47    472  2.00
       47    543  3.00
       47    555  4.00
       48     13  1.00
       48     32  2.00
       48    160  1.00
       48    302  4.00
       48    309  1.00
       48    337  1.00
       48    339  1.00
       48    543  1.00
       48    562  5.00
       49    135  3.00
       49    248  3.00
       49    358  6.00
       50     13  1.00
       50    196  2.00
       50    404  1.00
       50    502  3.00
       50    554  2.00
       51     39  1.00
       51    108  3.00
       51    205  4.00
       51    241  1.00
       51    289  2.00
       51    444  2.00
       51    451  4.00
       51    501  3.00
       52    113  1.00
       52    365  1.00
       53    247  4.00
       53    275  4.00
       53    483  4.00
       55     42  2.00
       55     61  2.00
       55    335  5.00
       55    374  2.00
       55    450  2.00
       55    560  1.00
       55    561  1.00
       56    199  1.00
       56    303  1.00
       56    391  1.00
       56    440  1.00
       56    542  1.00
       57     45  1.00
       57     93  4.00
       57    111  1.00
       57    124  2.00
       57    332  1.00
       57    431  2.00
       57    452  2.00
       57    496  6.00
       57    503  5.00
       58    116  2.00
       58    138  6.00
       58    219  2.00
       58    298  1.00
       58    436  5.00
       58    441  2.00
       58    549  1.00
       59     67  2.00
       59    106  2.00
       59    125  5.00
       59    307  2.00
       59    317  5.00
       59    396  1.00
       61     55  1.00
       61    228  3.00
       61    557  1.00
       61    560  4.00
       62     45  4.00
       62    169  4.00
       62    238  3.00
       62    381  4.00
       62    553  2.00
       64     18  6.00
       64    254  3.00
       64    298  1.00
       64    378  5.00
       64    390  3.00
       64    434  6.00
       64    457  2.00
       64    487  2.00
       64    549  2.00
       65     31  3.00
       65    187  3.00
       65    238  2.00
       65    257  4.00
       65    265  4.00
       65    311  6.00
       66    110  6.00
       66    253  3.00
       67    106  6.00
       67    144  4.00
       67    286  3.00
       67    314  5.00
       67    317  5.00
       68    159  2.00
       68    211  1.00
       68    215  2.00
       68    506  1.00
       69    335  1.00
       69    560  3.00
       70     38  3.00
       70     86  1.00
       70    106  1.00
       70    294  2.00
       70    342  3.00
       70    412  4.00
       72     76  3.00
       72    293  2.00
       72    441  1.00
       72    487  1.00
       73     63  4.00
       73    139  2.00
       73    262  2.00
       73    359  2.00
       73    430  4.00
       73    465  3.00
       73    550  3.00
       73    553  5.00
       74    115  2.00
       74    168  2.00
       74    209  2.00
       74    391  2.00
       74    447  3.00
       75    150  2.00
       75    159  4.00
       75    164  4.00
       75    307  1.00
       76     43  2.00
       76    101  2.00
       76    138  3.00
       76    223  1.00
       76    293  3.00
       76    436  1.00
       76    510  3.00
       77    190  1.00
       77    295  3.00
       77    298  3.00
       77    347  3.00
       77    368  1.00
       77    428  6.00
       77    468  1.00
       77    490  2.00
       77    528  1.00
       79     61  3.00
       79    180  2.00
       79    213  4.00
       79    275  3.00
       79    398  3.00
       79    400  2.00
       79    422  2.00
       79    509  4.00
       79    561  2.00
       81     63  4.00
       81    134  3.00
       81    166  2.00
       81    262  4.00
       81    281  2.00
       81    359  2.00
       81    465  2.00
       81    550  1.00
       81    553  3.00
       82     38  4.00
       82    160  2.00
       82    250  2.00
       82    428  2.00
       82    527  2.00
       82    528  3.00
       82    547  4.00
       83    145  3.00
       83    234  6.00
       83    289  2.00
       83    297  4.00
       83    323  3.00
       83    343  5.00
       83    391  3.00
       83    444  2.00
       83    511  5.00
       84     28  3.00
       84    196  5.00
       84    208  3.00
       84    485  3.00
       85     41  5.00
       86      4  3.00
       86     38  5.00
       86     70  1.00
       86    244  1.00
       86    274  2.00
       86    342  2.00
       86    366  2.00
       86    449  4.00
       86    559  1.00
       87    147  1.00
       87    174  1.00
       87    204  1.00
       87    424  3.00
       87    429  3.00
       88     20  2.00
       88    121  4.00
       88    255  6.00
       88    337  2.00
       89    240  6.00
       89    335  1.00
       90    133  2.00
       90    237  3.00
       90    247  6.00
       90    268  5.00
       90    277  2.00
       90    362  4.00
       90    370  6.00
       90    395  6.00
       90    396  4.00
       90    540  3.00
       91     34  1.00
       91    512  2.00
       92     76  2.00
       92    151  2.00
       92    173  6.00
       92    226  1.00
       92    242  3.00
       92    247  3.00
       92    255  3.00
       92    360  2.00
       92    368  5.00
       93    111  1.00
       93    332  1.00
       93    496  6.00
       93    503  5.00
       93    504  3.00
       93    550  1.00
       93    555  1.00
       94     18  3.00
       94    173  2.00
       94    219  4.00
       94    254  3.00
       94    266  3.00
       94    368  5.00
       94    386  2.00
       94    420  5.00
       94    517  2.00
       95    304  4.00
       95    433  3.00
       96     41  1.00
       96     67  1.00
       96    118  1.00
       96    133  1.00
       96    294  1.00
       96    307  1.00
       96    552  1.00
       97    146  4.00
       97    220  4.00
       97    333  6.00
       97    392  3.00
       97    404  1.00
       97    485  1.00
       97    489  1.00
       97    523  1.00
       97    555  1.00
       99    149  2.00
      100     66  5.00
      100    253  6.00
      100    483  6.00
      101    261  6.00
      101    479  4.00
      101    490  2.00
      102     53  3.00
      102    330  6.00
      102    383  5.00
      102    508  3.00
      103     64  2.00
      103    108  1.00
      103    116  4.00
      103    254  6.00
      103    298  2.00
      103    434  5.00
      103    549  3.00
      104    184  3.00
      104    338  2.00
      104    460  2.00
      104    502  3.00
      104    563  4.00
      105    270  6.00
      105    540  2.00
      106     67  6.00
      106    317  6.00
      106    331  2.00
      106    393  3.00
      106    396  2.00
      106    534  2.00
      108     25  3.00
      108     51  3.00
      108    145  3.00
      108    168  3.00
      108    199  1.00
      108    289  2.00
      108    323  2.00
      108    340  4.00
      109    136  5.00
      109    142  3.00
      109    222  3.00
      109    276  5.00
      109    292  2.00
      109    301  3.00
      109    410  3.00
      109    562  4.00
      110    275  5.00
      111     57  2.00
      111     73  1.00
      111     93  2.00
      111    154  6.00
      111    377  2.00
      111    381  1.00
      111    430  1.00
      111    452  1.00
      111    496  2.00
      112    291  6.00
      113     52  1.00
      113    192  2.00
      113    209  2.00
      113    251  1.00
      113    365  1.00
      114     94  1.00
      114    288  3.00
      114    390  1.00
      114    461  2.00
      114    507  2.00
      115    137  2.00
      115    145  2.00
      115    158  1.00
      115    175  3.00
      115    192  2.00
      115    343  2.00
      115    391  2.00
      115    408  4.00
      115    556  2.00
      117     67  3.00
      117    106  6.00
      117    110  2.00
      117    279  2.00
      117    331  3.00
      117    393  2.00
      117    439  1.00
      117    480  3.00
      117    486  3.00
      117    492  1.00
      118    144  3.00
      118    167  1.00
      118    380  2.00
      118    552  2.00
      119     70  6.00
      119    138  6.00
      119    217  6.00
      119    314  6.00
      120    307  2.00
      121     16  3.00
      121    530  5.00
      122    151  4.00
      122    223  3.00
      122    266  3.00
      123     29  4.00
      123    126  3.00
      123    230  3.00
      123    461  2.00
      124    229  4.00
      124    377  5.00
      124    452  4.00
      124    496  6.00
      126     23  5.00
      126     38  1.00
      126    106  4.00
      126    230  5.00
      126    317  6.00
      126    454  1.00
      126    534  4.00
      128     33  4.00
      128    132  5.00
      128    213  1.00
      128    263  1.00
      128    320  4.00
      128    392  1.00
      128    398  1.00
      128    480  5.00
      128    486  5.00
      128    527  1.00
      129     22  4.00
      129    155  4.00
      129    213  4.00
      129    296  6.00
      129    480  1.00
      129    483  2.00
      129    509  1.00
      129    519  3.00
      130     13  2.00
      130    152  4.00
      130    309  1.00
      130    372  3.00
      130    389  3.00
      130    467  1.00
      130    489  2.00
      130    539  4.00
      130    554  2.00
      131    243  2.00
      131    428  3.00
      131    547  2.00
      132     33  6.00
      132    128  2.00
      132    256  3.00
      132    263  6.00
      132    480  1.00
      132    486  1.00
      133    178  3.00
      133    237  6.00
      133    296  6.00
      133    362  2.00
      133    370  2.00
      133    396  2.00
      133    432  2.00
      133    540  5.00
      134     63  3.00
      134     81  3.00
      134    262  3.00
      134    430  2.00
      134    553  3.00
      136    109  1.00
      136    142  5.00
      136    185  4.00
      136    322  6.00
      136    354  6.00
      137    115  1.00
      137    145  3.00
      137    153  2.00
      137    234  6.00
      137    289  4.00
      137    297  4.00
      137    323  2.00
      137    343  4.00
      137    391  3.00
      138     58  4.00
      138     76  4.00
      138    151  4.00
      138    219  3.00
      138    271  1.00
      138    436  4.00
      138    441  5.00
      139     63  4.00
      139     81  3.00
      139    197  6.00
      139    351  2.00
      139    359  6.00
      139    465  3.00
      139    500  5.00
      139    553  2.00
      140     32  2.00
      140    146  2.00
      140    152  2.00
      140    360  3.00
      140    372  1.00
      140    413  2.00
      140    460  5.00
      141    138  5.00
      141    355  4.00
      141    528  4.00
      142     13  3.00
      142    109  5.00
      142    156  4.00
      142    276  5.00
      142    301  4.00
      142    322  6.00
      142    337  5.00
      142    488  3.00
      143    150  2.00
      143    189  3.00
      143    314  4.00
      143    400  4.00
      143    540  1.00
      144     10  3.00
      144     61  3.00
      144     67  2.00
      144    118  4.00
      144    164  3.00
      145     83  4.00
      145    108  2.00
      145    137  4.00
      145    323  5.00
      145    391  4.00
      145    431  4.00
      145    511  6.00
      146     13  4.00
      146    156  6.00
      146    220  6.00
      146    292  5.00
      146    309  3.00
      146    333  6.00
      146    337  4.00
      146    360  6.00
      146    442  5.00
      146    476  4.00
      147     87  1.00
      147    174  4.00
      147    424  3.00
      147    429  3.00
      147    443  3.00
      148      1  6.00
      148    236  6.00
      148    342  1.00
      148    393  4.00
      148    454  1.00
      148    505  1.00
      149      1  1.00
      149     26  2.00
      149     99  2.00
      149    215  1.00
      149    355  1.00
      149    433  1.00
      152    130  4.00
      152    140  1.00
      152    309  4.00
      152    324  1.00
      152    360  1.00
      152    467  5.00
      152    489  1.00
      152    539  2.00
      152    554  1.00
      153     16  3.00
      153    108  1.00
      153    145  2.00
      153    289  1.00
      153    323  2.00
      153    391  2.00
      154    111  3.00
      154    161  5.00
      154    172  3.00
      154    229  3.00
      154    264  2.00
      154    377  3.00
      154    452  2.00
      154    553  2.00
      155     22  6.00
      155    129  4.00
      155    213  3.00
      155    247  5.00
      155    398  4.00
      155    483  3.00
      155    519  6.00
      155    536  5.00
      156    142  1.00
      156    210  4.00
      156    292  6.00
      156    476  4.00
      158      5  1.00
      158    115  1.00
      158    313  2.00
      158    373  3.00
      158    444  2.00
      159     75  4.00
      159    150  3.00
      159    164  3.00
      159    307  2.00
      159    455  4.00
      160    107  5.00
      160    235  3.00
      160    292  1.00
      160    485  2.00
      160    541  2.00
      160    543  6.00
      161     45  1.00
      161     73  3.00
      161     81  5.00
      161    139  3.00
      161    262  4.00
      161    465  1.00
      161    504  2.00
      161    550  3.00
      161    553  5.00
      162    221  2.00
      163    207  2.00
      163    316  2.00
      164     42  5.00
      164     61  4.00
      164     75  3.00
      164    159  3.00
      164    217  3.00
      164    392  3.00
      164    400  2.00
      164    560  1.00
      165    187  1.00
      165    246  4.00
      165    431  5.00
      166     63  5.00
      166     73  4.00
      166    145  2.00
      166    257  2.00
      166    262  4.00
      166    311  5.00
      166    381  3.00
      166    465  3.00
      166    553  4.00
      168    108  4.00
      168    209  3.00
      168    340  1.00
      168    447  4.00
      169     36  1.00
      169     45  4.00
      169     62  2.00
      169     63  1.00
      169    238  1.00
      169    281  1.00
      169    446  1.00
      169    474  1.00
      169    518  3.00
      170    111  1.00
      170    154  1.00
      170    377  4.00
      170    514  6.00
      171     37  1.00
      171    139  5.00
      171    197  4.00
      171    385  4.00
      171    431  6.00
      171    459  2.00
      171    550  3.00
      172    154  4.00
      172    229  5.00
      172    377  4.00
      173     92  6.00
      173     94  2.00
      173    226  6.00
      173    368  6.00
      173    463  3.00
      175    115  1.00
      175    305  4.00
      175    373  2.00
      175    408  3.00
      176    507  2.00
      176    548  3.00
      177    194  1.00
      177    462  1.00
      180    213  4.00
      180    242  1.00
      180    263  1.00
      180    268  6.00
      180    320  1.00
      180    349  2.00
      181    281  3.00
      181    446  2.00
      181    456  2.00
      181    474  6.00
      181    543  2.00
      182    434  5.00
      183     89  5.00
      183    240  6.00
      183    335  3.00
      183    497  1.00
      185     32  2.00
      185    109  4.00
      185    136  5.00
      185    292  1.00
      185    410  1.00
      185    488  3.00
      185    562  5.00
      187    218  1.00
      187    238  1.00
      187    257  3.00
      187    265  1.00
      187    356  2.00
      187    465  4.00
      188    241  3.00
      188    451  3.00
      188    501  3.00
      190     80  3.00
      190    151  4.00
      190    182  2.00
      191      8  1.00
      191     14  3.00
      191    196  2.00
      191    413  2.00
      192    108  1.00
      192    115  1.00
      192    135  3.00
      192    145  2.00
      192    305  1.00
      192    308  4.00
      192    444  1.00
      192    516  1.00
      193     68  2.00
      193    194  6.00
      193    258  1.00
      193    374  1.00
      193    397  3.00
      193    433  2.00
      193    462  2.00
      193    519  2.00
      194     15  3.00
      194    193  4.00
      194    367  2.00
      194    376  2.00
      194    535  3.00
      195    406  1.00
      195    523  3.00
      195    555  1.00
      196     84  5.00
      196    160  1.00
      196    208  3.00
      196    332  1.00
      196    348  5.00
      196    389  2.00
      196    401  4.00
      196    543  1.00
      197    139  6.00
      197    166  1.00
      197    262  1.00
      197    359  5.00
      197    465  1.00
      197    500  3.00
      197    504  1.00
      197    550  2.00
      197    553  1.00
      198    145  1.00
      198    175  3.00
      198    199  3.00
      198    205  1.00
      198    234  2.00
      198    305  3.00
      198    336  5.00
      198    340  4.00
      198    373  3.00
      199      5  2.00
      199    198  1.00
      199    205  2.00
      199    336  3.00
      199    340  1.00
      199    401  2.00
      200    114  3.00
      200    131  3.00
      200    298  3.00
      200    390  4.00
      200    418  2.00
      200    428  5.00
      200    461  5.00
      200    463  3.00
      202     19  6.00
      203    226  2.00
      203    232  2.00
      203    463  5.00
      203    526  2.00
      204    147  2.00
      204    174  1.00
      204    359  2.00
      204    443  1.00
      205     51  3.00
      205     74  1.00
      205    108  1.00
      205    153  1.00
      205    198  1.00
      205    444  1.00
      205    451  3.00
      205    501  2.00
      206     45  4.00
      206    181  4.00
      206    238  1.00
      206    281  5.00
      206    446  2.00
      206    473  5.00
      206    474  5.00
      207    163  2.00
      207    303  2.00
      209     74  1.00
      209    168  4.00
      210    202  4.00
      212      5  2.00
      212     34  2.00
      212    145  2.00
      212    401  2.00
      212    407  2.00
      213     22  5.00
      213     79  4.00
      213    129  4.00
      213    180  4.00
      213    398  4.00
      213    480  4.00
      213    486  4.00
      213    509  2.00
      213    544  4.00
      214     17  6.00
      214     27  4.00
      214    100  3.00
      214    152  4.00
      214    485  4.00
      214    489  3.00
      214    523  4.00
      215     68  3.00
      215    258  4.00
      215    355  3.00
      217     42  4.00
      217     79  1.00
      217    129  1.00
      217    164  4.00
      217    275  2.00
      217    349  1.00
      217    422  1.00
      217    439  1.00
      218     65  2.00
      218    257  3.00
      218    265  5.00
      218    311  6.00
      219     94  3.00
      219    138  3.00
      219    267  1.00
      219    517  1.00
      220     13  1.00
      220     47  1.00
      220    107  1.00
      220    146  6.00
      220    235  1.00
      220    333  6.00
      220    372  1.00
      220    404  2.00
      220    489  1.00
      220    543  1.00
      221    348  1.00
      221    372  1.00
      221    406  6.00
      221    413  1.00
      221    467  4.00
      221    499  3.00
      222      8  3.00
      222    109  4.00
      222    121  2.00
      222    410  4.00
      222    502  4.00
      223     64  3.00
      223    116  2.00
      223    122  3.00
      223    151  2.00
      223    266  6.00
      223    270  2.00
      223    487  1.00
      223    529  1.00
      223    549  1.00
      225    138  2.00
      225    179  3.00
      225    219  2.00
      225    267  2.00
      225    273  3.00
      225    386  1.00
      225    441  2.00
      225    517  2.00
      225    547  1.00
      226    173  6.00
      226    368  4.00
      227    102  1.00
      227    155  1.00
      227    247  1.00
      227    327  4.00
      227    345  1.00
      227    439  1.00
      228     21  1.00
      228     25  1.00
      229    172  3.00
      229    377  6.00
      230    126  3.00
      230    317  5.00
      230    396  1.00
      230    534  4.00
      231    161  3.00
      231    166  1.00
      231    500  1.00
      232    173  1.00
      232    203  1.00
      232    458  1.00
      232    463  3.00
      233    329  5.00
      233    435  6.00
      233    448  5.00
      233    457  6.00
      233    479  3.00
      233    559  2.00
      234     83  4.00
      234    137  5.00
      234    153  2.00
      234    198  2.00
      234    323  2.00
      234    336  3.00
      234    343  4.00
      234    391  2.00
      234    511  4.00
      235     27  3.00
      235     32  2.00
      235    332  5.00
      235    491  1.00
      236      1  3.00
      236    148  5.00
      236    271  1.00
      237     90  2.00
      237    178  6.00
      237    268  2.00
      237    277  5.00
      237    296  4.00
      237    321  4.00
      237    395  5.00
      237    540  4.00
      237    541  2.00
      238     45  4.00
      238    187  3.00
      238    257  4.00
      238    311  2.00
      238    356  2.00
      238    446  2.00
      238    452  4.00
      238    474  2.00
      239    438  1.00
      240     89  5.00
      240    183  5.00
      240    418  5.00
      242    155  1.00
      242    180  1.00
      242    247  6.00
      242    263  6.00
      242    275  4.00
      242    334  2.00
      242    383  4.00
      242    398  2.00
      242    536  1.00
      243    131  3.00
      243    200  2.00
      243    235  4.00
      243    270  2.00
      243    390  2.00
      243    547  2.00
      247     19  1.00
      247     90  5.00
      247    155  1.00
      247    242  1.00
      247    255  5.00
      247    263  4.00
      248     46  2.00
      248     51  3.00
      248    108  1.00
      248    115  2.00
      248    135  3.00
      248    205  3.00
      248    358  3.00
      248    475  2.00
      248    501  3.00
      248    531  2.00
      250     35  4.00
      250     90  5.00
      250    125  5.00
      250    237  3.00
      250    255  2.00
      250    268  6.00
      250    432  5.00
      250    540  4.00
      251     49  2.00
      251    135  4.00
      251    168  1.00
      251    248  3.00
      252    111  1.00
      252    369  1.00
      253     66  4.00
      253    100  4.00
      253    398  5.00
      253    442  5.00
      254    352  2.00
      254    399  2.00
      254    428  1.00
      254    493  2.00
      255     88  6.00
      255    183  1.00
      255    247  5.00
      255    337  1.00
      256    128  2.00
      256    129  2.00
      256    132  2.00
      256    155  3.00
      256    213  2.00
      256    242  2.00
      256    275  2.00
      256    398  2.00
      256    480  3.00
      256    486  3.00
      257     32  4.00
      257     65  3.00
      257    187  4.00
      257    218  5.00
      257    238  5.00
      257    265  5.00
      257    311  6.00
      257    452  2.00
      258    141  3.00
      258    215  5.00
      258    304  4.00
      258    355  5.00
      258    414  4.00
      258    433  4.00
      259     36  1.00
      259    134  1.00
      259    325  1.00
      259    423  1.00
      259    465  2.00
      259    500  2.00
      260    273  3.00
      260    421  4.00
      260    493  3.00
      260    551  3.00
      261     94  1.00
      261    101  6.00
      261    151  2.00
      261    223  2.00
      261    266  2.00
      261    386  3.00
      261    420  2.00
      261    479  1.00
      261    517  1.00
      262     63  5.00
      262     73  3.00
      262     81  6.00
      262    134  4.00
      262    166  2.00
      262    281  2.00
      262    359  3.00
      262    431  3.00
      262    553  4.00
      263    132  6.00
      263    242  6.00
      263    247  6.00
      263    442  2.00
      263    561  2.00
      264     60  3.00
      264    154  3.00
      264    169  4.00
      264    252  2.00
      264    466  3.00
      264    504  3.00
      265     65  5.00
      265    165  2.00
      265    187  3.00
      265    218  5.00
      265    238  2.00
      265    257  6.00
      265    311  5.00
      265    452  2.00
      266     64  4.00
      266    116  3.00
      266    122  3.00
      266    151  5.00
      266    223  4.00
      266    481  4.00
      266    529  2.00
      266    549  3.00
      267     10  1.00
      267    173  1.00
      267    461  1.00
      267    517  3.00
      268     90  3.00
      268    180  6.00
      268    237  2.00
      268    277  2.00
      268    362  2.00
      268    370  5.00
      268    395  2.00
      269      7  2.00
      269     51  1.00
      269    198  1.00
      269    205  1.00
      269    313  3.00
      269    408  1.00
      269    471  2.00
      270     64  1.00
      270    105  6.00
      270    116  3.00
      270    390  2.00
      270    428  1.00
      272     36  4.00
      272    385  3.00
      272    441  3.00
      273    138  1.00
      273    149  3.00
      273    176  2.00
      273    179  1.00
      273    219  1.00
      273    225  4.00
      273    293  1.00
      273    436  3.00
      273    441  1.00
      274     35  3.00
      274     86  5.00
      274    268  2.00
      274    296  4.00
      274    321  4.00
      274    342  2.00
      274    346  3.00
      276    109  6.00
      276    142  5.00
      276    301  4.00
      276    322  3.00
      276    435  3.00
      276    448  3.00
      276    462  3.00
      276    562  3.00
      278     41  1.00
      278     85  3.00
      278    416  3.00
      280     57  2.00
      280     93  2.00
      280    252  1.00
      280    496  3.00
      280    503  2.00
      282    121  3.00
      282    276  1.00
      283     22  3.00
      283     33  3.00
      283    106  3.00
      283    129  3.00
      283    180  5.00
      283    213  4.00
      283    334  3.00
      283    383  3.00
      283    527  3.00
      284    360  6.00
      284    554  3.00
      285    379  2.00
      285    531  1.00
      286     67  1.00
      286     90  1.00
      286    237  2.00
      286    268  1.00
      286    277  1.00
      286    296  2.00
      286    540  3.00
      287     25  3.00
      287    108  2.00
      287    401  1.00
      287    405  2.00
      287    498  4.00
      288    114  5.00
      288    219  2.00
      288    428  2.00
      288    441  4.00
      288    458  2.00
      288    551  3.00
      289    137  3.00
      289    145  3.00
      289    153  3.00
      289    323  3.00
      289    356  1.00
      289    391  2.00
      289    394  3.00
      289    447  3.00
      290    299  3.00
      290    402  4.00
      291    112  6.00
      291    448  4.00
      292     13  2.00
      292     32  3.00
      292    146  4.00
      292    156  5.00
      292    360  3.00
      292    476  6.00
      292    488  3.00
      293     58  2.00
      293     72  2.00
      293     76  3.00
      293    138  1.00
      293    436  5.00
      293    441  2.00
      294     70  2.00
      294     96  2.00
      294    230  5.00
      294    250  1.00
      294    506  2.00
      294    552  2.00
      295     77  2.00
      295     80  2.00
      295     92  1.00
      295    149  4.00
      295    157  1.00
      295    271  2.00
      295    293  1.00
      297      5  2.00
      297     83  4.00
      297    145  4.00
      297    234  4.00
      297    289  3.00
      297    323  2.00
      297    343  4.00
      297    391  3.00
      297    444  2.00
      297    511  5.00
      298     58  2.00
      298     64  2.00
      298     77  5.00
      298     80  5.00
      298    103  4.00
      298    223  2.00
      298    267  2.00
      298    487  2.00
      298    548  5.00
      300      5  4.00
      300      7  2.00
      300    336  4.00
      300    498  1.00
      300    556  1.00
      301    109  3.00
      301    136  1.00
      301    142  1.00
      301    276  5.00
      301    292  1.00
      301    322  3.00
      301    449  6.00
      301    454  1.00
      301    532  3.00
      302     32  3.00
      302     48  6.00
      302    160  3.00
      302    309  1.00
      302    543  1.00
      303     51  1.00
      303    199  2.00
      303    207  1.00
      303    245  1.00
      303    464  2.00
      304     95  6.00
      304    141  3.00
      304    433  3.00
      305     25  1.00
      305    108  1.00
      305    145  1.00
      305    175  3.00
      305    192  1.00
      305    198  1.00
      305    340  2.00
      305    447  1.00
      305    501  1.00
      307     59  4.00
      307     70  2.00
      307     75  1.00
      307     85  1.00
      307    120  3.00
      307    159  1.00
      307    505  1.00
      307    540  2.00
      307    552  1.00
      308    101  4.00
      308    115  2.00
      308    135  4.00
      308    145  4.00
      308    192  5.00
      308    234  2.00
      308    501  3.00
      309     20  2.00
      309     28  2.00
      309     47  2.00
      309    146  3.00
      309    152  4.00
      309    292  1.00
      309    337  5.00
      309    410  4.00
      309    543  2.00
      309    562  2.00
      310     17  5.00
      310     35  2.00
      310    162  2.00
      310    221  1.00
      310    406  3.00
      310    415  2.00
      310    554  2.00
      311     65  4.00
      311    165  2.00
      311    166  1.00
      311    187  2.00
      311    218  2.00
      311    238  2.00
      311    257  4.00
      311    265  4.00
      313     51  2.00
      313    158  1.00
      313    198  3.00
      313    205  1.00
      313    269  5.00
      313    336  2.00
      313    451  1.00
      313    471  4.00
      313    520  2.00
      315     52  1.00
      315    113  1.00
      315    365  2.00
      315    475  1.00
      315    556  1.00
      317     59  5.00
      317    126  5.00
      317    230  3.00
      317    534  5.00
      318    214  1.00
      318    357  4.00
      318    406  1.00
      318    523  1.00
      318    537  1.00
      319    195  3.00
      319    290  3.00
      320     22  3.00
      320     33  5.00
      320    330  1.00
      320    349  4.00
      320    383  1.00
      320    519  3.00
      320    536  1.00
      320    545  2.00
      322     32  2.00
      322    109  3.00
      322    136  5.00
      322    142  6.00
      322    292  1.00
      322    301  6.00
      322    337  4.00
      322    476  1.00
      322    478  2.00
      322    562  1.00
      323    108  3.00
      323    145  6.00
      323    153  1.00
      323    289  3.00
      323    391  2.00
      323    447  5.00
      324     13  4.00
      324    146  1.00
      324    185  1.00
      324    284  4.00
      324    337  3.00
      324    339  2.00
      324    410  3.00
      324    488  1.00
      324    489  5.00
      325     63  5.00
      325    134  5.00
      325    166  5.00
      325    262  5.00
      325    430  4.00
      325    538  3.00
      325    540  3.00
      326      3  3.00
      326     36  2.00
      326    196  2.00
      326    265  2.00
      326    281  2.00
      326    446  1.00
      327     79  1.00
      327    155  3.00
      327    227  4.00
      328    156  4.00
      328    233  4.00
      328    254  2.00
      328    435  5.00
      328    448  3.00
      328    457  3.00
      328    559  3.00
      329    233  1.00
      329    435  3.00
      330    100  1.00
      330    102  5.00
      330    216  1.00
      330    320  1.00
      330    383  6.00
      330    483  2.00
      331     30  5.00
      331     67  5.00
      331    117  3.00
      331    279  4.00
      331    356  4.00
      331    393  3.00
      331    453  2.00
      331    455  3.00
      331    492  2.00
      333     97  4.00
      333    146  4.00
      333    220  5.00
      333    360  4.00
      333    375  3.00
      333    410  3.00
      333    489  4.00
      333    517  2.00
      333    543  3.00
      333    562  3.00
      334    180  3.00
      334    213  1.00
      334    383  2.00
      334    536  2.00
      335     42  1.00
      335     55  4.00
      335     61  1.00
      335     69  2.00
      335     89  3.00
      335    164  1.00
      335    183  4.00
      335    217  1.00
      335    450  3.00
      335    560  1.00
      336      5  1.00
      336    115  1.00
      336    198  4.00
      336    199  2.00
      336    234  1.00
      336    300  4.00
      336    358  2.00
      336    475  1.00
      336    542  3.00
      338    371  1.00
      338    491  1.00
      338    541  1.00
      339     13  5.00
      339     32  3.00
      339    142  3.00
      339    185  1.00
      339    302  2.00
      339    337  2.00
      339    404  2.00
      339    410  2.00
      339    488  5.00
      341    265  3.00
      341    503  3.00
      341    522  2.00
      342     38  1.00
      342     86  1.00
      343     83  3.00
      343    108  1.00
      343    115  1.00
      343    137  3.00
      343    145  3.00
      343    234  3.00
      343    289  1.00
      343    323  1.00
      343    511  4.00
      344     29  3.00
      344     94  2.00
      344    127  2.00
      344    179  3.00
      344    219  3.00
      344    463  2.00
      344    517  4.00
      345     33  3.00
      345    283  3.00
      345    320  6.00
      345    367  3.00
      345    392  2.00
      345    439  4.00
      346    125  2.00
      346    250  2.00
      346    395  1.00
      346    540  3.00
      347     18  5.00
      347     64  1.00
      347    116  5.00
      347    233  1.00
      347    270  2.00
      347    434  4.00
      347    457  1.00
      347    549  1.00
      348     20  1.00
      348     32  2.00
      348     88  1.00
      348    160  4.00
      348    196  5.00
      348    208  3.00
      348    332  3.00
      348    346  3.00
      348    404  3.00
      348    539  2.00
      349     61  1.00
      349    180  1.00
      349    242  3.00
      349    320  2.00
      349    330  1.00
      349    383  1.00
      349    392  1.00
      349    536  1.00
      350     46  1.00
      350     56  1.00
      350    379  4.00
      350    471  1.00
      350    556  2.00
      352     43  2.00
      352     92  1.00
      352    173  1.00
      352    179  2.00
      352    399  5.00
      352    469  3.00
      353     31  2.00
      354    109  5.00
      354    136  6.00
      354    413  1.00
      355     99  3.00
      355    141  6.00
      355    215  4.00
      357    214  1.00
      357    318  4.00
      357    406  2.00
      357    417  2.00
      357    537  2.00
      358      5  1.00
      358    198  1.00
      358    205  4.00
      358    336  2.00
      358    464  2.00
      358    498  2.00
      359     31  3.00
      359    139  6.00
      359    197  5.00
      359    500  6.00
      359    550  3.00
      360     88  3.00
      360    146  5.00
      360    156  2.00
      360    185  1.00
      360    284  3.00
      360    292  3.00
      360    476  3.00
      361    175  3.00
      361    379  1.00
      361    405  1.00
      361    471  2.00
      362    125  2.00
      362    268  3.00
      362    296  3.00
      362    370  6.00
      362    396  6.00
      362    432  5.00
      363     43  1.00
      363     76  4.00
      363    458  2.00
      363    493  1.00
      363    551  5.00
      364    180  2.00
      364    370  1.00
      364    494  4.00
      365     52  2.00
      365    113  2.00
      367     15  1.00
      367    374  1.00
      367    535  1.00
      368     92  6.00
      368    173  6.00
      368    226  5.00
      368    386  4.00
      368    420  3.00
      368    463  1.00
      369     31  3.00
      369    111  3.00
      369    229  6.00
      370     90  6.00
      370    133  2.00
      370    237  3.00
      370    268  4.00
      370    277  3.00
      370    362  4.00
      370    395  6.00
      370    396  6.00
      370    470  2.00
      371     16  3.00
      371    235  1.00
      372    130  2.00
      372    152  1.00
      372    220  1.00
      372    348  1.00
      372    389  2.00
      372    404  5.00
      372    525  2.00
      372    539  6.00
      373     25  2.00
      373    175  2.00
      373    198  2.00
      373    285  2.00
      373    447  1.00
      373    556  5.00
      374     15  2.00
      374    224  5.00
      374    263  2.00
      374    367  1.00
      374    450  3.00
      374    454  1.00
      374    524  2.00
      374    535  5.00
      374    557  2.00
      376    139  6.00
      377    124  4.00
      377    423  3.00
      377    431  2.00
      377    514  5.00
      378     64  6.00
      379    350  2.00
      379    408  1.00
      379    475  1.00
      379    531  1.00
      380    462  4.00
      381     81  1.00
      381    139  2.00
      381    166  1.00
      381    171  2.00
      381    262  2.00
      381    359  4.00
      381    553  2.00
      382    211  2.00
      382    505  1.00
      383     53  4.00
      383    102  1.00
      383    418  1.00
      383    483  2.00
      383    527  1.00
      383    561  3.00
      384    239  1.00
      384    297  3.00
      384    325  4.00
      384    438  1.00
      385    171  1.00
      385    195  2.00
      385    417  2.00
      386    179  2.00
      386    368  1.00
      386    420  2.00
      386    547  4.00
      387     19  2.00
      387     35  1.00
      387     53  1.00
      387    268  1.00
      387    432  3.00
      390     64  3.00
      390    114  2.00
      390    200  3.00
      390    243  3.00
      390    270  3.00
      390    428  2.00
      390    487  4.00
      391    137  1.00
      391    145  1.00
      391    289  2.00
      391    323  2.00
      391    340  2.00
      391    440  1.00
      391    444  2.00
      391    447  2.00
      391    464  1.00
      391    542  1.00
      392    434  4.00
      392    482  5.00
      392    557  4.00
      394     34  2.00
      394    251  3.00
      394    316  3.00
      394    512  3.00
      395     90  5.00
      395    237  3.00
      395    250  5.00
      395    268  5.00
      395    277  5.00
      395    296  2.00
      395    321  2.00
      395    362  2.00
      395    370  6.00
      396      4  4.00
      396     35  3.00
      396     90  2.00
      396    317  3.00
      396    362  3.00
      396    370  6.00
      397    258  4.00
      398     22  2.00
      398    155  4.00
      398    213  4.00
      398    253  4.00
      398    519  3.00
      398    536  3.00
      399    352  4.00
      400    164  3.00
      400    439  2.00
      400    535  3.00
      400    557  2.00
      401     46  2.00
      401    196  1.00
      401    440  2.00
      403     82  2.00
      403    469  2.00
      404     50  3.00
      404    146  4.00
      404    220  3.00
      404    255  2.00
      404    337  3.00
      404    348  2.00
      404    372  5.00
      404    502  3.00
      404    539  5.00
      404    554  1.00
      405    145  1.00
      405    175  1.00
      405    192  1.00
      405    198  2.00
      405    287  1.00
      405    340  2.00
      405    391  1.00
      405    408  5.00
      405    516  1.00
      406    162  1.00
      406    195  1.00
      406    523  1.00
      407      5  1.00
      407     51  1.00
      407    137  1.00
      407    308  1.00
      407    340  1.00
      407    391  1.00
      408      5  3.00
      408     25  1.00
      408    115  2.00
      408    145  1.00
      408    175  3.00
      408    198  2.00
      408    199  1.00
      408    405  4.00
      410    309  3.00
      410    324  3.00
      410    477  4.00
      410    488  2.00
      410    562  5.00
      411    173  1.00
      411    219  1.00
      411    517  1.00
      412     70  3.00
      412    470  4.00
      412    552  5.00
      413     14  6.00
      413     84  3.00
      413    121  3.00
      413    146  3.00
      413    160  3.00
      413    191  3.00
      413    404  2.00
      414    215  2.00
      414    433  4.00
      415     20  1.00
      415    124  4.00
      415    377  4.00
      415    406  2.00
      415    496  2.00
      415    525  2.00
      417    319  2.00
      417    406  2.00
      417    523  3.00
      418    240  6.00
      419    141  1.00
      419    159  2.00
      419    215  6.00
      419    258  2.00
      419    484  3.00
      420     94  5.00
      420    219  3.00
      420    368  2.00
      420    386  4.00
      420    448  3.00
      420    547  2.00
      422     22  2.00
      422     79  2.00
      422    194  2.00
      422    213  1.00
      422    418  2.00
      422    509  3.00
      422    557  2.00
      422    561  2.00
      423      3  5.00
      423    259  1.00
      423    311  2.00
      423    326  2.00
      423    377  2.00
      423    477  2.00
      424     87  2.00
      424    139  1.00
      424    147  2.00
      424    204  2.00
      425    314  2.00
      425    449  4.00
      425    454  4.00
      427    406  1.00
      428     77  3.00
      428     80  3.00
      429    139  3.00
      429    147  3.00
      429    174  3.00
      429    204  3.00
      430     62  2.00
      430     63  2.00
      430     73  4.00
      430    169  2.00
      430    262  2.00
      430    325  1.00
      430    359  2.00
      430    503  1.00
      430    553  2.00
      431      3  1.00
      431     63  2.00
      431     81  2.00
      431    134  2.00
      431    145  4.00
      431    165  4.00
      431    262  2.00
      431    477  2.00
      431    553  2.00
      432    125  1.00
      432    133  3.00
      432    250  4.00
      432    255  1.00
      432    362  4.00
      432    387  2.00
      432    396  4.00
      432    540  3.00
      433     95  3.00
      433    193  2.00
      433    215  2.00
      433    304  3.00
      433    414  5.00
      434     18  4.00
      434     64  3.00
      434    116  4.00
      434    182  5.00
      434    254  5.00
      434    392  5.00
      435    233  3.00
      435    329  5.00
      435    457  6.00
      435    559  3.00
      436     58  6.00
      436    138  4.00
      436    273  2.00
      436    293  5.00
      439    400  3.00
      439    480  3.00
      439    486  3.00
      440    115  2.00
      440    163  3.00
      440    303  1.00
      440    391  1.00
      440    401  4.00
      440    542  4.00
      441     58  4.00
      441    138  5.00
      441    436  5.00
      441    458  1.00
      442     22  2.00
      442    253  5.00
      442    263  5.00
      442    296  2.00
      443    147  1.00
      443    174  3.00
      443    424  1.00
      443    429  2.00
      444    205  1.00
      444    289  1.00
      444    305  1.00
      444    308  2.00
      444    323  2.00
      444    391  1.00
      444    464  1.00
      445     16  2.00
      445     40  1.00
      445    201  2.00
      445    406  2.00
      445    427  2.00
      446    181  1.00
      446    281  3.00
      446    456  3.00
      446    474  1.00
      448    233  6.00
      448    254  5.00
      448    291  4.00
      448    328  1.00
      448    420  2.00
      448    434  1.00
      448    435  4.00
      448    457  2.00
      448    479  2.00
      448    559  3.00
      450     42  1.00
      450     69  2.00
      450     90  2.00
      450    240  2.00
      450    335  2.00
      450    374  1.00
      450    560  2.00
      450    561  1.00
      451     51  2.00
      451    199  2.00
      451    205  2.00
      451    501  2.00
      452    238  3.00
      452    257  2.00
      452    481  2.00
      452    490  3.00
      453    331  1.00
      453    462  2.00
      454    224  5.00
      454    244  4.00
      454    393  5.00
      454    425  4.00
      454    449  6.00
      454    470  2.00
      454    532  4.00
      455     30  2.00
      455    150  2.00
      455    331  2.00
      455    462  2.00
      456    552  1.00
      457     64  2.00
      457    233  5.00
      457    291  2.00
      457    435  6.00
      458      6  4.00
      458     43  2.00
      458    173  2.00
      458    288  2.00
      458    441  3.00
      458    546  2.00
      458    551  4.00
      459    171  3.00
      459    460  2.00
      460    140  4.00
      461     10  1.00
      461     29  4.00
      461    114  3.00
      461    179  3.00
      461    200  5.00
      461    219  2.00
      461    267  4.00
      461    344  4.00
      461    490  4.00
      462     30  2.00
      462    380  3.00
      462    453  3.00
      462    455  2.00
      462    492  5.00
      463    173  3.00
      463    225  1.00
      463    226  6.00
      463    232  5.00
      463    261  1.00
      463    458  2.00
      463    517  2.00
      464      9  2.00
      464    108  2.00
      464    153  2.00
      464    168  3.00
      464    192  3.00
      464    205  4.00
      464    358  3.00
      464    391  4.00
      464    444  4.00
      464    498  2.00
      465     73  1.00
      465    166  1.00
      465    187  4.00
      465    550  3.00
      465    553  1.00
      466      3  2.00
      466    108  1.00
      466    246  3.00
      466    264  2.00
      467    152  5.00
      467    221  2.00
      467    292  1.00
      467    372  1.00
      467    389  1.00
      467    539  2.00
      468    127  6.00
      468    182  5.00
      468    190  6.00
      468    481  6.00
      468    540  5.00
      470     23  1.00
      470     44  2.00
      470     67  1.00
      470    230  1.00
      470    317  3.00
      470    370  2.00
      470    412  4.00
      470    454  3.00
      470    506  1.00
      471    209  1.00
      471    269  1.00
      471    313  6.00
      471    361  1.00
      472     27  2.00
      472    107  3.00
      472    160  3.00
      472    332  2.00
      472    473  6.00
      472    485  3.00
      472    489  2.00
      472    541  1.00
      472    543  2.00
      473     45  4.00
      473    181  3.00
      473    206  5.00
      473    281  4.00
      473    472  3.00
      473    474  3.00
      474     45  3.00
      474     60  2.00
      474    181  5.00
      474    206  5.00
      474    238  2.00
      474    281  5.00
      474    446  4.00
      474    477  2.00
      475    401  1.00
      475    531  1.00
      476     32  3.00
      476    142  4.00
      476    156  5.00
      476    160  4.00
      476    292  6.00
      476    488  5.00
      476    489  6.00
      477    238  4.00
      477    257  3.00
      477    292  3.00
      477    356  3.00
      477    410  4.00
      477    431  5.00
      477    437  5.00
      477    446  2.00
      477    452  6.00
      477    562  4.00
      480     33  2.00
      480    117  3.00
      480    128  2.00
      480    132  3.00
      480    213  4.00
      480    439  1.00
      480    486  5.00
      480    536  1.00
      481    127  6.00
      481    190  6.00
      482    392  6.00
      482    557  4.00
      483     22  6.00
      483     53  6.00
      483    100  6.00
      483    129  2.00
      483    275  5.00
      483    383  3.00
      484    215  5.00
      484    249  2.00
      484    419  4.00
      485     27  3.00
      485     84  3.00
      485    107  4.00
      485    160  4.00
      485    196  3.00
      485    332  2.00
      485    489  1.00
      485    541  4.00
      485    543  3.00
      486     33  2.00
      486    117  2.00
      486    128  2.00
      486    132  2.00
      486    213  4.00
      486    392  1.00
      486    439  1.00
      486    536  1.00
      488     13  6.00
      488     32  1.00
      488    142  2.00
      488    156  2.00
      488    185  2.00
      488    292  3.00
      488    339  5.00
      488    452  3.00
      488    476  4.00
      488    489  2.00
      489     13  4.00
      489    107  2.00
      489    146  3.00
      489    160  3.00
      489    324  6.00
      489    476  5.00
      489    488  2.00
      489    541  2.00
      490    190  4.00
      490    452  3.00
      491    107  2.00
      491    160  2.00
      491    235  2.00
      491    332  2.00
      492      4  4.00
      492     30  4.00
      492     38  2.00
      492    278  2.00
      492    279  2.00
      492    380  2.00
      492    462  2.00
      493     82  2.00
      493    260  2.00
      493    386  1.00
      493    421  1.00
      493    469  1.00
      494     35  1.00
      494     96  1.00
      494    125  1.00
      494    189  1.00
      494    247  4.00
      494    362  1.00
      494    364  6.00
      494    432  1.00
      494    492  4.00
      495    215  3.00
      495    433  3.00
      496    124  3.00
      496    229  6.00
      496    246  2.00
      496    377  4.00
      496    503  6.00
      498      5  1.00
      498     24  5.00
      498     74  1.00
      498    168  1.00
      498    287  4.00
      498    300  3.00
      498    358  3.00
      499     17  2.00
      499    221  3.00
      499    467  1.00
      499    523  1.00
      500    134  1.00
      500    169  3.00
      500    238  2.00
      500    431  3.00
      500    446  2.00
      500    452  3.00
      500    474  2.00
      501     51  3.00
      501    188  1.00
      501    192  2.00
      501    205  3.00
      501    241  1.00
      502      8  1.00
      502     50  6.00
      502    404  1.00
      502    437  1.00
      502    539  1.00
      503     93  3.00
      503    111  1.00
      503    332  1.00
      503    407  4.00
      503    430  1.00
      503    452  1.00
      503    496  6.00
      503    504  3.00
      503    518  2.00
      504     63  3.00
      504     81  3.00
      504    134  2.00
      504    262  3.00
      504    446  2.00
      505    211  4.00
      505    382  4.00
      506     11  3.00
      506    211  2.00
      507     94  1.00
      507    176  3.00
      507    200  2.00
      507    219  1.00
      507    267  1.00
      507    273  4.00
      507    390  1.00
      507    428  4.00
      507    490  1.00
      508    102  4.00
      508    210  2.00
      508    478  3.00
      508    545  5.00
      509     79  5.00
      509    129  1.00
      509    213  2.00
      509    422  2.00
      510     76  4.00
      511     83  4.00
      511    145  6.00
      511    234  5.00
      511    297  4.00
      511    343  2.00
      512     34  5.00
      512     91  4.00
      512    316  1.00
      514     62  3.00
      514    170  5.00
      514    172  3.00
      514    377  5.00
      514    431  1.00
      514    477  4.00
      515    453  1.00
      516      9  3.00
      516    137  1.00
      516    145  2.00
      516    153  1.00
      516    245  5.00
      516    323  1.00
      516    391  1.00
      516    444  1.00
      516    531  1.00
      517     10  2.00
      517    267  2.00
      518    165  2.00
      518    466  2.00
      519    129  2.00
      519    155  5.00
      519    536  5.00
      520    168  3.00
      520    199  4.00
      520    238  2.00
      520    245  3.00
      520    303  4.00
      520    401  3.00
      520    447  3.00
      520    477  2.00
      520    531  1.00
      522    111  1.00
      522    341  1.00
      522    377  5.00
      523     17  2.00
      523    195  2.00
      523    214  2.00
      523    406  1.00
      523    417  2.00
      527     53  4.00
      527    128  2.00
      527    210  3.00
      527    330  1.00
      527    383  6.00
      527    545  2.00
      527    561  6.00
      528     40  5.00
      528     80  3.00
      528    138  6.00
      528    141  5.00
      528    160  3.00
      528    182  2.00
      528    390  2.00
      528    468  2.00
      528    543  3.00
      530    121  5.00
      530    141  6.00
      531    145  1.00
      531    297  1.00
      531    475  1.00
      531    501  1.00
      533      8  6.00
      533    196  3.00
      533    208  3.00
      533    222  4.00
      533    255  2.00
      533    337  2.00
      533    563  3.00
      534     59  6.00
      534    126  6.00
      534    230  6.00
      534    317  6.00
      534    540  6.00
      535     15  5.00
      535     42  4.00
      535    194  4.00
      535    224  5.00
      535    367  1.00
      535    380  2.00
      535    400  3.00
      535    454  4.00
      536    242  2.00
      536    398  3.00
      536    519  6.00
      538     73  1.00
      538    139  6.00
      538    161  2.00
      538    187  1.00
      538    197  6.00
      538    259  2.00
      538    359  6.00
      538    465  1.00
      538    504  1.00
      538    550  1.00
      539     14  1.00
      539    130  3.00
      539    152  2.00
      539    309  2.00
      539    348  1.00
      539    372  1.00
      539    402  1.00
      539    437  2.00
      539    467  2.00
      539    502  1.00
      540     35  6.00
      540    178  4.00
      540    237  5.00
      540    268  3.00
      540    277  6.00
      540    296  5.00
      540    346  4.00
      540    454  4.00
      540    534  4.00
      541     27  6.00
      541    107  2.00
      541    160  1.00
      541    332  1.00
      541    338  1.00
      541    485  3.00
      541    489  2.00
      541    491  1.00
      541    543  1.00
      542    323  1.00
      542    336  1.00
      542    391  1.00
      542    452  1.00
      542    531  1.00
      543    107  4.00
      543    160  5.00
      543    181  3.00
      543    332  5.00
      543    472  3.00
      543    528  3.00
      544     61  2.00
      544     79  2.00
      544    213  4.00
      544    422  2.00
      544    509  3.00
      545    508  6.00
      546      2  3.00
      546    312  3.00
      548     75  1.00
      548     77  2.00
      548     80  2.00
      548    298  2.00
      549     18  2.00
      549    103  3.00
      549    116  4.00
      549    254  3.00
      549    347  1.00
      550     63  1.00
      550     73  3.00
      550    169  1.00
      550    197  1.00
      550    262  1.00
      550    281  1.00
      550    359  1.00
      550    465  2.00
      551      6  5.00
      551     43  1.00
      551    219  2.00
      551    236  1.00
      551    363  4.00
      551    441  1.00
      551    517  1.00
      552    118  3.00
      552    294  2.00
      552    412  4.00
      553     45  3.00
      553     63  6.00
      553     70  3.00
      553     73  5.00
      553    139  4.00
      553    166  3.00
      553    197  3.00
      553    262  5.00
      553    465  3.00
      555     47  4.00
      555    107  2.00
      555    220  2.00
      555    309  3.00
      556      5  1.00
      556     10  1.00
      556    115  1.00
      556    188  4.00
      556    373  3.00
      557     61  1.00
      557    392  3.00
      557    482  3.00
      558     87  2.00
      558    111  2.00
      558    377  2.00
      560     15  3.00
      560     61  2.00
      560    164  1.00
      560    335  1.00
      560    450  2.00
      560    454  1.00
      561    247  2.00
      561    383  3.00
      561    527  5.00
      562     13  2.00
      562     32  5.00
      562    109  2.00
      562    136  3.00
      562    142  3.00
      562    185  2.00
      562    337  2.00
      562    339  2.00
      562    410  5.00
      562    488  1.00
      563      8  3.00
      563    389  1.00
      563    554  1.00