DL
N=746
FORMAT=EDGELIST1
DATA:
        1     44  4.00
        1    499  2.00
        1    583  3.00
        1    589  5.00
        2     48  4.00
        2     59  4.00
        2    171  5.00
        2    210  6.00
        2    420  2.00
        2    571  3.00
        2    681  3.00
        3     13  5.00
        3    196  6.00
        3    204  6.00
        3    249  6.00
        3    607  6.00
        3    651  2.00
        3    675  3.00
        4     43  1.00
        4    213  1.00
        4    284  2.00
        4    527  5.00
        4    571  3.00
        4    634  2.00
        4    742  4.00
        5    136  5.00
        5    430  2.00
        5    467  3.00
        5    477  4.00
        6     83  2.00
        6    345  1.00
        6    438  1.00
        6    478  2.00
        6    493  2.00
        6    629  2.00
        6    639  2.00
        8     11  5.00
        8     66  1.00
        8    104  4.00
        8    189  4.00
        8    262  1.00
        8    349  1.00
        8    568  1.00
        8    597  6.00
        8    611  4.00
        9     43  2.00
        9    127  4.00
        9    134  5.00
        9    207  4.00
        9    329  2.00
        9    424  4.00
        9    494  3.00
        9    634  4.00
       10    222  6.00
       10    243  5.00
       10    383  6.00
       10    508  5.00
       10    612  6.00
       11      8  5.00
       11    103  3.00
       11    104  6.00
       11    311  3.00
       11    597  6.00
       11    620  4.00
       11    628  3.00
       11    683  3.00
       12    303  4.00
       12    359  1.00
       12    664  1.00
       13      3  4.00
       13    158  6.00
       13    324  6.00
       13    403  5.00
       13    493  4.00
       13    651  4.00
       13    669  5.00
       14     84  2.00
       14    136  1.00
       14    213  4.00
       14    265  3.00
       14    268  3.00
       14    380  1.00
       14    430  1.00
       14    701  6.00
       15    294  1.00
       15    325  1.00
       15    569  1.00
       15    650  1.00
       16     93  1.00
       16    541  5.00
       17     35  4.00
       17     63  4.00
       17    130  2.00
       17    345  5.00
       17    358  1.00
       17    438  6.00
       17    715  4.00
       18    220  5.00
       18    565  4.00
       19    211  3.00
       19    215  3.00
       19    389  5.00
       19    394  4.00
       20    200  5.00
       20    259  5.00
       20    260  5.00
       20    351  5.00
       20    684  5.00
       21    187  1.00
       21    273  1.00
       21    450  1.00
       21    549  2.00
       21    612  1.00
       21    741  2.00
       22     42  3.00
       22    578  3.00
       22    708  4.00
       23     54  4.00
       23    174  2.00
       23    270  1.00
       23    306  3.00
       23    373  6.00
       23    556  1.00
       23    563  3.00
       24    693  1.00
       25     13  3.00
       25    158  3.00
       25    651  3.00
       25    669  4.00
       26    134  2.00
       26    140  2.00
       26    228  2.00
       26    281  3.00
       26    316  1.00
       26    344  5.00
       26    369  1.00
       26    615  2.00
       30    176  1.00
       30    226  2.00
       30    298  4.00
       31    175  2.00
       31    548  2.00
       31    729  2.00
       32     59  6.00
       32    119  2.00
       32    155  2.00
       32    178  2.00
       32    324  1.00
       32    493  1.00
       32    587  2.00
       32    681  5.00
       33    176  2.00
       33    298  3.00
       33    372  4.00
       33    454  6.00
       33    506  6.00
       34     42  3.00
       34    128  6.00
       34    188  5.00
       34    194  4.00
       34    205  2.00
       34    276  3.00
       34    408  4.00
       34    434  4.00
       35     17  5.00
       35    345  4.00
       35    438  3.00
       35    497  5.00
       35    621  3.00
       35    656  2.00
       35    705  1.00
       36    452  2.00
       36    665  2.00
       37    269  6.00
       37    365  5.00
       37    400  3.00
       37    448  2.00
       37    522  3.00
       37    623  5.00
       38    130  5.00
       38    578  6.00
       38    708  1.00
       39    187  4.00
       39    346  3.00
       39    644  2.00
       40    367  2.00
       41     84  5.00
       41    155  1.00
       41    168  6.00
       41    412  2.00
       41    442  1.00
       41    489  6.00
       42     29  5.00
       42     34  4.00
       42    128  6.00
       42    172  6.00
       42    258  5.00
       42    490  5.00
       42    578  6.00
       42    680  6.00
       42    743  4.00
       43    127  2.00
       43    371  2.00
       43    521  2.00
       43    527  3.00
       43    634  1.00
       43    742  1.00
       44      1  6.00
       44     62  6.00
       44    468  3.00
       44    499  2.00
       44    543  6.00
       44    583  4.00
       45    210  3.00
       45    228  3.00
       45    329  4.00
       45    424  4.00
       46     13  4.00
       46    127  2.00
       46    208  2.00
       46    210  4.00
       46    261  2.00
       46    344  3.00
       46    493  6.00
       46    699  2.00
       47    210  4.00
       47    270  3.00
       47    408  2.00
       47    434  3.00
       47    592  3.00
       48     42  2.00
       48     73  1.00
       48    109  6.00
       48    113  1.00
       48    194  4.00
       48    210  4.00
       48    241  3.00
       48    743  5.00
       49     99  1.00
       49    214  4.00
       49    525  4.00
       50    106  6.00
       51     85  2.00
       51    327  2.00
       51    383  2.00
       51    482  2.00
       51    508  2.00
       52    104  5.00
       52    241  5.00
       52    468  5.00
       52    583  2.00
       52    638  4.00
       52    709  6.00
       53    194  4.00
       53    198  5.00
       53    209  6.00
       53    476  5.00
       53    492  6.00
       53    585  2.00
       53    634  2.00
       54     23  5.00
       54    373  5.00
       54    479  2.00
       54    544  2.00
       54    563  6.00
       55     78  4.00
       55    136  1.00
       55    158  3.00
       55    178  3.00
       55    277  1.00
       55    324  5.00
       55    430  4.00
       55    604  1.00
       55    651  3.00
       55    713  4.00
       56    227  1.00
       56    247  5.00
       56    411  1.00
       56    599  5.00
       56    689  1.00
       58    160  4.00
       58    194  3.00
       58    198  2.00
       58    251  5.00
       58    276  5.00
       58    373  3.00
       58    413  3.00
       58    490  4.00
       60    238  6.00
       60    268  4.00
       60    466  5.00
       60    562  6.00
       60    568  6.00
       61     75  3.00
       61    295  2.00
       61    314  3.00
       61    710  4.00
       62     44  5.00
       62    208  3.00
       62    228  6.00
       62    350  5.00
       62    543  5.00
       62    599  3.00
       62    699  6.00
       63     34  2.00
       63     65  2.00
       63     83  2.00
       63    124  2.00
       63    128  2.00
       63    186  2.00
       63    210  2.00
       63    475  2.00
       64     94  2.00
       64    173  2.00
       64    215  2.00
       64    506  2.00
       64    526  2.00
       64    653  2.00
       65     63  1.00
       65    124  1.00
       65    192  3.00
       65    478  3.00
       66      8  4.00
       66    189  1.00
       66    262  4.00
       66    349  4.00
       66    420  5.00
       68     70  4.00
       68     74  6.00
       68     77  6.00
       68    113  2.00
       68    193  4.00
       68    205  2.00
       68    366  5.00
       68    464  5.00
       68    558  1.00
       68    743  6.00
       69    108  1.00
       69    232  1.00
       69    418  1.00
       69    700  2.00
       70     34  6.00
       70     73  6.00
       70    113  3.00
       70    128  6.00
       70    172  3.00
       70    188  6.00
       70    193  4.00
       70    194  5.00
       70    464  2.00
       70    490  4.00
       73     34  3.00
       73     70  4.00
       73    113  3.00
       73    172  3.00
       73    188  4.00
       73    194  2.00
       73    345  6.00
       73    598  4.00
       73    634  3.00
       74     68  4.00
       74     77  3.00
       74     91  1.00
       74    157  4.00
       74    606  4.00
       74    740  1.00
       75    188  4.00
       75    197  5.00
       75    210  3.00
       75    228  4.00
       75    269  2.00
       75    415  2.00
       75    523  3.00
       76     89  6.00
       76    280  2.00
       76    284  2.00
       76    466  4.00
       76    584  4.00
       76    623  4.00
       76    634  3.00
       76    640  2.00
       76    742  3.00
       77     68  6.00
       77     74  4.00
       77     91  4.00
       77    133  6.00
       77    194  2.00
       77    708  2.00
       77    743  5.00
       78     65  1.00
       78     74  1.00
       78    136  1.00
       78    158  4.00
       78    178  1.00
       78    297  4.00
       78    430  1.00
       78    559  6.00
       78    713  6.00
       79     74  3.00
       79    171  2.00
       79    181  1.00
       79    228  3.00
       79    448  6.00
       79    486  2.00
       79    609  4.00
       79    730  3.00
       80     35  1.00
       80     97  1.00
       80    110  1.00
       80    184  1.00
       80    340  1.00
       80    656  1.00
       80    705  1.00
       80    745  1.00
       82    101  3.00
       82    127  3.00
       82    217  1.00
       82    242  3.00
       82    493  1.00
       82    675  1.00
       83      6  1.00
       83     35  2.00
       83     97  3.00
       83    165  2.00
       83    201  3.00
       83    207  5.00
       83    606  3.00
       83    679  6.00
       83    705  3.00
       84    295  4.00
       84    314  4.00
       84    324  1.00
       84    493  2.00
       84    518  3.00
       84    532  2.00
       84    586  1.00
       84    607  3.00
       84    669  2.00
       85     51  1.00
       85     57  1.00
       85    259  1.00
       85    327  6.00
       85    482  2.00
       87     75  2.00
       87    189  6.00
       87    346  1.00
       87    381  5.00
       87    530  5.00
       87    571  1.00
       87    611  4.00
       89     76  6.00
       89    131  3.00
       89    265  5.00
       89    461  4.00
       90    183  1.00
       90    334  4.00
       90    390  1.00
       90    520  1.00
       90    532  1.00
       90    547  2.00
       90    635  1.00
       91     38  5.00
       91     74  1.00
       91     77  1.00
       91    130  2.00
       91    133  1.00
       91    172  4.00
       91    707  5.00
       91    708  5.00
       92    397  2.00
       92    521  4.00
       92    527  2.00
       92    594  2.00
       92    719  4.00
       93     16  4.00
       93    377  2.00
       93    541  2.00
       95    167  2.00
       95    182  1.00
       95    399  1.00
       95    401  3.00
       95    469  3.00
       95    517  3.00
       95    601  1.00
       95    653  3.00
       96     22  1.00
       96    216  4.00
       96    234  6.00
       96    339  1.00
       96    614  1.00
       96    615  1.00
       96    617  1.00
       97    228  6.00
       97    269  6.00
       97    297  6.00
       97    656  6.00
       97    705  6.00
       98    307  3.00
       98    404  3.00
       98    613  6.00
       99    291  2.00
       99    532  1.00
       99    586  2.00
       99    710  3.00
      100     42  1.00
      100    180  1.00
      100    723  6.00
      101     97  3.00
      101    345  5.00
      101    621  2.00
      101    656  2.00
      102    278  4.00
      102    694  1.00
      103    547  2.00
      103    586  4.00
      103    624  2.00
      103    635  1.00
      104      8  2.00
      104    189  4.00
      104    226  1.00
      104    298  4.00
      104    643  2.00
      104    709  5.00
      105     22  4.00
      105    111  2.00
      105    431  6.00
      105    437  6.00
      107    156  2.00
      107    246  3.00
      107    323  2.00
      107    454  2.00
      108    582  4.00
      108    700  3.00
      109    461  2.00
      109    570  4.00
      109    640  2.00
      109    660  6.00
      110    184  5.00
      110    201  3.00
      110    345  5.00
      110    523  2.00
      110    563  4.00
      110    610  5.00
      110    720  2.00
      111    154  2.00
      111    241  2.00
      111    244  1.00
      111    253  1.00
      111    260  1.00
      111    290  5.00
      111    562  1.00
      111    583  3.00
      111    711  5.00
      112    248  2.00
      112    413  1.00
      112    441  1.00
      112    468  2.00
      112    572  2.00
      112    583  3.00
      112    590  1.00
      113     34  3.00
      113     42  5.00
      113     68  1.00
      113     70  2.00
      113     91  3.00
      113    133  4.00
      113    172  6.00
      113    194  1.00
      113    578  5.00
      114    160  1.00
      114    203  1.00
      114    318  6.00
      114    563  5.00
      114    707  1.00
      115    212  6.00
      115    217  6.00
      115    384  4.00
      115    577  2.00
      115    704  6.00
      116    282  4.00
      116    462  3.00
      118    498  2.00
      118    562  2.00
      118    645  5.00
      119     32  3.00
      119    155  4.00
      119    593  6.00
      119    604  5.00
      120    447  3.00
      120    571  1.00
      121     21  4.00
      121    232  1.00
      121    255  1.00
      121    425  1.00
      121    536  1.00
      121    582  3.00
      121    701  2.00
      122     47  5.00
      122    434  5.00
      122    592  3.00
      123    130  2.00
      123    161  2.00
      123    177  2.00
      123    228  2.00
      123    729  2.00
      124     63  6.00
      124     65  2.00
      124    345  3.00
      124    438  3.00
      124    715  4.00
      125     25  5.00
      125    334  1.00
      125    419  2.00
      125    601  3.00
      125    602  3.00
      126    261  3.00
      126    351  3.00
      126    699  2.00
      126    726  4.00
      127    171  6.00
      127    261  6.00
      127    699  5.00
      127    707  6.00
      128     34  6.00
      128     42  4.00
      128     70  5.00
      128    188  6.00
      128    193  4.00
      128    194  4.00
      128    205  2.00
      128    408  3.00
      128    578  2.00
      128    743  4.00
      129    121  1.00
      129    187  1.00
      129    222  2.00
      129    255  1.00
      129    436  3.00
      129    480  4.00
      129    612  1.00
      129    688  4.00
      130     38  6.00
      130     91  4.00
      130    177  6.00
      130    242  5.00
      130    366  5.00
      130    618  5.00
      131     36  1.00
      131    452  1.00
      131    608  1.00
      131    633  6.00
      131    636  5.00
      131    668  1.00
      132    205  6.00
      132    375  2.00
      132    533  6.00
      132    676  3.00
      133     77  5.00
      133     91  2.00
      133    193  3.00
      133    708  4.00
      134     53  2.00
      134     73  3.00
      134    126  1.00
      134    424  1.00
      134    494  1.00
      134    551  1.00
      134    634  6.00
      134    726  2.00
      135    330  4.00
      135    647  3.00
      136      5  5.00
      136     55  1.00
      136     78  1.00
      136    168  1.00
      136    178  4.00
      136    277  2.00
      136    324  1.00
      136    430  5.00
      136    477  5.00
      136    669  1.00
      137    623  3.00
      137    730  1.00
      138     77  1.00
      138     91  1.00
      138    133  1.00
      138    420  4.00
      138    492  5.00
      138    681  5.00
      138    691  4.00
      138    730  4.00
      138    740  1.00
      139    202  2.00
      139    213  2.00
      139    216  2.00
      139    280  2.00
      139    498  3.00
      139    623  3.00
      139    651  2.00
      139    683  6.00
      139    695  2.00
      140     26  2.00
      140    213  2.00
      140    237  2.00
      140    344  5.00
      140    742  1.00
      142    144  2.00
      142    154  2.00
      142    498  2.00
      142    520  2.00
      142    636  2.00
      142    745  2.00
      143    219  2.00
      143    378  1.00
      143    501  4.00
      143    521  3.00
      143    571  2.00
      143    708  2.00
      143    730  2.00
      144     62  2.00
      144    228  2.00
      144    358  1.00
      144    490  3.00
      144    568  2.00
      144    578  1.00
      144    648  3.00
      144    670  1.00
      144    676  2.00
      145     84  1.00
      145    273  2.00
      145    300  3.00
      145    307  3.00
      145    409  2.00
      145    488  4.00
      145    537  2.00
      145    653  2.00
      146     42  2.00
      146    113  4.00
      146    114  1.00
      146    578  4.00
      148    111  2.00
      148    226  1.00
      148    260  2.00
      148    447  6.00
      148    453  4.00
      148    562  3.00
      149    272  4.00
      149    296  1.00
      149    405  5.00
      149    472  4.00
      150     78  1.00
      150    210  3.00
      150    257  6.00
      150    297  4.00
      150    455  5.00
      150    551  2.00
      150    553  4.00
      150    580  4.00
      151    231  1.00
      151    254  3.00
      151    376  1.00
      151    453  2.00
      151    562  3.00
      152     17  2.00
      152    110  3.00
      152    184  4.00
      152    332  1.00
      152    340  5.00
      152    353  2.00
      152    509  1.00
      152    605  3.00
      152    720  5.00
      153     85  1.00
      153    125  1.00
      153    232  4.00
      153    296  1.00
      153    395  6.00
      153    536  2.00
      153    678  1.00
      154    111  4.00
      154    142  6.00
      154    148  1.00
      154    230  4.00
      154    241  4.00
      154    310  3.00
      154    376  2.00
      154    562  2.00
      154    567  1.00
      154    638  2.00
      155     78  1.00
      155     84  2.00
      155    295  2.00
      155    357  3.00
      155    483  3.00
      155    489  1.00
      156    164  2.00
      156    264  6.00
      156    281  3.00
      156    344  1.00
      156    460  4.00
      156    467  2.00
      156    688  2.00
      157     74  6.00
      157    366  4.00
      157    609  4.00
      158     13  6.00
      158     78  6.00
      158    136  2.00
      158    157  6.00
      158    178  5.00
      158    324  6.00
      158    675  6.00
      159      5  5.00
      159     57  2.00
      159    100  5.00
      159    508  2.00
      159    607  2.00
      160     42  2.00
      160     58  5.00
      160    114  2.00
      160    194  2.00
      160    251  6.00
      160    440  2.00
      160    490  6.00
      160    680  6.00
      160    717  6.00
      161    228  6.00
      161    302  1.00
      161    571  2.00
      161    729  6.00
      163     43  1.00
      163    213  4.00
      163    234  3.00
      163    284  3.00
      163    400  3.00
      163    522  6.00
      163    533  1.00
      163    571  2.00
      163    614  1.00
      163    623  5.00
      164     14  2.00
      164     84  5.00
      164    156  2.00
      164    295  1.00
      164    314  1.00
      164    442  1.00
      165     35  4.00
      165     42  4.00
      165     83  3.00
      165    164  5.00
      165    174  3.00
      165    538  5.00
      165    577  6.00
      166    279  5.00
      166    529  6.00
      166    585  5.00
      167     95  1.00
      167    295  1.00
      167    308  2.00
      167    537  1.00
      167    601  3.00
      167    602  2.00
      167    653  1.00
      168     78  5.00
      168    158  5.00
      168    178  2.00
      168    277  2.00
      168    354  4.00
      168    430  2.00
      168    559  2.00
      168    675  5.00
      168    734  1.00
      169    285  2.00
      169    306  3.00
      169    619  6.00
      169    728  6.00
      169    740  3.00
      170     12  2.00
      170     24  1.00
      170    303  4.00
      170    391  1.00
      170    741  6.00
      171    127  5.00
      171    178  6.00
      171    261  6.00
      171    598  6.00
      171    740  2.00
      173    102  1.00
      173    271  2.00
      173    296  3.00
      173    385  1.00
      173    520  1.00
      173    624  3.00
      174     23  4.00
      174    373  6.00
      174    423  3.00
      174    538  6.00
      174    556  5.00
      174    577  4.00
      176     30  6.00
      176    279  4.00
      176    709  2.00
      178     55  1.00
      178     78  2.00
      178    177  4.00
      178    192  5.00
      178    277  2.00
      178    324  1.00
      178    669  1.00
      178    670  3.00
      178    675  3.00
      179     25  3.00
      179    238  2.00
      179    273  3.00
      179    470  2.00
      179    496  3.00
      179    701  3.00
      179    703  2.00
      180     16  1.00
      180     93  4.00
      180    196  1.00
      180    541  2.00
      180    573  5.00
      180    579  6.00
      181     79  3.00
      181    213  3.00
      181    263  3.00
      181    265  3.00
      181    369  3.00
      181    380  3.00
      181    400  3.00
      181    487  3.00
      182    401  4.00
      182    433  1.00
      182    517  2.00
      182    622  2.00
      183     90  3.00
      183    334  2.00
      183    473  3.00
      183    635  4.00
      183    678  2.00
      184     38  3.00
      184    110  4.00
      184    186  1.00
      184    332  1.00
      184    376  4.00
      184    509  2.00
      184    720  1.00
      186    259  1.00
      186    698  1.00
      187    129  1.00
      187    245  3.00
      187    391  1.00
      188     34  5.00
      188     42  2.00
      188     70  6.00
      188     73  3.00
      188    113  4.00
      188    128  6.00
      188    194  4.00
      188    707  2.00
      189      8  2.00
      189    103  5.00
      189    104  5.00
      189    346  1.00
      189    381  3.00
      189    463  1.00
      189    530  5.00
      189    611  6.00
      190    168  1.00
      190    204  1.00
      190    214  1.00
      190    518  2.00
      190    520  6.00
      190    525  1.00
      190    532  1.00
      190    607  4.00
      191     14  1.00
      191    493  1.00
      191    520  4.00
      191    559  1.00
      191    578  1.00
      191    604  1.00
      191    607  2.00
      191    701  1.00
      192    178  4.00
      193     70  4.00
      193    172  1.00
      193    188  1.00
      193    194  2.00
      193    205  3.00
      193    408  3.00
      193    511  3.00
      193    585  6.00
      193    592  1.00
      193    743  4.00
      194     34  4.00
      194     70  4.00
      194    128  5.00
      194    172  5.00
      194    188  5.00
      194    251  4.00
      194    270  5.00
      194    423  5.00
      194    585  4.00
      195    500  1.00
      195    567  1.00
      196    207  5.00
      196    535  4.00
      196    544  4.00
      196    656  5.00
      196    670  4.00
      197     75  3.00
      197    111  3.00
      197    226  4.00
      197    346  5.00
      198     45  3.00
      198    440  1.00
      198    494  5.00
      199    585  6.00
      199    665  6.00
      200     20  3.00
      200    260  2.00
      200    312  1.00
      200    351  3.00
      200    616  1.00
      200    684  4.00
      201     55  5.00
      201    113  4.00
      201    605  6.00
      201    655  6.00
      201    656  2.00
      201    705  1.00
      202     18  1.00
      202     43  1.00
      202    139  1.00
      202    213  1.00
      202    216  1.00
      202    462  4.00
      202    683  2.00
      202    695  2.00
      202    731  1.00
      203     68  3.00
      203    114  2.00
      203    172  1.00
      203    258  6.00
      203    270  2.00
      203    707  6.00
      203    743  3.00
      204      3  4.00
      204     72  4.00
      204    248  4.00
      204    583  4.00
      205    113  1.00
      205    132  6.00
      205    188  2.00
      205    193  5.00
      205    194  1.00
      205    511  5.00
      206     20  2.00
      206     83  3.00
      206    165  2.00
      206    297  2.00
      206    341  2.00
      206    396  2.00
      206    652  5.00
      209     53  5.00
      209     77  2.00
      209    138  1.00
      209    203  2.00
      209    281  1.00
      209    516  3.00
      209    594  2.00
      209    658  3.00
      210     47  6.00
      210    408  6.00
      210    434  6.00
      210    486  4.00
      210    511  6.00
      211    236  5.00
      211    246  2.00
      211    465  5.00
      211    495  5.00
      211    666  4.00
      211    682  5.00
      212    115  4.00
      212    283  4.00
      212    372  5.00
      212    384  6.00
      212    641  5.00
      213    227  5.00
      213    280  5.00
      213    284  5.00
      213    411  5.00
      213    623  5.00
      213    689  3.00
      214     49  6.00
      214    190  3.00
      214    314  2.00
      214    337  2.00
      214    520  2.00
      214    525  6.00
      214    532  2.00
      214    607  5.00
      215    102  2.00
      215    173  2.00
      215    385  3.00
      215    389  5.00
      215    506  2.00
      216     96  1.00
      216    139  1.00
      216    457  1.00
      216    683  2.00
      216    695  1.00
      217      2  5.00
      217    115  4.00
      217    384  5.00
      217    641  5.00
      218    220  4.00
      218    375  5.00
      219    143  4.00
      219    213  1.00
      219    501  5.00
      219    623  1.00
      219    689  1.00
      220    565  4.00
      222    129  2.00
      222    480  3.00
      222    612  3.00
      223    512  1.00
      223    554  2.00
      228     62  5.00
      228    123  4.00
      228    729  6.00
      229    245  3.00
      230    101  3.00
      230    154  4.00
      231     65  1.00
      231     83  1.00
      231    180  2.00
      231    315  6.00
      231    330  2.00
      231    376  6.00
      231    562  3.00
      231    645  5.00
      232    121  5.00
      232    153  3.00
      232    401  2.00
      232    700  2.00
      233    566  6.00
      233    607  2.00
      234     96  6.00
      234    267  6.00
      234    614  6.00
      234    615  6.00
      234    617  5.00
      234    704  5.00
      235    223  2.00
      235    225  3.00
      235    316  1.00
      235    475  1.00
      235    512  5.00
      235    614  1.00
      235    617  1.00
      235    733  2.00
      235    735  6.00
      236    211  5.00
      236    465  5.00
      236    666  2.00
      236    698  1.00
      237     17  1.00
      237    165  1.00
      237    195  5.00
      237    213  2.00
      237    539  6.00
      237    666  4.00
      238     60  6.00
      238    179  4.00
      238    181  3.00
      238    265  5.00
      238    268  5.00
      238    383  6.00
      238    466  2.00
      238    568  4.00
      239    277  3.00
      239    354  1.00
      239    430  2.00
      239    559  1.00
      239    604  4.00
      239    713  1.00
      241     52  5.00
      241    111  4.00
      241    194  2.00
      241    246  3.00
      241    468  5.00
      241    522  3.00
      241    583  3.00
      241    623  2.00
      243     67  1.00
      243    467  1.00
      243    526  4.00
      243    575  1.00
      244    246  1.00
      244    323  6.00
      244    362  2.00
      244    447  2.00
      244    453  2.00
      244    562  2.00
      245     52  3.00
      245    589  3.00
      246     28  3.00
      246    107  3.00
      246    241  3.00
      246    244  1.00
      246    313  1.00
      246    552  2.00
      246    664  4.00
      246    696  1.00
      246    718  4.00
      247     22  2.00
      247     55  6.00
      247     56  2.00
      247     62  1.00
      247    297  3.00
      247    350  1.00
      247    475  2.00
      247    543  1.00
      247    599  5.00
      247    708  2.00
      248     58  1.00
      248    112  1.00
      248    251  2.00
      248    371  1.00
      248    413  2.00
      248    514  1.00
      248    583  4.00
      248    676  1.00
      248    728  1.00
      249      3  5.00
      249    204  5.00
      249    248  5.00
      249    251  2.00
      249    583  5.00
      249    728  1.00
      250    568  5.00
      251     58  2.00
      251    160  6.00
      251    194  5.00
      251    276  2.00
      251    413  1.00
      251    490  6.00
      251    592  1.00
      251    717  2.00
      252    219  1.00
      252    278  6.00
      252    535  1.00
      252    674  6.00
      253    415  3.00
      253    541  1.00
      253    625  1.00
      253    642  1.00
      253    647  1.00
      255     39  2.00
      255    155  2.00
      255    288  2.00
      255    294  2.00
      255    416  2.00
      255    425  2.00
      255    663  2.00
      256    204  2.00
      256    215  1.00
      256    390  2.00
      256    582  1.00
      257    150  5.00
      257    155  2.00
      257    455  5.00
      257    549  1.00
      257    553  6.00
      258    188  1.00
      258    194  1.00
      258    203  6.00
      258    270  3.00
      258    434  3.00
      258    440  3.00
      258    578  2.00
      258    707  5.00
      260    111  1.00
      260    148  1.00
      260    154  1.00
      260    447  3.00
      260    453  3.00
      260    562  3.00
      260    616  1.00
      261     45  1.00
      261    124  1.00
      261    127  4.00
      261    171  5.00
      261    494  1.00
      261    699  6.00
      262     66  4.00
      262    189  1.00
      262    597  1.00
      262    612  5.00
      262    659  5.00
      262    662  5.00
      262    706  4.00
      263    164  2.00
      263    470  6.00
      263    496  5.00
      263    632  2.00
      263    640  5.00
      263    673  3.00
      263    702  2.00
      264    164  2.00
      264    272  6.00
      264    357  6.00
      264    385  3.00
      264    460  3.00
      264    688  3.00
      265     36  2.00
      265    181  3.00
      265    238  6.00
      265    380  5.00
      265    452  4.00
      265    461  4.00
      265    565  5.00
      265    568  2.00
      266    194  3.00
      266    276  4.00
      266    342  5.00
      266    376  4.00
      266    381  3.00
      266    433  3.00
      266    556  6.00
      266    700  6.00
      267    234  4.00
      267    381  5.00
      267    571  4.00
      267    614  3.00
      267    615  4.00
      267    617  3.00
      267    704  5.00
      268    179  3.00
      268    238  6.00
      268    376  5.00
      268    383  3.00
      268    460  4.00
      268    466  5.00
      268    613  2.00
      268    632  4.00
      268    713  5.00
      269     37  6.00
      269    299  6.00
      269    365  6.00
      269    448  3.00
      269    522  3.00
      269    623  3.00
      270    203  2.00
      270    258  4.00
      270    276  6.00
      270    563  3.00
      270    592  6.00
      270    609  5.00
      270    707  5.00
      270    743  6.00
      271    389  5.00
      271    433  1.00
      271    463  2.00
      271    532  1.00
      271    536  3.00
      271    595  1.00
      271    661  1.00
      271    722  2.00
      271    723  1.00
      272    190  1.00
      272    405  4.00
      272    472  3.00
      272    506  3.00
      272    508  1.00
      272    532  5.00
      272    607  3.00
      275    246  4.00
      275    412  2.00
      275    587  3.00
      276     47  4.00
      276     58  3.00
      276    251  5.00
      276    270  5.00
      276    413  2.00
      276    556  4.00
      276    592  3.00
      277     78  3.00
      277    136  2.00
      277    168  3.00
      277    178  5.00
      277    304  4.00
      277    321  6.00
      277    430  2.00
      277    483  2.00
      277    497  6.00
      278     23  2.00
      278     97  2.00
      278    102  2.00
      278    252  2.00
      278    370  2.00
      278    574  2.00
      278    587  2.00
      278    669  2.00
      278    674  2.00
      279    166  4.00
      279    176  4.00
      279    276  4.00
      279    538  6.00
      279    556  6.00
      279    589  4.00
      280     56  2.00
      280     76  4.00
      280    139  2.00
      280    227  2.00
      280    284  6.00
      280    411  4.00
      280    623  2.00
      280    689  2.00
      280    734  3.00
      280    742  1.00
      281     26  4.00
      281    165  2.00
      281    344  6.00
      281    548  2.00
      281    594  3.00
      281    658  2.00
      282    116  6.00
      282    124  5.00
      283    212  5.00
      283    384  4.00
      283    641  3.00
      285     52  1.00
      285    241  1.00
      285    306  2.00
      285    468  1.00
      285    572  3.00
      285    728  5.00
      286    118  2.00
      286    564  5.00
      287    109  1.00
      287    381  2.00
      288    187  3.00
      288    255  6.00
      288    294  3.00
      288    436  3.00
      288    575  2.00
      289    422  3.00
      289    495  4.00
      289    651  2.00
      291    295  2.00
      291    303  3.00
      291    314  4.00
      291    357  3.00
      291    442  1.00
      291    483  2.00
      292      5  2.00
      292    136  2.00
      292    158  2.00
      292    483  2.00
      292    509  5.00
      292    574  5.00
      292    587  1.00
      294    255  3.00
      294    288  4.00
      296    149  2.00
      296    272  2.00
      296    405  4.00
      296    472  5.00
      296    484  2.00
      297     78  6.00
      297    634  4.00
      298    103  4.00
      298    104  4.00
      298    226  5.00
      298    381  2.00
      298    709  2.00
      299    170  6.00
      299    321  2.00
      299    612  2.00
      299    673  1.00
      299    741  6.00
      300    307  2.00
      300    488  2.00
      301      8  2.00
      301    210  4.00
      301    434  4.00
      301    543  1.00
      301    620  4.00
      302    361  5.00
      302    366  2.00
      303     12  5.00
      303    378  3.00
      304     78  4.00
      304    136  3.00
      304    178  3.00
      304    272  4.00
      304    277  6.00
      304    497  4.00
      304    559  5.00
      304    713  4.00
      305    174  1.00
      305    285  1.00
      305    310  6.00
      305    346  1.00
      305    572  1.00
      306    169  3.00
      306    285  2.00
      306    619  5.00
      306    728  2.00
      306    740  6.00
      308    167  1.00
      308    444  1.00
      308    451  1.00
      308    458  1.00
      308    542  1.00
      308    601  1.00
      308    622  1.00
      308    690  1.00
      309     22  5.00
      309    171  2.00
      309    459  2.00
      309    475  2.00
      309    561  1.00
      309    634  1.00
      309    715  1.00
      310    165  2.00
      310    305  6.00
      312     83  1.00
      312    200  1.00
      312    266  1.00
      312    305  1.00
      312    405  1.00
      312    488  1.00
      312    571  1.00
      314     84  4.00
      314    291  4.00
      314    295  5.00
      314    320  4.00
      314    409  3.00
      314    484  3.00
      314    520  3.00
      314    525  2.00
      315    231  2.00
      315    645  2.00
      317    314  1.00
      317    390  1.00
      317    580  1.00
      318    110  5.00
      318    114  6.00
      318    276  5.00
      318    471  5.00
      318    538  2.00
      318    556  3.00
      318    563  2.00
      318    610  3.00
      318    743  1.00
      319    475  4.00
      319    708  4.00
      320    144  6.00
      320    250  6.00
      320    466  5.00
      320    568  6.00
      321    136  1.00
      321    158  1.00
      321    168  1.00
      321    178  1.00
      321    277  4.00
      321    304  1.00
      321    430  1.00
      321    477  1.00
      321    675  1.00
      322    102  2.00
      322    108  2.00
      322    444  3.00
      322    542  4.00
      323    259  1.00
      323    362  1.00
      323    447  1.00
      324     46  5.00
      324    136  2.00
      324    178  3.00
      324    403  6.00
      324    493  6.00
      324    651  3.00
      324    669  6.00
      325    650  3.00
      326    303  4.00
      326    611  1.00
      326    640  1.00
      327     85  6.00
      327    628  4.00
      327    716  3.00
      329     45  6.00
      329    127  6.00
      329    136  6.00
      329    421  6.00
      329    424  6.00
      332    144  3.00
      332    184  2.00
      332    474  1.00
      332    552  3.00
      333    187  4.00
      333    364  2.00
      333    391  2.00
      333    394  1.00
      333    436  2.00
      333    644  3.00
      334     90  2.00
      334    125  2.00
      334    183  2.00
      334    547  2.00
      334    635  2.00
      335    449  3.00
      335    553  1.00
      335    575  1.00
      336      5  2.00
      336    136  2.00
      336    412  1.00
      336    442  1.00
      336    451  1.00
      336    489  1.00
      336    574  2.00
      337     49  4.00
      337    180  6.00
      337    214  1.00
      337    370  6.00
      337    525  4.00
      337    710  4.00
      338     94  6.00
      338    308  1.00
      338    481  1.00
      338    491  1.00
      338    500  4.00
      338    700  2.00
      339     96  5.00
      339    132  5.00
      339    213  5.00
      339    505  4.00
      339    522  6.00
      339    623  4.00
      339    715  5.00
      340    111  2.00
      340    152  4.00
      340    696  5.00
      340    711  2.00
      340    720  4.00
      342    103  1.00
      342    280  3.00
      342    547  3.00
      344     26  6.00
      344    132  5.00
      344    140  6.00
      344    281  6.00
      344    284  6.00
      344    460  6.00
      344    522  6.00
      344    614  6.00
      344    615  6.00
      344    617  6.00
      345     17  6.00
      345     35  4.00
      345     73  6.00
      345    110  6.00
      345    124  4.00
      345    355  1.00
      345    386  1.00
      345    621  6.00
      345    639  1.00
      345    656  1.00
      349    189  2.00
      350     44  4.00
      350     62  6.00
      350    228  3.00
      350    247  3.00
      350    543  4.00
      350    599  3.00
      350    699  4.00
      350    731  1.00
      351     20  5.00
      351    126  2.00
      351    134  1.00
      351    260  2.00
      351    684  4.00
      351    726  5.00
      352    353  4.00
      352    410  6.00
      352    553  6.00
      352    720  3.00
      353    410  5.00
      354     55  6.00
      354     78  6.00
      354    136  1.00
      354    158  6.00
      354    168  5.00
      354    178  1.00
      354    277  1.00
      354    477  1.00
      355    187  1.00
      355    404  1.00
      355    425  2.00
      355    701  1.00
      356    440  2.00
      356    464  2.00
      356    476  5.00
      357    158  2.00
      357    264  6.00
      357    291  3.00
      357    324  2.00
      357    442  6.00
      357    652  3.00
      357    713  6.00
      358     46  1.00
      358    171  1.00
      358    207  5.00
      358    212  1.00
      358    228  1.00
      361    134  1.00
      361    177  6.00
      361    379  1.00
      361    640  6.00
      363    719  1.00
      364    402  3.00
      364    540  1.00
      364    587  1.00
      365    134  6.00
      365    212  5.00
      365    269  6.00
      366     74  6.00
      366     77  3.00
      366     91  2.00
      366    157  4.00
      366    609  4.00
      366    740  3.00
      367     40  3.00
      367    215  3.00
      367    272  3.00
      367    390  4.00
      367    409  3.00
      368      3  1.00
      368    455  1.00
      368    506  1.00
      368    663  1.00
      369    181  2.00
      369    316  6.00
      370    101  4.00
      370    164  1.00
      370    230  4.00
      370    337  6.00
      371    114  1.00
      371    174  1.00
      371    413  1.00
      371    415  1.00
      371    527  6.00
      371    563  1.00
      372    212  6.00
      372    384  2.00
      373     23  6.00
      373    174  6.00
      373    415  6.00
      373    510  6.00
      373    538  6.00
      375     42  4.00
      375    205  4.00
      375    258  4.00
      375    475  2.00
      375    511  5.00
      375    676  6.00
      376    231  5.00
      376    260  2.00
      376    379  3.00
      376    454  3.00
      376    562  2.00
      376    645  5.00
      377     93  4.00
      377    213  3.00
      377    403  4.00
      377    541  4.00
      378    303  6.00
      378    351  2.00
      378    486  4.00
      379    213  2.00
      379    267  2.00
      379    361  1.00
      379    380  1.00
      379    519  1.00
      379    521  6.00
      379    527  3.00
      379    704  4.00
      380     18  1.00
      380    265  4.00
      380    400  4.00
      380    527  4.00
      380    571  2.00
      380    660  2.00
      381     52  1.00
      381     87  4.00
      381    189  5.00
      381    267  6.00
      381    346  3.00
      381    643  1.00
      381    700  6.00
      381    704  6.00
      383     47  2.00
      383    194  1.00
      383    272  2.00
      383    710  1.00
      383    721  4.00
      384    115  4.00
      384    212  6.00
      384    217  6.00
      384    283  6.00
      384    372  2.00
      384    408  4.00
      384    641  6.00
      386     35  1.00
      386     97  4.00
      386    201  1.00
      386    438  2.00
      386    478  4.00
      386    656  4.00
      386    705  2.00
      388    173  1.00
      388    444  1.00
      388    593  1.00
      388    604  1.00
      388    741  1.00
      389     19  5.00
      389    100  2.00
      389    211  3.00
      389    215  4.00
      389    233  1.00
      389    271  5.00
      389    463  4.00
      389    536  5.00
      389    723  2.00
      390    204  3.00
      390    385  2.00
      390    455  1.00
      390    536  2.00
      390    537  1.00
      391    170  1.00
      391    187  1.00
      391    266  1.00
      391    333  2.00
      391    337  1.00
      391    644  5.00
      391    653  1.00
      392     42  2.00
      392     75  2.00
      392    147  1.00
      392    237  2.00
      392    248  1.00
      392    274  1.00
      392    479  2.00
      392    556  2.00
      392    578  2.00
      393    390  1.00
      393    416  1.00
      393    433  1.00
      393    595  1.00
      393    622  1.00
      393    624  2.00
      393    687  4.00
      394     19  4.00
      394    187  3.00
      394    211  3.00
      394    215  5.00
      394    271  1.00
      394    436  1.00
      394    463  2.00
      394    722  2.00
      395     24  3.00
      395    153  6.00
      396     83  1.00
      396    144  1.00
      396    453  3.00
      396    633  1.00
      396    636  1.00
      396    705  1.00
      398     47  6.00
      398    122  2.00
      398    210  2.00
      398    240  6.00
      398    408  2.00
      398    434  3.00
      398    511  2.00
      398    558  1.00
      398    585  1.00
      398    592  5.00
      399    537  1.00
      399    557  1.00
      399    626  1.00
      399    653  2.00
      400     18  1.00
      400    213  6.00
      400    265  1.00
      400    284  6.00
      400    316  1.00
      400    380  4.00
      400    522  5.00
      401    182  5.00
      401    232  2.00
      401    433  2.00
      401    488  2.00
      401    537  1.00
      401    700  1.00
      403    324  6.00
      404    613  3.00
      405    149  4.00
      405    272  4.00
      405    472  6.00
      405    488  3.00
      406    207  3.00
      406    320  2.00
      406    484  1.00
      406    586  1.00
      406    663  1.00
      406    716  2.00
      408     70  1.00
      408    193  4.00
      408    194  2.00
      408    210  6.00
      408    276  2.00
      408    413  2.00
      408    434  6.00
      408    514  3.00
      408    743  5.00
      410    353  4.00
      410    639  3.00
      410    656  3.00
      410    705  4.00
      412     55  1.00
      412    489  5.00
      413     58  3.00
      413    160  3.00
      413    276  4.00
      413    490  2.00
      413    563  6.00
      413    592  4.00
      413    717  3.00
      413    743  2.00
      414     63  1.00
      414    267  1.00
      414    695  4.00
      414    731  4.00
      415    213  3.00
      415    253  3.00
      415    373  6.00
      415    417  3.00
      415    630  6.00
      415    642  5.00
      415    714  6.00
      416     84  1.00
      416    314  4.00
      416    409  1.00
      417    415  4.00
      417    510  6.00
      417    590  2.00
      417    679  3.00
      418     25  5.00
      418     99  6.00
      418    484  4.00
      418    516  2.00
      418    532  3.00
      418    586  6.00
      418    663  4.00
      418    710  5.00
      419     39  1.00
      419    179  4.00
      419    238  5.00
      419    376  5.00
      419    549  5.00
      419    701  6.00
      419    722  4.00
      420     86  1.00
      420    138  4.00
      420    165  2.00
      420    347  1.00
      420    577  6.00
      420    681  4.00
      420    719  1.00
      421    127  1.00
      421    280  1.00
      421    309  1.00
      421    329  6.00
      421    424  3.00
      421    519  1.00
      421    535  2.00
      421    715  1.00
      421    734  5.00
      422    289  3.00
      422    489  2.00
      422    647  2.00
      423    194  5.00
      423    198  4.00
      423    476  1.00
      423    492  4.00
      423    494  2.00
      423    585  3.00
      423    691  3.00
      424     45  3.00
      424    329  6.00
      424    475  1.00
      424    708  1.00
      424    715  2.00
      426     65  5.00
      426    485  5.00
      426    625  5.00
      429    155  3.00
      429    467  2.00
      429    652  1.00
      429    746  1.00
      430     26  6.00
      430     55  4.00
      430    136  5.00
      430    178  5.00
      430    324  3.00
      430    428  3.00
      430    477  4.00
      430    559  4.00
      430    713  3.00
      432     14  1.00
      432    560  3.00
      432    661  4.00
      434     34  3.00
      434     47  6.00
      434    122  6.00
      434    210  6.00
      434    408  6.00
      434    486  3.00
      434    511  3.00
      434    743  6.00
      436     14  1.00
      436     84  1.00
      436    187  5.00
      436    276  1.00
      436    333  1.00
      436    394  1.00
      436    488  2.00
      436    571  2.00
      436    703  1.00
      436    718  2.00
      437    662  1.00
      437    670  1.00
      438     35  3.00
      438     63  2.00
      438    124  2.00
      438    345  2.00
      438    475  2.00
      438    705  2.00
      438    715  2.00
      439    423  1.00
      439    538  6.00
      439    556  6.00
      439    590  6.00
      439    679  6.00
      440    157  1.00
      440    160  1.00
      440    356  5.00
      440    464  2.00
      440    490  2.00
      440    523  1.00
      440    558  4.00
      440    618  6.00
      440    717  2.00
      441    130  4.00
      441    373  3.00
      441    439  4.00
      441    679  4.00
      442    155  2.00
      442    158  2.00
      442    357  2.00
      442    428  2.00
      442    429  2.00
      442    470  2.00
      442    652  2.00
      442    669  2.00
      449    178  3.00
      449    335  6.00
      449    483  2.00
      450    119  2.00
      450    573  6.00
      450    575  3.00
      450    613  6.00
      450    702  6.00
      451    108  1.00
      451    542  4.00
      451    582  1.00
      451    700  1.00
      453    244  2.00
      453    259  5.00
      453    310  2.00
      453    323  2.00
      453    562  5.00
      453    616  6.00
      454     33  6.00
      454    250  3.00
      454    376  2.00
      454    466  3.00
      454    568  3.00
      456    584  1.00
      456    704  1.00
      457     75  1.00
      457    202  1.00
      457    216  3.00
      457    241  2.00
      457    290  1.00
      457    346  3.00
      457    620  2.00
      457    683  6.00
      457    714  1.00
      458     55  4.00
      458     84  3.00
      458    149  3.00
      458    222  5.00
      458    357  3.00
      458    409  3.00
      458    484  2.00
      458    607  3.00
      458    744  2.00
      459    475  1.00
      459    535  1.00
      459    561  6.00
      460     14  2.00
      460    156  6.00
      460    164  1.00
      460    264  4.00
      460    344  3.00
      460    411  3.00
      460    467  2.00
      460    478  2.00
      460    498  5.00
      460    587  2.00
      462     83  1.00
      462    116  2.00
      462    202  3.00
      462    323  4.00
      462    507  2.00
      463     19  1.00
      463    100  4.00
      463    271  5.00
      463    272  4.00
      463    389  5.00
      463    534  1.00
      463    536  4.00
      463    722  3.00
      464     42  3.00
      464     68  6.00
      464    240  4.00
      464    356  5.00
      464    440  2.00
      464    490  3.00
      464    618  5.00
      464    686  1.00
      464    743  3.00
      465    211  6.00
      465    215  3.00
      465    236  5.00
      465    666  4.00
      465    698  3.00
      466    144  2.00
      466    250  5.00
      466    568  5.00
      466    608  4.00
      468     52  6.00
      468    241  4.00
      468    285  2.00
      468    583  3.00
      470     14  1.00
      470    179  3.00
      470    238  3.00
      470    263  3.00
      470    496  3.00
      470    632  2.00
      470    640  3.00
      470    673  6.00
      471     38  3.00
      471     53  2.00
      471     77  4.00
      471     91  3.00
      471    194  2.00
      471    578  4.00
      471    609  6.00
      471    708  2.00
      471    740  4.00
      472    149  3.00
      472    272  6.00
      472    296  5.00
      472    390  1.00
      472    405  6.00
      472    532  1.00
      472    739  5.00
      473    183  3.00
      473    557  2.00
      474     17  6.00
      474     59  4.00
      474    101  4.00
      474    332  6.00
      474    358  4.00
      474    438  6.00
      474    552  6.00
      474    621  6.00
      474    720  4.00
      475    124  4.00
      475    319  4.00
      475    494  1.00
      475    535  1.00
      475    561  6.00
      475    634  3.00
      475    649  5.00
      475    708  5.00
      476     53  4.00
      476    356  5.00
      476    514  1.00
      476    585  1.00
      477      5  1.00
      477    136  1.00
      477    732  1.00
      478      6  1.00
      478     65  4.00
      478     83  2.00
      478    110  1.00
      478    124  1.00
      478    201  1.00
      478    386  4.00
      481    491  1.00
      481    500  1.00
      481    661  4.00
      483    489  5.00
      484     25  5.00
      484    386  1.00
      484    493  5.00
      484    586  1.00
      485     63  2.00
      485     65  4.00
      485    124  3.00
      485    426  5.00
      485    621  4.00
      485    625  4.00
      486    122  4.00
      486    378  3.00
      486    571  5.00
      486    686  5.00
      487    132  1.00
      487    311  3.00
      487    647  3.00
      488     82  1.00
      488     84  1.00
      488    354  1.00
      488    405  1.00
      488    498  1.00
      488    559  1.00
      488    721  1.00
      489     41  3.00
      489    412  6.00
      489    483  3.00
      489    518  3.00
      490     38  3.00
      490     42  3.00
      490     58  4.00
      490    160  6.00
      490    194  2.00
      490    251  6.00
      490    413  3.00
      490    717  3.00
      492     38  2.00
      492     53  3.00
      492    198  3.00
      492    494  2.00
      492    585  2.00
      492    686  1.00
      492    691  3.00
      492    730  4.00
      493     46  6.00
      493    192  1.00
      493    196  3.00
      493    201  3.00
      493    324  4.00
      493    651  3.00
      493    669  4.00
      495    289  6.00
      495    489  2.00
      495    526  6.00
      495    575  6.00
      495    587  1.00
      495    682  6.00
      495    701  2.00
      496    470  6.00
      496    605  2.00
      497     17  4.00
      497     35  6.00
      497     78  5.00
      497     83  3.00
      497    178  3.00
      497    207  4.00
      497    277  6.00
      497    345  3.00
      497    621  3.00
      498    246  3.00
      498    265  4.00
      498    407  6.00
      498    460  5.00
      498    487  4.00
      498    567  5.00
      498    671  5.00
      500    187  1.00
      500    266  2.00
      500    276  1.00
      500    338  1.00
      500    498  1.00
      500    546  5.00
      500    571  1.00
      501    143  2.00
      501    219  2.00
      502    213  1.00
      502    284  1.00
      502    498  1.00
      503    132  1.00
      503    136  3.00
      503    265  1.00
      503    297  1.00
      503    344  1.00
      503    380  1.00
      503    430  3.00
      503    435  1.00
      504     24  5.00
      504    500  4.00
      505    109  3.00
      505    164  3.00
      505    165  1.00
      505    180  2.00
      507     98  2.00
      507    404  1.00
      507    462  2.00
      507    466  1.00
      508     51  2.00
      508    721  1.00
      509    292  4.00
      509    467  3.00
      509    574  3.00
      510     47  2.00
      510    373  5.00
      510    392  2.00
      510    415  4.00
      510    417  6.00
      510    538  4.00
      510    625  2.00
      510    642  4.00
      511    133  4.00
      511    193  4.00
      511    205  3.00
      511    210  5.00
      512    223  3.00
      512    225  3.00
      512    235  5.00
      514    194  2.00
      514    270  2.00
      514    408  2.00
      514    476  3.00
      514    479  4.00
      514    583  2.00
      516    209  2.00
      516    570  6.00
      516    594  3.00
      516    686  3.00
      517     94  3.00
      517    182  2.00
      517    327  3.00
      517    401  6.00
      517    520  2.00
      518      3  2.00
      518     49  6.00
      518     55  2.00
      518    136  1.00
      518    190  2.00
      518    297  2.00
      518    430  1.00
      518    489  6.00
      518    532  3.00
      518    559  6.00
      519      9  1.00
      519    309  1.00
      519    459  1.00
      519    475  1.00
      519    527  1.00
      519    535  1.00
      519    551  1.00
      519    715  1.00
      519    734  1.00
      520     49  2.00
      520    190  5.00
      520    214  2.00
      520    525  2.00
      520    532  2.00
      520    559  2.00
      520    607  4.00
      521     43  4.00
      521     92  5.00
      521    143  2.00
      521    379  6.00
      521    527  4.00
      522    163  5.00
      522    213  4.00
      522    284  5.00
      522    316  1.00
      522    339  4.00
      522    376  1.00
      522    400  6.00
      522    599  1.00
      522    623  5.00
      523     42  1.00
      523    160  1.00
      523    356  2.00
      523    413  4.00
      523    490  3.00
      523    563  5.00
      523    578  1.00
      523    717  2.00
      523    743  1.00
      525     49  5.00
      525    214  4.00
      525    314  2.00
      525    337  2.00
      525    520  2.00
      525    532  2.00
      525    607  2.00
      526     67  3.00
      526    557  4.00
      526    746  1.00
      527     43  2.00
      527    371  6.00
      527    379  1.00
      527    380  2.00
      527    521  2.00
      527    571  3.00
      527    742  5.00
      529    166  6.00
      529    194  5.00
      530     16  6.00
      530     87  6.00
      530    189  4.00
      530    381  2.00
      530    634  2.00
      530    695  3.00
      531    133  2.00
      531    274  1.00
      531    368  3.00
      531    391  2.00
      531    528  1.00
      531    553  4.00
      531    570  2.00
      532     84  2.00
      532    214  4.00
      532    295  1.00
      532    314  1.00
      532    520  3.00
      532    525  2.00
      532    607  4.00
      534    268  1.00
      534    471  6.00
      534    505  2.00
      534    562  6.00
      534    712  1.00
      535    126  2.00
      535    478  1.00
      535    550  5.00
      535    598  2.00
      535    649  1.00
      535    724  5.00
      535    728  1.00
      536     19  2.00
      536    149  1.00
      536    271  4.00
      536    389  5.00
      536    405  1.00
      538    174  4.00
      538    276  2.00
      538    279  5.00
      538    373  6.00
      538    510  3.00
      538    556  6.00
      538    594  1.00
      540     75  5.00
      540    131  1.00
      540    219  1.00
      540    228  1.00
      540    265  2.00
      540    475  5.00
      540    561  4.00
      540    576  2.00
      540    649  2.00
      541     16  5.00
      541     93  2.00
      541    376  1.00
      541    671  2.00
      542    102  2.00
      542    322  3.00
      542    391  3.00
      542    451  3.00
      543     44  5.00
      543     62  6.00
      543    228  1.00
      543    247  2.00
      543    350  4.00
      543    599  1.00
      544     23  2.00
      544     54  4.00
      544    563  6.00
      544    592  3.00
      545    155  1.00
      545    158  1.00
      545    164  1.00
      545    489  1.00
      545    518  1.00
      545    604  1.00
      545    746  1.00
      546    111  1.00
      546    241  1.00
      546    276  1.00
      546    315  1.00
      546    500  6.00
      546    502  4.00
      546    571  1.00
      547    103  2.00
      548    104  4.00
      548    226  6.00
      548    298  4.00
      548    709  3.00
      549    257  3.00
      549    419  6.00
      549    553  3.00
      549    626  6.00
      550    535  5.00
      550    724  5.00
      551     59  3.00
      551    127  5.00
      551    134  4.00
      551    424  4.00
      551    634  6.00
      551    715  3.00
      552     59  1.00
      552     83  1.00
      552     97  1.00
      552    218  2.00
      552    332  3.00
      552    423  2.00
      552    474  1.00
      552    593  1.00
      552    654  4.00
      553    150  1.00
      553    257  6.00
      553    324  1.00
      553    352  6.00
      553    442  1.00
      553    455  1.00
      553    549  1.00
      553    587  1.00
      553    669  1.00
      555     33  2.00
      555    348  2.00
      555    392  1.00
      555    554  1.00
      555    627  2.00
      556    127  1.00
      556    174  4.00
      556    276  5.00
      556    279  6.00
      556    318  1.00
      556    373  2.00
      556    538  6.00
      557    467  5.00
      557    526  3.00
      558    240  4.00
      558    440  1.00
      558    464  1.00
      558    618  3.00
      559     78  3.00
      559    178  4.00
      559    242  4.00
      559    518  6.00
      559    520  5.00
      559    607  4.00
      559    675  6.00
      559    713  3.00
      560     25  1.00
      560    171  1.00
      560    191  1.00
      560    268  1.00
      560    273  1.00
      560    632  3.00
      560    647  1.00
      561    424  1.00
      561    459  5.00
      561    475  4.00
      561    494  1.00
      561    634  2.00
      561    649  2.00
      562    111  4.00
      562    244  3.00
      562    318  5.00
      562    447  6.00
      562    453  6.00
      562    643  3.00
      563     54  6.00
      563    110  2.00
      563    114  5.00
      563    318  1.00
      563    707  1.00
      564    143  1.00
      564    381  5.00
      564    505  4.00
      565    220  6.00
      565    265  3.00
      565    378  4.00
      565    380  3.00
      565    640  3.00
      565    660  5.00
      566     13  6.00
      566    337  6.00
      566    370  6.00
      566    543  6.00
      566    547  6.00
      566    663  5.00
      567     47  1.00
      567    111  2.00
      567    118  1.00
      567    154  1.00
      567    185  1.00
      567    541  1.00
      568     36  2.00
      568     60  1.00
      568    250  5.00
      568    281  2.00
      568    728  3.00
      569     15  2.00
      570     42  4.00
      570    109  3.00
      570    133  6.00
      570    175  6.00
      570    516  5.00
      570    561  5.00
      570    571  3.00
      570    660  4.00
      571     91  3.00
      571    111  3.00
      571    267  3.00
      571    486  5.00
      571    527  3.00
      571    570  2.00
      571    730  6.00
      572     52  1.00
      572    112  1.00
      572    245  2.00
      572    285  3.00
      572    346  1.00
      572    423  1.00
      572    654  5.00
      572    717  3.00
      573     16  6.00
      573    155  6.00
      573    180  6.00
      573    217  1.00
      573    579  6.00
      573    652  6.00
      574    136  2.00
      574    292  6.00
      574    324  1.00
      574    450  1.00
      574    489  1.00
      574    493  1.00
      574    575  1.00
      575    105  4.00
      575    187  2.00
      575    574  2.00
      575    661  3.00
      576    475  1.00
      576    715  1.00
      577     47  1.00
      577    115  1.00
      577    164  4.00
      577    165  4.00
      577    212  1.00
      577    420  5.00
      577    423  1.00
      577    641  1.00
      578     38  4.00
      578     42  1.00
      578    113  1.00
      578    128  1.00
      578    172  1.00
      578    609  1.00
      579    180  5.00
      580     33  1.00
      580    150  5.00
      580    257  4.00
      580    317  3.00
      580    455  5.00
      580    553  3.00
      582    108  2.00
      582    121  5.00
      582    232  2.00
      582    300  2.00
      582    700  3.00
      583      1  4.00
      583     44  6.00
      583     72  4.00
      583    111  5.00
      583    112  2.00
      583    248  6.00
      583    514  2.00
      584     76  6.00
      584     89  4.00
      585    166  3.00
      585    193  6.00
      585    194  5.00
      585    270  3.00
      585    276  3.00
      585    592  4.00
      585    708  4.00
      585    743  6.00
      586    484  1.00
      586    663  1.00
      587      3  3.00
      587    136  2.00
      587    239  1.00
      587    275  2.00
      587    467  2.00
      587    540  2.00
      588    153  2.00
      588    256  2.00
      588    385  3.00
      588    580  2.00
      588    687  2.00
      589      1  5.00
      589    245  6.00
      589    276  4.00
      589    279  5.00
      589    556  5.00
      590    192  3.00
      590    439  4.00
      590    441  5.00
      590    593  4.00
      590    679  6.00
      592     47  6.00
      592     58  1.00
      592    122  4.00
      592    251  1.00
      592    270  6.00
      592    276  4.00
      592    490  3.00
      592    585  4.00
      592    743  3.00
      593    467  1.00
      593    552  2.00
      593    590  5.00
      593    604  1.00
      593    688  1.00
      594    209  1.00
      594    281  3.00
      594    527  3.00
      594    538  3.00
      594    658  4.00
      595    266  1.00
      595    300  1.00
      595    433  6.00
      595    469  1.00
      595    622  1.00
      595    624  2.00
      595    744  1.00
      597      8  6.00
      598     73  3.00
      598     74  3.00
      598    161  1.00
      598    171  6.00
      598    177  2.00
      598    178  5.00
      598    242  3.00
      598    660  2.00
      598    740  1.00
      599     56  4.00
      599     62  5.00
      599    228  2.00
      599    247  4.00
      599    350  2.00
      599    369  1.00
      599    411  3.00
      600     85  1.00
      600    100  1.00
      600    159  1.00
      600    187  1.00
      600    231  1.00
      600    314  1.00
      600    315  1.00
      600    383  1.00
      600    546  1.00
      601    125  3.00
      601    167  2.00
      602    125  3.00
      603    470  1.00
      603    672  3.00
      604     55  1.00
      604    119  1.00
      604    593  1.00
      605     42  4.00
      605    110  3.00
      605    113  3.00
      605    130  1.00
      605    201  6.00
      605    345  5.00
      605    655  6.00
      605    656  1.00
      607      3  1.00
      607    190  5.00
      607    520  4.00
      607    532  2.00
      607    739  3.00
      608     36  2.00
      608    131  1.00
      608    302  1.00
      608    396  1.00
      608    466  2.00
      608    633  1.00
      608    636  3.00
      608    668  1.00
      609     74  5.00
      609     91  2.00
      609    133  2.00
      609    157  5.00
      609    171  4.00
      609    366  5.00
      609    471  6.00
      609    740  2.00
      610     54  2.00
      610    110  6.00
      610    434  3.00
      610    523  3.00
      610    570  1.00
      610    592  1.00
      610    717  1.00
      612    155  6.00
      612    222  4.00
      612    659  3.00
      612    662  6.00
      613    449  1.00
      613    450  2.00
      613    701  1.00
      614    234  4.00
      614    267  4.00
      615    234  4.00
      615    267  4.00
      616    244  2.00
      616    259  6.00
      616    447  6.00
      616    453  6.00
      616    562  2.00
      616    692  6.00
      617    234  4.00
      617    267  4.00
      618    440  6.00
      618    558  4.00
      619    169  6.00
      619    285  2.00
      619    306  4.00
      619    728  3.00
      620    151  2.00
      620    301  3.00
      620    457  2.00
      620    683  2.00
      620    695  1.00
      621     35  3.00
      621     63  4.00
      621    101  3.00
      621    124  3.00
      621    165  3.00
      621    192  2.00
      621    345  5.00
      621    386  2.00
      621    478  2.00
      622      3  1.00
      622    102  1.00
      622    173  1.00
      622    393  1.00
      622    401  1.00
      622    433  3.00
      622    624  3.00
      623     37  4.00
      623    163  5.00
      623    213  5.00
      623    241  3.00
      623    280  3.00
      623    284  3.00
      623    339  3.00
      623    369  1.00
      623    400  5.00
      623    522  5.00
      624    173  4.00
      624    393  4.00
      624    433  4.00
      624    622  4.00
      625     65  5.00
      625    426  5.00
      625    485  5.00
      625    670  1.00
      626    215  1.00
      626    317  1.00
      626    390  1.00
      626    473  1.00
      626    549  4.00
      627    453  3.00
      627    562  3.00
      627    643  5.00
      628     11  2.00
      628    284  2.00
      628    503  3.00
      628    667  1.00
      629      6  6.00
      629     93  2.00
      629    403  4.00
      629    461  5.00
      629    639  2.00
      630    415  6.00
      630    642  6.00
      630    654  6.00
      630    714  6.00
      631    227  3.00
      632    268  2.00
      632    470  4.00
      632    560  4.00
      632    613  4.00
      632    702  4.00
      633    131  5.00
      633    608  2.00
      633    636  6.00
      633    668  3.00
      634     53  1.00
      634     73  3.00
      634    134  5.00
      634    192  1.00
      634    297  4.00
      634    551  5.00
      634    742  3.00
      635    406  1.00
      635    491  1.00
      635    642  6.00
      635    678  1.00
      636    131  6.00
      636    608  3.00
      636    633  6.00
      636    668  4.00
      637     51  3.00
      637     57  3.00
      637     85  4.00
      637    327  3.00
      638     52  3.00
      638    248  1.00
      638    346  1.00
      638    643  4.00
      639      6  1.00
      639     35  1.00
      639    341  1.00
      639    410  1.00
      639    478  3.00
      639    656  3.00
      641    115  5.00
      641    212  6.00
      641    217  6.00
      641    384  6.00
      642     43  2.00
      642     83  1.00
      642    213  2.00
      642    415  5.00
      642    510  4.00
      642    625  2.00
      642    630  4.00
      642    654  3.00
      642    714  6.00
      643    104  4.00
      643    381  2.00
      643    562  3.00
      643    627  6.00
      643    628  6.00
      643    638  5.00
      644     39  5.00
      644    255  4.00
      644    526  1.00
      644    553  1.00
      644    555  1.00
      644    736  3.00
      645    118  4.00
      645    231  6.00
      645    376  4.00
      645    454  2.00
      647    311  4.00
      647    324  1.00
      647    330  4.00
      647    360  4.00
      647    383  4.00
      647    487  5.00
      647    493  1.00
      647    651  1.00
      648     42  3.00
      648    578  4.00
      649    424  1.00
      649    475  2.00
      649    494  1.00
      649    550  1.00
      649    561  2.00
      649    715  2.00
      650    325  3.00
      651     13  1.00
      651     25  6.00
      651    324  2.00
      651    386  2.00
      651    406  2.00
      651    493  5.00
      651    663  3.00
      652    178  2.00
      652    206  4.00
      652    357  1.00
      652    428  1.00
      652    449  2.00
      652    518  1.00
      652    713  1.00
      654     83  4.00
      654    218  4.00
      654    552  5.00
      654    572  4.00
      654    630  6.00
      654    676  2.00
      655     73  3.00
      655    201  6.00
      655    605  5.00
      655    656  2.00
      655    705  2.00
      657     30  6.00
      657     33  6.00
      657    226  2.00
      658    209  2.00
      658    219  1.00
      658    281  1.00
      658    363  1.00
      658    516  1.00
      658    594  5.00
      658    649  1.00
      659    611  2.00
      659    612  4.00
      659    662  4.00
      659    723  1.00
      660    109  6.00
      661    271  1.00
      661    432  4.00
      661    437  1.00
      661    481  6.00
      662    262  4.00
      662    459  4.00
      662    612  5.00
      663    455  5.00
      663    586  4.00
      663    607  3.00
      664    246  2.00
      664    718  2.00
      665     36  1.00
      665     42  1.00
      665    199  2.00
      665    452  1.00
      666    211  1.00
      666    236  1.00
      666    465  1.00
      666    682  1.00
      666    698  2.00
      669     78  6.00
      669    136  3.00
      669    158  5.00
      669    178  5.00
      669    324  6.00
      669    430  2.00
      669    493  4.00
      669    607  4.00
      670     35  1.00
      670     97  2.00
      670    110  1.00
      670    196  5.00
      670    201  3.00
      670    605  2.00
      670    656  2.00
      671    241  4.00
      671    498  1.00
      671    541  2.00
      671    643  2.00
      671    664  4.00
      671    718  6.00
      672    603  2.00
      673    263  3.00
      673    470  1.00
      673    496  2.00
      674    252  1.00
      674    261  1.00
      674    344  1.00
      674    485  1.00
      674    535  1.00
      674    729  1.00
      675    130  2.00
      675    132  3.00
      675    158  6.00
      675    160  2.00
      675    168  5.00
      675    177  5.00
      675    559  5.00
      675    669  1.00
      675    680  5.00
      676     36  1.00
      676    160  4.00
      676    375  5.00
      676    529  2.00
      677    156  2.00
      677    264  1.00
      677    460  3.00
      677    540  2.00
      678     99  5.00
      678    376  5.00
      678    406  5.00
      678    418  5.00
      678    578  4.00
      679     83  2.00
      679    417  3.00
      679    439  4.00
      679    441  2.00
      679    510  2.00
      680     42  6.00
      680    188  2.00
      680    740  4.00
      681     59  6.00
      681    420  2.00
      681    616  3.00
      681    719  6.00
      682    107  1.00
      682    211  5.00
      682    215  5.00
      682    454  1.00
      682    467  1.00
      682    495  5.00
      682    666  1.00
      683    139  6.00
      683    216  2.00
      683    241  3.00
      683    346  6.00
      683    381  3.00
      683    457  6.00
      683    620  4.00
      683    643  2.00
      683    695  4.00
      684     20  5.00
      684    259  2.00
      684    260  5.00
      684    351  5.00
      685    693  2.00
      686     47  4.00
      686    122  3.00
      686    210  2.00
      686    434  2.00
      686    486  6.00
      687    173  1.00
      687    393  3.00
      687    588  2.00
      687    624  2.00
      688    129  2.00
      688    156  1.00
      688    264  1.00
      688    460  1.00
      688    480  2.00
      691     72  3.00
      691    194  4.00
      691    198  4.00
      691    423  3.00
      691    492  4.00
      693     24  2.00
      693    500  1.00
      694     24  1.00
      694    102  2.00
      694    700  2.00
      695     87  4.00
      695    216  2.00
      695    346  1.00
      695    414  5.00
      695    463  2.00
      695    530  4.00
      695    704  6.00
      695    731  6.00
      696     80  5.00
      696    237  5.00
      696    246  3.00
      696    340  5.00
      697    223  2.00
      697    231  1.00
      697    475  2.00
      697    698  1.00
      698    165  1.00
      698    186  3.00
      698    211  2.00
      698    246  1.00
      698    465  3.00
      698    666  4.00
      700    108  1.00
      700    266  2.00
      700    582  1.00
      701    179  2.00
      701    180  1.00
      701    452  1.00
      701    496  2.00
      701    640  3.00
      702    535  2.00
      702    655  5.00
      703     14  6.00
      703    178  1.00
      703    378  1.00
      703    392  5.00
      703    430  3.00
      703    632  4.00
      703    678  5.00
      704    267  6.00
      704    379  3.00
      704    381  4.00
      704    414  2.00
      704    571  2.00
      704    695  3.00
      704    731  3.00
      705     35  2.00
      705     63  1.00
      705    124  1.00
      705    386  2.00
      705    410  6.00
      705    606  1.00
      705    655  1.00
      705    656  4.00
      706     37  5.00
      706    148  5.00
      706    234  4.00
      706    262  5.00
      706    297  4.00
      706    568  3.00
      707     42  3.00
      707     91  6.00
      707    172  3.00
      707    203  6.00
      707    258  5.00
      707    270  5.00
      709     30  2.00
      709     52  5.00
      709    104  5.00
      709    226  5.00
      709    298  3.00
      709    381  3.00
      711    111  6.00
      711    241  1.00
      711    254  1.00
      711    290  5.00
      711    403  1.00
      711    501  1.00
      711    567  1.00
      712    106  1.00
      712    147  5.00
      713     78  6.00
      713    178  3.00
      713    277  2.00
      713    354  3.00
      713    428  3.00
      713    430  3.00
      713    559  3.00
      714    415  6.00
      714    510  3.00
      714    630  6.00
      714    642  5.00
      714    654  1.00
      716    327  5.00
      716    471  5.00
      716    493  4.00
      716    586  4.00
      716    651  4.00
      717    160  4.00
      717    610  1.00
      718    111  2.00
      718    241  5.00
      718    246  4.00
      718    556  2.00
      718    571  2.00
      718    589  1.00
      718    664  5.00
      718    671  6.00
      719     92  5.00
      719    276  4.00
      719    361  2.00
      719    363  2.00
      719    634  4.00
      719    681  5.00
      720    110  1.00
      720    111  1.00
      720    152  4.00
      720    184  1.00
      720    332  1.00
      720    340  5.00
      720    353  3.00
      720    413  3.00
      720    686  1.00
      721    238  5.00
      721    265  3.00
      721    383  6.00
      721    427  4.00
      721    470  6.00
      721    477  3.00
      721    632  4.00
      721    701  2.00
      722    646  6.00
      723    262  3.00
      723    315  1.00
      723    389  4.00
      724    126  3.00
      724    132  1.00
      724    134  4.00
      724    424  3.00
      724    435  2.00
      724    535  6.00
      724    550  6.00
      724    561  2.00
      724    726  4.00
      726    126  3.00
      726    261  2.00
      726    351  5.00
      726    550  2.00
      726    724  2.00
      727    564  1.00
      728    169  5.00
      728    248  1.00
      728    285  5.00
      728    306  2.00
      728    468  3.00
      728    583  1.00
      728    619  3.00
      728    740  5.00
      729    123  6.00
      729    161  6.00
      729    177  6.00
      729    210  6.00
      729    228  6.00
      730     91  2.00
      730    138  2.00
      730    492  2.00
      730    571  2.00
      730    691  2.00
      731     76  1.00
      731    474  1.00
      731    695  6.00
      731    704  5.00
      733    235  4.00
      733    246  1.00
      733    664  3.00
      733    666  3.00
      734    309  3.00
      734    329  6.00
      734    421  6.00
      734    424  5.00
      734    475  1.00
      734    519  4.00
      734    535  4.00
      734    550  2.00
      734    686  2.00
      735    195  4.00
      735    208  1.00
      735    235  6.00
      735    237  2.00
      735    246  2.00
      735    528  2.00
      735    664  1.00
      735    727  2.00
      736    364  1.00
      736    402  2.00
      736    644  3.00
      736    693  4.00
      737     36  3.00
      737     68  6.00
      737    166  2.00
      737    285  2.00
      737    413  6.00
      737    440  4.00
      737    592  3.00
      737    686  4.00
      737    743  2.00
      739    190  4.00
      739    405  6.00
      739    472  4.00
      739    607  5.00
      740     74  1.00
      740    130  1.00
      740    157  1.00
      740    169  2.00
      740    171  4.00
      740    306  6.00
      740    609  2.00
      740    619  2.00
      740    728  6.00
      741     21  1.00
      741    121  1.00
      741    292  1.00
      741    388  1.00
      742      4  3.00
      742     43  2.00
      742     76  2.00
      742    527  4.00
      742    616  4.00
      742    634  3.00
      743     42  3.00
      743     68  6.00
      743    172  1.00
      743    193  5.00
      743    270  5.00
      743    276  3.00
      743    408  6.00
      743    434  6.00
      743    585  5.00
      743    592  4.00
      744    214  1.00
      744    266  1.00
      744    272  1.00
      744    296  1.00
      744    390  1.00
      744    595  1.00
      744    607  2.00
      744    624  1.00
      744    721  1.00
      744    739  2.00
      745     83  5.00
      745     93  1.00
      745     97  4.00
      745    386  3.00
      745    656  3.00
      746    289  1.00
      746    526  1.00
      746    553  1.00