DL
N=578
FORMAT=EDGELIST1
DATA:
        1    114  5.00
        1    227  2.00
        1    373  3.00
        1    538  3.00
        2     49  6.00
        2    250  6.00
        2    269  6.00
        2    310  6.00
        2    353  6.00
        2    432  6.00
        2    570  6.00
        3     79  6.00
        3    213  2.00
        3    285  3.00
        3    334  4.00
        3    398  2.00
        3    410  6.00
        3    543  3.00
        3    568  6.00
        4     50  1.00
        4    210  1.00
        4    299  3.00
        4    304  1.00
        4    337  2.00
        4    510  3.00
        4    530  1.00
        4    535  1.00
        4    548  1.00
        5     19  2.00
        5    101  4.00
        5    319  3.00
        5    332  2.00
        5    537  1.00
        5    562  1.00
        6     44  3.00
        6    184  1.00
        6    196  2.00
        6    323  1.00
        6    548  2.00
        7     13  1.00
        7     80  2.00
        7    127  2.00
        7    142  5.00
        7    158  3.00
        7    189  2.00
        7    305  1.00
        7    310  1.00
        7    324  4.00
        7    512  1.00
        8     17  1.00
        8    182  2.00
        8    188  5.00
        8    333  2.00
        8    456  2.00
       10    129  1.00
       10    262  1.00
       10    365  1.00
       10    437  2.00
       10    499  1.00
       11     15  4.00
       11    143  2.00
       11    205  3.00
       11    213  3.00
       11    237  3.00
       11    320  4.00
       11    439  6.00
       11    475  2.00
       11    528  1.00
       12    124  4.00
       12    353  1.00
       12    512  2.00
       13      2  1.00
       13     80  1.00
       13    102  2.00
       13    140  2.00
       13    189  1.00
       13    351  1.00
       13    403  1.00
       14     46  5.00
       14    137  2.00
       14    277  1.00
       14    337  1.00
       14    431  2.00
       14    454  2.00
       15     11  2.00
       15     75  2.00
       15    205  6.00
       15    251  1.00
       15    320  6.00
       15    424  1.00
       15    577  2.00
       16     94  2.00
       16     99  3.00
       16    178  2.00
       16    222  4.00
       16    227  2.00
       16    349  6.00
       16    425  2.00
       17     30  6.00
       17    182  3.00
       17    240  5.00
       17    498  2.00
       17    534  4.00
       18     15  1.00
       18     19  1.00
       18     77  2.00
       18    163  1.00
       18    205  1.00
       18    334  1.00
       18    386  2.00
       18    395  2.00
       18    475  2.00
       18    531  2.00
       19     68  6.00
       19    128  3.00
       19    237  3.00
       19    376  4.00
       19    439  3.00
       19    475  2.00
       19    493  6.00
       19    531  6.00
       20     91  2.00
       20     94  5.00
       20    109  3.00
       20    217  2.00
       20    266  5.00
       20    425  2.00
       21     23  6.00
       21     81  2.00
       21    160  1.00
       21    163  1.00
       21    170  1.00
       21    241  1.00
       21    475  3.00
       21    497  5.00
       22     62  1.00
       22    119  3.00
       22    183  3.00
       22    206  2.00
       22    257  2.00
       22    284  1.00
       22    299  3.00
       22    330  1.00
       22    428  3.00
       22    472  2.00
       23     81  4.00
       23    475  3.00
       23    536  5.00
       24     13  2.00
       24    318  2.00
       24    396  2.00
       24    401  3.00
       24    432  1.00
       24    490  3.00
       24    498  1.00
       24    567  3.00
       25    194  2.00
       25    348  4.00
       26     19  2.00
       26     93  1.00
       26    110  2.00
       26    154  5.00
       26    183  1.00
       26    303  1.00
       26    367  2.00
       26    499  2.00
       26    502  5.00
       27     69  1.00
       27     92  4.00
       27    154  2.00
       27    362  2.00
       27    502  2.00
       27    521  2.00
       28    177  3.00
       28    179  4.00
       28    201  5.00
       28    341  4.00
       28    413  3.00
       29      2  4.00
       29    100  4.00
       29    131  4.00
       29    183  5.00
       29    269  5.00
       29    353  5.00
       29    456  4.00
       29    499  3.00
       29    545  4.00
       30      2  2.00
       30    127  1.00
       30    167  1.00
       30    175  1.00
       30    269  1.00
       30    353  1.00
       30    432  1.00
       30    546  1.00
       30    570  2.00
       31    157  2.00
       31    295  4.00
       31    300  3.00
       31    405  4.00
       31    414  2.00
       31    521  1.00
       31    525  2.00
       32    271  4.00
       32    335  5.00
       32    377  5.00
       32    577  4.00
       33     96  3.00
       34    444  5.00
       34    526  3.00
       35     69  2.00
       35    104  6.00
       35    116  2.00
       35    156  2.00
       35    209  2.00
       35    345  2.00
       35    362  4.00
       35    381  2.00
       35    564  2.00
       36    230  2.00
       36    444  2.00
       36    526  5.00
       36    556  3.00
       37     35  2.00
       37     76  6.00
       37    146  1.00
       37    156  1.00
       37    157  2.00
       37    345  2.00
       37    362  2.00
       37    460  1.00
       37    466  1.00
       37    516  5.00
       38    214  4.00
       38    225  2.00
       38    375  2.00
       38    412  2.00
       39     77  5.00
       39     81  6.00
       39    227  6.00
       39    244  5.00
       39    330  6.00
       39    442  6.00
       39    475  3.00
       39    497  5.00
       40     59  1.00
       40     74  1.00
       40    106  1.00
       40    172  2.00
       40    207  1.00
       40    304  1.00
       40    374  1.00
       40    419  3.00
       40    515  1.00
       41    245  1.00
       41    338  3.00
       41    372  6.00
       41    394  1.00
       41    402  2.00
       41    487  2.00
       42      8  1.00
       42     17  1.00
       42    182  1.00
       42    188  2.00
       42    534  1.00
       43    101  1.00
       43    144  1.00
       43    281  3.00
       43    332  5.00
       43    365  3.00
       43    377  1.00
       43    526  3.00
       43    538  4.00
       44      6  3.00
       44    159  2.00
       44    218  1.00
       44    277  3.00
       44    305  2.00
       44    369  2.00
       44    396  4.00
       45    371  3.00
       45    549  3.00
       46      7  1.00
       46     14  3.00
       46    137  2.00
       46    158  1.00
       46    219  4.00
       47     72  2.00
       47    325  1.00
       47    433  5.00
       47    510  2.00
       47    554  5.00
       48    359  3.00
       48    559  3.00
       49      2  3.00
       49    167  3.00
       49    351  1.00
       49    432  2.00
       49    570  1.00
       50      4  4.00
       50     64  1.00
       50    135  4.00
       50    299  3.00
       50    472  1.00
       50    502  1.00
       50    548  3.00
       50    569  4.00
       51    187  3.00
       51    270  2.00
       51    433  2.00
       51    446  2.00
       51    508  1.00
       51    556  2.00
       52     60  1.00
       52    159  2.00
       52    219  2.00
       52    292  2.00
       52    305  2.00
       52    312  2.00
       52    421  2.00
       52    458  1.00
       53     38  1.00
       53    123  1.00
       53    203  1.00
       53    267  1.00
       53    294  1.00
       53    376  2.00
       53    414  1.00
       53    440  1.00
       55     84  3.00
       55    122  2.00
       55    141  3.00
       55    164  2.00
       55    171  3.00
       55    231  5.00
       55    271  4.00
       55    272  4.00
       55    434  2.00
       55    501  4.00
       56     32  1.00
       56    122  4.00
       56    224  2.00
       56    271  4.00
       56    294  6.00
       56    317  6.00
       56    385  4.00
       56    437  1.00
       56    521  2.00
       57     44  2.00
       57     80  5.00
       57    253  4.00
       57    277  2.00
       57    305  1.00
       57    369  2.00
       57    458  4.00
       57    465  4.00
       58    152  6.00
       58    264  4.00
       58    270  2.00
       58    275  4.00
       58    341  6.00
       58    354  1.00
       58    508  4.00
       58    568  4.00
       59    287  2.00
       59    308  2.00
       59    413  1.00
       59    437  2.00
       59    529  2.00
       59    536  5.00
       61     18  2.00
       61     71  4.00
       61    148  2.00
       61    199  4.00
       61    237  3.00
       61    271  5.00
       61    375  6.00
       61    386  2.00
       61    506  4.00
       61    537  6.00
       62     16  1.00
       62     65  1.00
       62    279  1.00
       62    343  1.00
       62    349  1.00
       62    380  1.00
       62    520  1.00
       62    555  1.00
       63    365  2.00
       63    377  1.00
       63    441  1.00
       64     62  2.00
       64     68  1.00
       64     95  1.00
       64    105  2.00
       64    174  1.00
       64    247  3.00
       64    557  1.00
       65    235  4.00
       65    264  5.00
       65    275  5.00
       65    279  1.00
       65    356  1.00
       66     91  1.00
       66    266  1.00
       67     78  3.00
       67     82  3.00
       67    150  2.00
       67    256  2.00
       67    333  1.00
       67    340  6.00
       67    397  3.00
       67    432  1.00
       68     64  1.00
       68     81  1.00
       68    174  3.00
       68    349  2.00
       68    484  2.00
       69    156  1.00
       69    282  1.00
       69    283  1.00
       69    294  1.00
       69    362  4.00
       69    381  1.00
       69    409  2.00
       69    509  3.00
       69    544  1.00
       69    553  1.00
       70     99  1.00
       70    138  1.00
       70    199  1.00
       70    225  1.00
       70    233  2.00
       70    412  1.00
       70    427  2.00
       71     69  3.00
       71    134  3.00
       71    156  3.00
       71    266  4.00
       71    348  5.00
       71    516  3.00
       71    541  4.00
       72     47  3.00
       72     96  2.00
       72    261  1.00
       72    263  3.00
       72    408  2.00
       72    433  1.00
       72    519  2.00
       73     40  1.00
       73     74  1.00
       73    106  2.00
       74     40  1.00
       74     73  2.00
       74    106  3.00
       74    114  1.00
       75     15  3.00
       75    197  6.00
       75    205  3.00
       75    213  1.00
       75    344  1.00
       75    527  1.00
       75    565  6.00
       75    577  3.00
       76     36  3.00
       76     37  5.00
       76     83  1.00
       76    270  2.00
       76    336  2.00
       76    358  3.00
       76    364  4.00
       76    484  1.00
       76    516  6.00
       77     39  2.00
       77     81  1.00
       77    145  1.00
       77    237  2.00
       77    475  2.00
       78     67  4.00
       78     82  3.00
       78    340  2.00
       79      3  5.00
       79     18  1.00
       79    334  2.00
       79    398  2.00
       79    410  4.00
       79    483  2.00
       79    493  2.00
       79    543  4.00
       79    568  5.00
       80      2  2.00
       80     13  2.00
       80     54  2.00
       80    127  3.00
       80    142  3.00
       80    158  4.00
       80    250  1.00
       80    310  2.00
       80    397  3.00
       80    546  3.00
       81     39  4.00
       81    100  6.00
       81    171  5.00
       81    174  3.00
       81    244  4.00
       81    330  6.00
       81    334  3.00
       81    475  3.00
       81    497  6.00
       82     49  1.00
       82     67  1.00
       82     78  1.00
       82     80  1.00
       82    127  1.00
       82    188  1.00
       82    353  1.00
       82    508  1.00
       82    568  1.00
       82    570  1.00
       83     43  2.00
       83    270  5.00
       83    281  4.00
       83    332  3.00
       83    504  2.00
       83    526  3.00
       83    537  5.00
       83    556  1.00
       84    141  4.00
       84    231  6.00
       84    271  2.00
       84    399  4.00
       84    424  4.00
       84    501  6.00
       85    254  6.00
       85    307  6.00
       85    521  2.00
       85    544  5.00
       86    120  2.00
       86    216  2.00
       86    223  2.00
       86    384  2.00
       86    511  2.00
       87    134  2.00
       87    166  2.00
       87    203  2.00
       87    225  2.00
       87    414  2.00
       87    553  2.00
       88    471  3.00
       88    567  2.00
       89     73  2.00
       89    267  5.00
       89    328  3.00
       89    381  4.00
       89    414  6.00
       89    480  3.00
       89    494  3.00
       89    563  5.00
       90     66  2.00
       90    103  3.00
       90    108  5.00
       90    217  1.00
       90    266  2.00
       90    489  1.00
       91     20  2.00
       91    108  2.00
       91    217  1.00
       91    266  6.00
       92    278  3.00
       92    314  3.00
       92    385  2.00
       92    410  2.00
       93    100  6.00
       93    110  5.00
       93    183  3.00
       93    247  1.00
       93    303  6.00
       93    472  1.00
       93    499  4.00
       93    539  4.00
       93    551  1.00
       95    100  1.00
       95    114  4.00
       95    183  1.00
       95    247  6.00
       95    252  6.00
       95    303  1.00
       95    472  1.00
       95    499  1.00
       95    539  1.00
       96     33  3.00
       96     72  2.00
       96    132  2.00
       96    223  2.00
       96    511  2.00
       98     87  1.00
       98    166  2.00
       98    273  2.00
       98    347  6.00
       98    348  3.00
       98    376  1.00
       98    438  2.00
       99     38  4.00
       99     94  6.00
       99    200  3.00
       99    225  2.00
       99    340  6.00
       99    483  6.00
      100     81  4.00
      100     93  3.00
      100    110  3.00
      100    183  4.00
      100    303  3.00
      100    330  3.00
      100    470  2.00
      100    472  1.00
      100    499  5.00
      100    539  1.00
      101      5  5.00
      101     19  2.00
      101    128  5.00
      101    171  3.00
      101    188  4.00
      101    319  4.00
      101    332  3.00
      101    566  1.00
      102     13  4.00
      102     46  2.00
      102     60  6.00
      102    106  6.00
      102    131  3.00
      102    219  4.00
      102    431  4.00
      103     31  1.00
      103    108  5.00
      103    109  6.00
      103    173  3.00
      103    248  3.00
      103    266  6.00
      103    478  1.00
      103    521  3.00
      104     35  6.00
      104     69  2.00
      104    116  5.00
      104    156  1.00
      104    283  4.00
      104    345  5.00
      104    362  6.00
      104    381  1.00
      105     64  3.00
      105    247  2.00
      105    314  5.00
      106     40  2.00
      106     73  3.00
      106     74  5.00
      106    170  4.00
      106    227  2.00
      106    365  3.00
      107     59  1.00
      107    227  1.00
      107    248  1.00
      107    286  1.00
      107    495  1.00
      108     90  6.00
      108     91  2.00
      108    109  4.00
      108    173  4.00
      108    217  1.00
      108    248  2.00
      108    266  6.00
      108    332  1.00
      109     20  2.00
      109    103  5.00
      109    147  3.00
      109    266  3.00
      109    300  5.00
      109    440  3.00
      109    462  2.00
      109    478  5.00
      109    495  2.00
      110     93  2.00
      110    100  2.00
      110    183  4.00
      110    303  2.00
      110    472  6.00
      110    474  6.00
      110    481  6.00
      110    499  5.00
      110    539  5.00
      111    198  4.00
      111    239  2.00
      111    307  1.00
      111    460  2.00
      111    464  2.00
      111    514  2.00
      112    327  3.00
      112    364  5.00
      113    239  2.00
      113    287  1.00
      113    311  2.00
      113    342  1.00
      113    390  4.00
      115    525  3.00
      116     35  2.00
      116     69  2.00
      116     70  1.00
      116    104  5.00
      116    156  3.00
      116    283  4.00
      116    345  4.00
      116    362  6.00
      116    509  1.00
      118     50  1.00
      118    182  1.00
      118    235  1.00
      118    247  2.00
      118    470  1.00
      118    472  1.00
      118    520  2.00
      119     22  2.00
      119     79  2.00
      119    110  2.00
      119    206  1.00
      119    284  4.00
      119    426  1.00
      119    472  1.00
      119    474  2.00
      120     33  1.00
      120     96  1.00
      120    223  1.00
      120    298  1.00
      122    141  2.00
      122    148  6.00
      122    231  2.00
      122    271  6.00
      122    434  6.00
      122    494  5.00
      122    501  2.00
      122    518  1.00
      123    529  6.00
      123    532  1.00
      124     12  1.00
      125    103  1.00
      125    134  1.00
      125    144  1.00
      125    242  1.00
      125    293  4.00
      125    413  1.00
      125    545  1.00
      126    127  1.00
      126    403  5.00
      127      2  1.00
      127     80  2.00
      127    140  1.00
      127    175  1.00
      127    256  1.00
      127    353  1.00
      127    432  1.00
      127    546  2.00
      129    126  5.00
      129    128  2.00
      129    195  6.00
      129    272  2.00
      129    344  5.00
      129    360  6.00
      129    508  2.00
      129    541  5.00
      130      4  2.00
      130    101  2.00
      130    337  2.00
      130    569  6.00
      131     29  1.00
      131    142  1.00
      131    158  1.00
      131    175  1.00
      131    189  1.00
      131    269  1.00
      131    270  1.00
      131    369  1.00
      131    415  5.00
      132    533  2.00
      132    572  6.00
      133    128  1.00
      133    135  2.00
      133    162  2.00
      133    180  2.00
      133    263  2.00
      134    187  3.00
      134    381  3.00
      134    460  2.00
      134    568  4.00
      135     72  3.00
      135    133  1.00
      135    180  1.00
      135    245  1.00
      135    263  1.00
      135    548  2.00
      136     70  1.00
      136    138  6.00
      136    208  6.00
      136    227  1.00
      136    236  5.00
      136    487  1.00
      136    526  1.00
      137     14  2.00
      137     44  3.00
      137    305  2.00
      137    396  6.00
      137    552  4.00
      140      2  1.00
      140    127  2.00
      140    167  3.00
      140    250  4.00
      140    256  1.00
      140    351  2.00
      140    353  2.00
      140    432  1.00
      140    546  2.00
      141     84  3.00
      141    122  3.00
      141    148  2.00
      141    231  6.00
      141    271  6.00
      141    399  4.00
      141    434  2.00
      141    501  4.00
      141    551  1.00
      142      7  5.00
      142     80  3.00
      142    158  6.00
      142    324  2.00
      142    353  1.00
      143     15  4.00
      143    205  4.00
      143    320  6.00
      144     58  1.00
      144     90  1.00
      144    107  2.00
      144    128  1.00
      144    209  5.00
      144    341  1.00
      144    457  6.00
      144    504  2.00
      144    523  2.00
      145     18  1.00
      145    237  1.00
      145    424  1.00
      146    157  5.00
      146    193  1.00
      146    413  4.00
      146    466  3.00
      146    477  3.00
      146    544  1.00
      147    204  1.00
      147    267  1.00
      147    414  5.00
      147    440  3.00
      147    462  4.00
      147    494  1.00
      147    495  2.00
      147    563  1.00
      147    564  4.00
      148    122  6.00
      148    141  2.00
      148    251  6.00
      148    271  6.00
      148    272  3.00
      148    434  5.00
      148    494  5.00
      148    518  1.00
      149    482  1.00
      150     29  1.00
      150     60  1.00
      150    102  1.00
      150    159  1.00
      150    431  1.00
      150    520  1.00
      152    507  6.00
      153    175  1.00
      153    256  1.00
      153    269  2.00
      153    353  2.00
      153    546  1.00
      154     93  1.00
      154    100  1.00
      154    303  1.00
      154    314  2.00
      154    367  5.00
      154    472  2.00
      154    499  2.00
      154    502  5.00
      154    551  1.00
      155     96  2.00
      155    216  2.00
      155    278  1.00
      155    386  2.00
      155    528  2.00
      155    558  3.00
      156     35  2.00
      156     69  2.00
      156     70  1.00
      156    116  2.00
      156    283  4.00
      156    328  1.00
      156    345  2.00
      156    362  2.00
      156    462  1.00
      156    466  1.00
      157     31  1.00
      157    146  6.00
      157    466  3.00
      157    477  3.00
      158      7  5.00
      158     80  3.00
      158    142  5.00
      158    189  2.00
      158    324  4.00
      158    369  1.00
      158    401  4.00
      159     17  3.00
      159    150  6.00
      159    333  3.00
      159    534  1.00
      160     18  1.00
      160     21  1.00
      160    163  3.00
      160    220  2.00
      160    278  1.00
      160    334  2.00
      160    386  1.00
      160    508  1.00
      160    519  5.00
      160    541  1.00
      161     85  3.00
      161    193  6.00
      161    287  4.00
      161    350  3.00
      161    450  3.00
      161    521  3.00
      161    525  4.00
      162    133  3.00
      162    315  2.00
      162    316  1.00
      162    354  3.00
      162    535  3.00
      163     18  2.00
      163     79  2.00
      163    145  2.00
      163    160  3.00
      163    170  2.00
      163    216  2.00
      163    320  3.00
      163    493  6.00
      163    506  2.00
      163    568  3.00
      164     55  2.00
      164    141  1.00
      164    231  4.00
      164    399  1.00
      164    451  1.00
      165      3  1.00
      165     11  1.00
      165     18  2.00
      165     19  1.00
      165     77  2.00
      165    145  2.00
      165    229  1.00
      165    395  3.00
      165    493  1.00
      165    543  2.00
      166     98  6.00
      166    169  1.00
      166    347  5.00
      166    435  6.00
      166    438  4.00
      166    460  4.00
      166    462  2.00
      167      2  1.00
      167    140  4.00
      167    351  4.00
      167    432  2.00
      168    193  3.00
      168    224  2.00
      168    301  2.00
      168    329  1.00
      168    350  2.00
      169    339  4.00
      169    514  2.00
      169    532  3.00
      169    547  3.00
      170     18  2.00
      170     60  6.00
      170    160  2.00
      170    163  3.00
      170    223  5.00
      170    334  2.00
      170    398  2.00
      170    519  2.00
      170    568  3.00
      171     81  2.00
      171    122  4.00
      171    272  4.00
      171    317  3.00
      171    377  3.00
      171    434  3.00
      171    506  6.00
      171    518  1.00
      171    577  6.00
      172     40  1.00
      172    227  1.00
      172    437  1.00
      173     38  1.00
      173     94  2.00
      173    166  2.00
      173    460  2.00
      174     64  2.00
      174     68  2.00
      174     81  5.00
      174    247  2.00
      174    268  6.00
      174    272  3.00
      174    367  2.00
      174    372  2.00
      174    577  6.00
      175     29  1.00
      175    142  3.00
      175    210  4.00
      175    256  2.00
      175    269  4.00
      175    310  1.00
      175    353  3.00
      175    546  3.00
      176    246  1.00
      176    378  1.00
      176    407  1.00
      177     28  3.00
      177     63  1.00
      177    144  1.00
      177    264  2.00
      177    341  5.00
      177    374  1.00
      179     28  5.00
      179    129  2.00
      179    201  2.00
      179    374  6.00
      179    441  4.00
      180     50  1.00
      180    133  2.00
      180    135  2.00
      180    548  2.00
      181     32  1.00
      181    114  1.00
      181    122  1.00
      181    148  1.00
      181    205  1.00
      181    335  1.00
      181    437  1.00
      181    439  2.00
      181    577  2.00
      182      2  2.00
      182     17  3.00
      182    240  2.00
      182    247  4.00
      182    498  3.00
      183     93  6.00
      183    100  6.00
      183    110  5.00
      183    303  6.00
      183    474  3.00
      183    481  4.00
      183    499  5.00
      183    539  3.00
      183    551  4.00
      184    121  3.00
      184    218  5.00
      184    505  1.00
      185    190  2.00
      185    229  3.00
      185    278  3.00
      185    470  4.00
      185    558  3.00
      186    224  4.00
      186    287  3.00
      186    311  3.00
      188      8  1.00
      188     30  1.00
      188     42  1.00
      188    534  1.00
      188    570  1.00
      189      7  1.00
      189     13  1.00
      189    142  1.00
      189    158  6.00
      189    324  1.00
      189    351  2.00
      189    432  1.00
      190    165  1.00
      190    213  1.00
      190    229  5.00
      190    278  1.00
      190    395  5.00
      190    410  4.00
      190    543  1.00
      193    161  6.00
      193    287  3.00
      193    329  4.00
      193    450  4.00
      193    521  2.00
      193    525  4.00
      193    544  5.00
      194     25  1.00
      194     37  1.00
      194     76  1.00
      195    129  5.00
      195    205  3.00
      195    377  3.00
      195    493  3.00
      195    508  2.00
      195    515  5.00
      196      6  3.00
      196     44  1.00
      196    323  1.00
      196    375  2.00
      197     56  2.00
      197     75  4.00
      197    231  1.00
      197    317  6.00
      197    424  1.00
      197    451  1.00
      197    501  1.00
      197    518  1.00
      197    577  3.00
      199     11  3.00
      199     61  3.00
      199    205  4.00
      199    317  3.00
      199    542  2.00
      199    566  6.00
      200     71  4.00
      200    138  6.00
      200    224  4.00
      200    444  6.00
      200    464  6.00
      201     28  6.00
      201    180  2.00
      201    365  2.00
      201    457  2.00
      201    538  4.00
      203     87  2.00
      203    156  1.00
      203    204  5.00
      203    267  5.00
      203    335  6.00
      203    370  3.00
      203    414  6.00
      203    460  1.00
      203    494  5.00
      204    147  2.00
      204    267  2.00
      204    283  2.00
      204    328  2.00
      204    345  1.00
      204    414  6.00
      204    440  1.00
      204    521  1.00
      204    547  6.00
      205     15  6.00
      205     75  3.00
      205    143  5.00
      205    237  1.00
      205    320  6.00
      205    475  1.00
      206     18  1.00
      206     93  1.00
      206    100  1.00
      206    181  3.00
      206    212  2.00
      206    213  1.00
      206    257  2.00
      206    398  1.00
      206    470  2.00
      206    527  3.00
      207     59  1.00
      207    172  1.00
      207    262  1.00
      207    437  1.00
      208     75  2.00
      208    136  6.00
      208    200  1.00
      208    229  3.00
      208    236  6.00
      208    270  1.00
      208    322  3.00
      208    487  2.00
      209     35  2.00
      209     69  2.00
      209    116  3.00
      209    144  3.00
      209    283  3.00
      209    345  2.00
      210      2  2.00
      210     29  5.00
      210    351  2.00
      210    432  1.00
      211     29  1.00
      211    218  1.00
      211    305  2.00
      211    368  2.00
      211    421  2.00
      211    454  2.00
      212     95  3.00
      212    247  4.00
      212    367  1.00
      212    400  5.00
      212    472  2.00
      213      3  1.00
      213    165  2.00
      213    190  1.00
      213    237  3.00
      213    334  4.00
      213    395  4.00
      213    410  4.00
      213    531  1.00
      213    543  3.00
      214    186  2.00
      214    287  4.00
      214    289  1.00
      214    311  2.00
      214    445  6.00
      215     60  1.00
      215     68  2.00
      215    131  2.00
      215    150  2.00
      215    232  2.00
      215    415  2.00
      215    517  1.00
      216    160  2.00
      216    163  2.00
      216    170  2.00
      216    237  2.00
      216    334  2.00
      216    475  2.00
      217     90  3.00
      218     14  2.00
      219     46  6.00
      219     52  4.00
      219     60  4.00
      219    102  4.00
      219    215  2.00
      219    232  3.00
      219    274  3.00
      219    296  4.00
      219    391  6.00
      220    178  6.00
      220    285  6.00
      220    507  6.00
      221     54  3.00
      221    140  2.00
      222     16  5.00
      222    200  3.00
      222    340  4.00
      222    349  5.00
      222    380  3.00
      222    483  4.00
      222    520  5.00
      222    568  6.00
      223     86  6.00
      223    165  1.00
      223    170  6.00
      223    178  1.00
      223    190  3.00
      223    298  6.00
      223    433  1.00
      223    511  3.00
      223    543  1.00
      224    187  1.00
      224    198  5.00
      224    306  1.00
      224    422  2.00
      224    445  2.00
      224    464  1.00
      224    521  5.00
      225     94  3.00
      225    289  5.00
      225    412  1.00
      225    425  6.00
      226     34  2.00
      226    146  2.00
      226    266  2.00
      226    283  3.00
      226    328  2.00
      226    409  3.00
      226    416  2.00
      226    521  3.00
      227    330  4.00
      227    437  3.00
      228     94  3.00
      228    200  3.00
      228    225  6.00
      228    289  6.00
      228    370  4.00
      228    425  4.00
      228    562  6.00
      231     55  4.00
      231     84  6.00
      231    122  5.00
      231    141  6.00
      231    148  5.00
      231    271  6.00
      231    272  4.00
      231    361  4.00
      231    399  6.00
      231    434  3.00
      232      2  1.00
      232     49  1.00
      232     67  1.00
      232    175  1.00
      232    243  5.00
      232    353  1.00
      232    369  1.00
      232    456  1.00
      233     34  2.00
      233     70  1.00
      233    125  2.00
      233    427  3.00
      233    504  2.00
      234     31  1.00
      234    203  1.00
      234    267  1.00
      234    328  1.00
      234    339  6.00
      234    405  1.00
      234    409  4.00
      234    414  5.00
      234    480  1.00
      234    564  1.00
      235     44  2.00
      235     65  5.00
      235    245  1.00
      235    257  3.00
      235    299  2.00
      235    500  1.00
      235    510  3.00
      236    208  4.00
      236    369  4.00
      236    378  3.00
      236    470  1.00
      236    499  1.00
      236    576  1.00
      237     11  3.00
      237     19  2.00
      237     77  2.00
      237    145  2.00
      237    205  1.00
      237    213  1.00
      237    332  2.00
      237    475  2.00
      237    493  1.00
      238     56  2.00
      238     81  4.00
      238    244  6.00
      238    330  4.00
      238    442  6.00
      238    447  5.00
      238    483  1.00
      239    306  1.00
      239    311  6.00
      239    375  2.00
      239    445  2.00
      239    464  4.00
      240     17  5.00
      240     30  1.00
      240    182  2.00
      240    318  3.00
      240    534  1.00
      241     86  2.00
      241    223  2.00
      241    229  3.00
      241    321  3.00
      242    125  1.00
      242    270  1.00
      242    293  4.00
      242    556  2.00
      243    232  5.00
      243    259  4.00
      243    369  4.00
      243    443  4.00
      244     19  4.00
      244     21  4.00
      244    442  3.00
      244    510  3.00
      245    235  3.00
      245    299  5.00
      245    500  6.00
      246    535  2.00
      247     64  5.00
      247     95  6.00
      247    367  3.00
      247    474  2.00
      247    481  2.00
      249     31  5.00
      249     69  5.00
      249    227  2.00
      249    405  3.00
      249    416  5.00
      249    437  6.00
      250      2  6.00
      250     67  1.00
      250    140  6.00
      250    167  6.00
      250    256  1.00
      250    269  1.00
      250    351  6.00
      250    353  1.00
      250    397  2.00
      250    432  6.00
      251     55  1.00
      251    122  2.00
      251    141  1.00
      251    148  5.00
      251    271  1.00
      251    434  2.00
      251    506  5.00
      251    521  3.00
      252     55  3.00
      252     95  6.00
      252    114  5.00
      252    399  4.00
      253     13  2.00
      253    158  3.00
      253    250  2.00
      253    288  4.00
      253    305  2.00
      253    324  4.00
      253    456  2.00
      253    517  4.00
      253    530  2.00
      256    250  1.00
      256    269  3.00
      256    288  4.00
      256    319  1.00
      256    353  2.00
      256    369  1.00
      256    397  3.00
      256    432  1.00
      256    546  3.00
      257    206  4.00
      258     24  3.00
      258     60  1.00
      258    259  1.00
      258    403  1.00
      258    476  2.00
      260    433  2.00
      261     33  4.00
      261     96  1.00
      261    120  1.00
      261    293  1.00
      261    352  2.00
      261    420  1.00
      261    561  2.00
      262    177  1.00
      262    207  1.00
      262    437  1.00
      263     72  3.00
      263    135  1.00
      263    142  1.00
      263    408  1.00
      264     58  3.00
      264    341  3.00
      265    119  1.00
      265    154  1.00
      265    206  1.00
      265    349  1.00
      265    380  1.00
      265    455  4.00
      265    470  2.00
      265    510  1.00
      265    559  1.00
      265    569  2.00
      266     66  6.00
      266     91  6.00
      266     94  4.00
      266    103  5.00
      266    108  6.00
      266    173  6.00
      266    248  6.00
      267    300  4.00
      267    405  3.00
      267    462  2.00
      267    480  6.00
      267    494  4.00
      267    563  4.00
      269     29  3.00
      269    153  2.00
      269    175  2.00
      269    250  1.00
      269    256  2.00
      269    353  4.00
      269    443  2.00
      269    474  1.00
      269    546  2.00
      270     76  1.00
      270     83  2.00
      270    136  1.00
      270    208  1.00
      270    348  2.00
      270    508  1.00
      270    526  1.00
      270    568  1.00
      271     32  4.00
      271     55  1.00
      271    122  6.00
      271    141  4.00
      271    148  5.00
      271    272  3.00
      271    434  3.00
      271    494  4.00
      271    501  3.00
      272     55  3.00
      272    122  5.00
      272    171  6.00
      272    231  3.00
      272    434  5.00
      272    501  3.00
      272    518  6.00
      272    577  4.00
      273     98  1.00
      273    166  1.00
      273    224  1.00
      273    347  1.00
      273    435  1.00
      273    438  2.00
      273    460  1.00
      273    464  1.00
      273    521  2.00
      274     60  6.00
      274    102  4.00
      274    150  2.00
      274    159  2.00
      274    219  4.00
      274    232  2.00
      274    268  2.00
      274    305  2.00
      274    411  3.00
      275     38  2.00
      275     58  4.00
      275     94  4.00
      275    108  1.00
      275    483  3.00
      275    491  2.00
      277     44  3.00
      277     57  2.00
      277    264  2.00
      277    305  4.00
      277    312  2.00
      277    369  2.00
      277    396  4.00
      277    517  2.00
      278      3  5.00
      278     49  1.00
      278     92  1.00
      278    160  1.00
      278    190  1.00
      278    410  5.00
      278    508  1.00
      278    543  1.00
      278    568  1.00
      280    242  2.00
      280    264  2.00
      280    270  1.00
      280    393  5.00
      280    526  2.00
      280    556  5.00
      282    328  5.00
      283     69  2.00
      283    116  4.00
      283    156  4.00
      283    209  3.00
      283    291  1.00
      283    345  4.00
      283    362  5.00
      283    381  1.00
      283    466  1.00
      284     62  6.00
      284     93  3.00
      284    110  6.00
      284    183  4.00
      284    303  4.00
      284    470  1.00
      284    474  6.00
      284    481  6.00
      284    499  1.00
      284    539  5.00
      285      3  6.00
      285     56  2.00
      285    145  1.00
      285    334  1.00
      285    519  2.00
      285    541  2.00
      285    568  1.00
      286    107  1.00
      286    248  2.00
      286    301  4.00
      286    302  1.00
      286    430  4.00
      287    161  5.00
      287    193  3.00
      287    311  5.00
      287    450  5.00
      287    521  5.00
      287    525  2.00
      288      2  1.00
      288    127  2.00
      288    167  1.00
      288    256  4.00
      288    351  1.00
      288    353  2.00
      288    432  1.00
      288    546  1.00
      289     94  3.00
      289    225  6.00
      289    228  6.00
      289    370  4.00
      289    412  4.00
      289    425  6.00
      289    525  3.00
      290    177  2.00
      290    489  2.00
      291    201  2.00
      291    283  2.00
      291    345  2.00
      291    362  3.00
      292     42  6.00
      292     52  2.00
      292     80  2.00
      292    256  2.00
      292    312  3.00
      292    369  3.00
      292    486  6.00
      292    546  2.00
      293     34  2.00
      293    125  4.00
      293    144  1.00
      293    233  1.00
      293    242  5.00
      293    504  4.00
      293    538  2.00
      293    556  2.00
      294     56  5.00
      294     69  2.00
      294    103  2.00
      294    156  1.00
      294    227  2.00
      294    249  1.00
      294    295  4.00
      294    381  1.00
      294    437  2.00
      296    215  1.00
      296    368  1.00
      296    469  1.00
      297    372  2.00
      297    392  2.00
      297    393  2.00
      297    560  4.00
      298    223  6.00
      299     22  3.00
      299    305  3.00
      299    500  5.00
      299    530  6.00
      300     31  2.00
      300    267  5.00
      300    283  3.00
      300    414  5.00
      300    462  2.00
      300    491  3.00
      300    563  6.00
      301     97  6.00
      301    193  2.00
      301    285  2.00
      301    295  2.00
      301    350  4.00
      301    422  1.00
      301    532  4.00
      302    108  2.00
      302    114  3.00
      302    286  2.00
      302    356  6.00
      302    460  2.00
      302    553  5.00
      303     93  6.00
      303    183  5.00
      303    330  5.00
      304    379  1.00
      304    536  6.00
      305      7  2.00
      305     44  2.00
      305     60  1.00
      305    259  2.00
      305    269  3.00
      305    277  2.00
      305    299  2.00
      305    353  2.00
      305    369  6.00
      305    530  3.00
      306     59  2.00
      306    186  2.00
      306    239  1.00
      306    295  4.00
      306    311  2.00
      307     97  1.00
      307    169  1.00
      307    254  6.00
      307    309  2.00
      307    350  3.00
      307    514  5.00
      307    521  1.00
      307    525  1.00
      310      2  5.00
      310     80  3.00
      310    127  3.00
      310    250  4.00
      310    287  1.00
      310    353  3.00
      310    397  2.00
      310    534  1.00
      311     59  1.00
      311    186  2.00
      311    214  2.00
      311    239  6.00
      311    287  4.00
      311    306  3.00
      312      2  2.00
      312     57  1.00
      312    127  2.00
      312    256  2.00
      312    269  2.00
      312    310  2.00
      312    353  1.00
      312    369  4.00
      312    432  2.00
      313    206  3.00
      313    317  6.00
      313    367  1.00
      313    385  6.00
      313    502  1.00
      313    539  1.00
      313    565  2.00
      313    569  3.00
      314     92  4.00
      314    105  5.00
      314    183  1.00
      314    303  1.00
      314    481  5.00
      314    499  3.00
      314    502  2.00
      314    539  3.00
      315    162  1.00
      315    316  2.00
      315    354  4.00
      315    535  2.00
      316     96  2.00
      316    135  1.00
      316    315  2.00
      316    354  2.00
      316    535  4.00
      317     32  2.00
      317     55  2.00
      317     56  5.00
      317    141  2.00
      317    197  6.00
      317    313  6.00
      317    385  6.00
      317    424  3.00
      317    506  1.00
      317    565  6.00
      318     29  3.00
      318     67  1.00
      318     80  1.00
      318    137  1.00
      318    175  1.00
      318    232  2.00
      318    240  3.00
      318    269  1.00
      318    305  3.00
      318    406  3.00
      319     19  3.00
      319     43  1.00
      319    101  4.00
      319    108  2.00
      319    128  4.00
      319    191  5.00
      319    332  2.00
      319    566  1.00
      320     10  3.00
      320     11  2.00
      320     15  6.00
      320    205  5.00
      320    251  1.00
      320    424  1.00
      321     19  1.00
      321    105  1.00
      321    163  1.00
      321    310  1.00
      321    324  3.00
      322    208  3.00
      322    448  4.00
      322    449  1.00
      322    554  1.00
      323     12  2.00
      323    140  1.00
      323    312  1.00
      323    432  1.00
      324      7  2.00
      324    142  1.00
      324    158  1.00
      324    189  1.00
      324    288  2.00
      324    308  1.00
      324    321  5.00
      324    369  1.00
      325     47  2.00
      325     72  2.00
      325    560  2.00
      326     60  1.00
      326     67  1.00
      326     78  1.00
      326    218  1.00
      326    357  1.00
      326    403  1.00
      327     23  2.00
      327    112  5.00
      327    364  3.00
      327    524  5.00
      328    147  1.00
      328    156  3.00
      328    282  6.00
      328    381  1.00
      328    414  1.00
      328    416  1.00
      328    544  2.00
      330     39  5.00
      330     81  5.00
      330    227  3.00
      330    244  4.00
      330    303  3.00
      330    442  4.00
      331     80  2.00
      331    127  2.00
      331    150  1.00
      331    250  2.00
      331    259  1.00
      331    324  2.00
      331    397  4.00
      331    546  2.00
      332      5  5.00
      332     43  6.00
      332     90  2.00
      332    101  5.00
      332    108  2.00
      332    281  3.00
      332    493  3.00
      332    538  3.00
      334      3  6.00
      334     19  1.00
      334     79  3.00
      334     81  2.00
      334    145  2.00
      334    410  4.00
      335     32  4.00
      335    203  6.00
      335    248  3.00
      335    529  1.00
      336     76  1.00
      336    364  1.00
      336    513  1.00
      336    538  1.00
      337      4  4.00
      337    130  3.00
      337    135  5.00
      337    277  3.00
      337    305  1.00
      337    338  2.00
      337    548  1.00
      337    569  5.00
      338     41  3.00
      338    337  1.00
      338    372  3.00
      338    394  1.00
      338    487  1.00
      338    569  4.00
      339    169  2.00
      339    214  3.00
      339    234  6.00
      339    514  2.00
      339    547  2.00
      340     16  3.00
      340     99  5.00
      340    222  3.00
      340    483  6.00
      343    208  1.00
      343    523  3.00
      344     18  2.00
      344     75  2.00
      344     79  2.00
      344    129  4.00
      344    170  2.00
      344    229  1.00
      344    359  4.00
      344    468  1.00
      344    543  1.00
      344    559  3.00
      345     35  2.00
      345     69  3.00
      345    104  4.00
      345    116  3.00
      345    156  3.00
      345    187  1.00
      345    283  4.00
      345    362  5.00
      345    381  2.00
      345    440  2.00
      346    523  3.00
      347     98  6.00
      347    166  6.00
      347    224  2.00
      347    273  2.00
      347    348  2.00
      347    435  4.00
      347    438  6.00
      347    445  2.00
      348     71  5.00
      348    104  4.00
      348    125  1.00
      348    146  1.00
      348    270  2.00
      348    283  2.00
      348    358  1.00
      348    513  6.00
      349     16  6.00
      349     68  2.00
      349    174  2.00
      349    222  4.00
      349    380  3.00
      349    520  2.00
      349    528  2.00
      350    161  4.00
      350    193  4.00
      350    295  6.00
      350    301  6.00
      350    422  6.00
      350    521  6.00
      350    547  6.00
      351      2  1.00
      351    127  1.00
      351    140  2.00
      351    167  6.00
      351    256  2.00
      351    432  2.00
      351    465  2.00
      351    546  2.00
      351    570  2.00
      352    420  2.00
      352    561  1.00
      353    175  2.00
      353    269  5.00
      354    162  1.00
      354    180  2.00
      354    315  6.00
      354    316  2.00
      354    535  1.00
      355     21  2.00
      355    223  2.00
      356     11  1.00
      356     58  1.00
      356    107  1.00
      356    302  3.00
      357     14  2.00
      357     46  2.00
      357    326  6.00
      357    421  3.00
      357    429  3.00
      359     48  3.00
      359    229  1.00
      359    461  4.00
      359    468  1.00
      359    543  2.00
      359    559  4.00
      360    177  2.00
      360    365  2.00
      360    377  2.00
      360    553  5.00
      361     55  5.00
      361    122  2.00
      361    141  5.00
      361    148  3.00
      361    231  6.00
      361    272  2.00
      361    399  6.00
      361    434  3.00
      361    501  5.00
      361    577  1.00
      362     69  6.00
      362    156  2.00
      362    370  1.00
      362    381  2.00
      362    509  1.00
      363     94  1.00
      363     99  3.00
      363    200  6.00
      363    370  3.00
      363    478  1.00
      363    483  1.00
      363    491  5.00
      364     76  1.00
      364    112  5.00
      364    444  2.00
      364    513  2.00
      364    558  2.00
      365     63  2.00
      365    116  5.00
      365    283  5.00
      365    286  1.00
      365    381  2.00
      367     16  1.00
      367     26  3.00
      367     68  2.00
      367    110  6.00
      367    154  6.00
      367    174  3.00
      367    206  1.00
      367    349  1.00
      367    502  5.00
      368     78  1.00
      368    121  1.00
      368    387  1.00
      369    127  2.00
      369    189  2.00
      369    256  1.00
      369    259  1.00
      369    269  3.00
      369    305  6.00
      369    312  2.00
      369    353  1.00
      369    378  4.00
      369    397  1.00
      370     38  4.00
      370    200  4.00
      370    225  4.00
      370    227  4.00
      370    228  4.00
      370    412  4.00
      371     45  2.00
      371    400  1.00
      371    510  1.00
      371    549  3.00
      372     41  6.00
      372    338  3.00
      372    394  2.00
      372    402  1.00
      372    487  4.00
      372    559  4.00
      372    560  3.00
      373      1  6.00
      373    128  3.00
      373    152  2.00
      374    179  5.00
      374    195  1.00
      374    377  1.00
      374    441  5.00
      375     85  2.00
      375     91  2.00
      375    214  1.00
      375    276  2.00
      375    307  1.00
      375    311  1.00
      375    382  2.00
      375    464  2.00
      375    521  1.00
      376     19  1.00
      376     38  3.00
      376     53  2.00
      376    108  1.00
      376    266  1.00
      377     32  5.00
      377    171  4.00
      377    272  1.00
      377    335  1.00
      377    506  1.00
      377    508  5.00
      377    577  4.00
      378    176  3.00
      378    369  3.00
      379    304  1.00
      379    536  2.00
      380     16  2.00
      380    174  1.00
      380    222  2.00
      380    349  3.00
      380    370  1.00
      380    528  1.00
      380    557  1.00
      381     89  1.00
      381    254  4.00
      381    328  1.00
      381    362  1.00
      381    416  1.00
      381    460  4.00
      381    563  4.00
      382     25  1.00
      382    376  2.00
      382    491  2.00
      382    516  2.00
      383     40  1.00
      383    106  1.00
      383    129  1.00
      383    419  1.00
      383    504  1.00
      383    553  2.00
      383    568  1.00
      384     18  1.00
      384     75  2.00
      384    145  1.00
      384    205  1.00
      384    439  5.00
      384    511  4.00
      385    313  1.00
      385    317  2.00
      385    320  1.00
      385    565  3.00
      386     11  1.00
      386     18  2.00
      386     19  1.00
      386     61  1.00
      386    205  1.00
      386    461  1.00
      386    520  6.00
      386    531  1.00
      388     79  4.00
      388    152  5.00
      388    285  3.00
      388    442  3.00
      388    475  1.00
      388    483  2.00
      388    555  2.00
      388    568  2.00
      389    485  1.00
      390    113  4.00
      390    261  1.00
      390    276  1.00
      390    342  2.00
      392     36  3.00
      392    482  4.00
      392    554  3.00
      393     43  1.00
      393     72  2.00
      393    178  2.00
      393    550  1.00
      393    556  2.00
      394     41  5.00
      394     62  4.00
      394    212  2.00
      394    236  5.00
      394    247  2.00
      394    400  3.00
      394    402  3.00
      395      5  2.00
      395    165  3.00
      395    190  5.00
      395    205  1.00
      395    213  4.00
      395    332  2.00
      395    493  2.00
      395    543  2.00
      396     44  2.00
      396    137  6.00
      396    189  1.00
      396    401  2.00
      396    552  4.00
      397     80  3.00
      397    250  2.00
      397    256  3.00
      397    331  2.00
      397    353  2.00
      397    546  2.00
      397    570  1.00
      398     18  2.00
      398     79  3.00
      398    213  1.00
      398    344  1.00
      398    410  2.00
      398    418  1.00
      398    468  5.00
      398    541  1.00
      398    543  5.00
      399     84  3.00
      399    141  4.00
      399    148  1.00
      399    231  6.00
      399    271  4.00
      399    272  2.00
      399    361  3.00
      399    434  1.00
      399    494  4.00
      399    501  3.00
      400    206  1.00
      400    212  4.00
      400    394  1.00
      400    573  1.00
      401    127  3.00
      401    158  2.00
      401    431  3.00
      401    465  3.00
      402     41  3.00
      402    331  3.00
      402    338  2.00
      402    372  2.00
      402    394  2.00
      402    428  2.00
      402    487  2.00
      403     13  1.00
      403     44  2.00
      403     75  2.00
      403    126  5.00
      403    131  1.00
      403    189  1.00
      403    190  2.00
      403    326  1.00
      403    410  2.00
      404      6  1.00
      404    196  1.00
      405     31  6.00
      405     89  3.00
      405    147  3.00
      405    234  2.00
      405    267  4.00
      405    295  4.00
      405    414  2.00
      405    430  6.00
      405    462  4.00
      405    480  3.00
      406    240  2.00
      406    243  1.00
      406    269  1.00
      406    318  4.00
      406    458  1.00
      407    139  2.00
      407    176  2.00
      407    246  2.00
      409     69  2.00
      409     85  2.00
      409    156  1.00
      409    234  4.00
      409    254  2.00
      409    328  2.00
      409    381  2.00
      409    516  6.00
      409    544  1.00
      410      3  6.00
      410     79  5.00
      410     92  2.00
      410    190  3.00
      410    237  1.00
      410    278  5.00
      410    334  2.00
      410    395  1.00
      410    398  2.00
      410    543  5.00
      411    150  1.00
      411    159  1.00
      411    415  1.00
      411    505  1.00
      412     94  4.00
      412    200  2.00
      412    225  1.00
      412    289  1.00
      412    405  3.00
      412    425  1.00
      412    430  3.00
      413    146  3.00
      413    157  1.00
      413    304  1.00
      413    466  1.00
      413    477  2.00
      414     31  4.00
      414     89  6.00
      414    203  5.00
      414    204  6.00
      414    300  6.00
      414    440  4.00
      414    494  6.00
      414    521  3.00
      415      2  1.00
      415    131  2.00
      415    142  1.00
      415    269  1.00
      415    351  1.00
      415    353  1.00
      415    432  1.00
      415    458  1.00
      415    530  1.00
      416     31  3.00
      416     85  1.00
      416    156  1.00
      416    249  2.00
      416    291  1.00
      416    327  1.00
      416    409  1.00
      416    466  3.00
      417    207  2.00
      417    335  1.00
      417    529  2.00
      418     75  4.00
      418    190  1.00
      418    223  2.00
      418    229  3.00
      418    398  1.00
      418    541  3.00
      418    543  1.00
      419     40  3.00
      419     59  2.00
      419     73  1.00
      419    172  1.00
      419    207  2.00
      419    414  1.00
      419    571  2.00
      420    352  1.00
      420    461  1.00
      420    470  6.00
      420    520  1.00
      422    161  1.00
      422    193  1.00
      422    301  1.00
      422    350  1.00
      422    450  1.00
      422    521  3.00
      422    525  1.00
      422    547  1.00
      423    105  5.00
      423    389  5.00
      423    576  5.00
      424    145  1.00
      424    148  1.00
      424    171  1.00
      424    271  1.00
      424    272  1.00
      424    399  2.00
      424    577  1.00
      425     94  4.00
      425     99  3.00
      425    225  6.00
      425    228  5.00
      425    289  5.00
      425    370  5.00
      425    441  2.00
      426    110  5.00
      426    119  4.00
      426    174  2.00
      426    183  3.00
      426    284  4.00
      426    303  4.00
      426    470  6.00
      426    474  3.00
      426    481  4.00
      426    499  3.00
      427     34  1.00
      427     61  1.00
      427     70  1.00
      427    108  1.00
      427    125  1.00
      427    173  3.00
      427    410  1.00
      428    402  2.00
      429     67  1.00
      429     82  3.00
      429    326  1.00
      429    357  1.00
      429    380  1.00
      432      2  5.00
      432    127  1.00
      432    140  2.00
      432    167  5.00
      432    250  4.00
      432    256  4.00
      432    269  2.00
      432    351  3.00
      432    353  2.00
      434     55  2.00
      434    122  5.00
      434    141  2.00
      434    148  5.00
      434    231  2.00
      434    271  5.00
      434    437  4.00
      434    494  5.00
      434    501  1.00
      436     41  1.00
      436     95  2.00
      436    110  2.00
      436    143  3.00
      436    174  1.00
      436    183  6.00
      436    247  3.00
      436    330  5.00
      436    485  6.00
      436    499  4.00
      437    172  1.00
      437    207  2.00
      437    227  3.00
      437    249  6.00
      437    262  1.00
      437    434  6.00
      438     98  2.00
      438    166  5.00
      438    273  2.00
      438    347  3.00
      438    421  5.00
      438    460  1.00
      439     11  3.00
      439    205  2.00
      439    237  1.00
      439    320  1.00
      439    395  1.00
      439    424  1.00
      440     19  6.00
      440    109  5.00
      440    147  3.00
      440    267  1.00
      440    414  5.00
      440    462  6.00
      440    480  1.00
      440    495  5.00
      440    564  3.00
      441    208  1.00
      441    365  1.00
      441    425  6.00
      442     81  6.00
      442     99  2.00
      442    178  2.00
      442    244  6.00
      442    330  6.00
      442    386  1.00
      443    269  1.00
      443    369  1.00
      444     34  3.00
      444     36  3.00
      444    364  2.00
      444    433  2.00
      444    513  2.00
      445    186  1.00
      445    214  6.00
      445    224  1.00
      446    242  3.00
      446    264  2.00
      446    270  1.00
      446    508  1.00
      446    556  3.00
      447     81  4.00
      447    222  5.00
      447    244  6.00
      447    330  4.00
      448    322  6.00
      448    554  2.00
      449    550  4.00
      449    554  1.00
      449    574  1.00
      450     97  1.00
      450    161  1.00
      450    193  3.00
      450    295  4.00
      450    350  4.00
      450    422  4.00
      450    521  4.00
      450    525  1.00
      450    547  4.00
      451     84  2.00
      451    148  1.00
      451    231  2.00
      451    271  2.00
      451    272  2.00
      451    501  3.00
      451    518  2.00
      451    577  1.00
      452    122  2.00
      452    141  2.00
      452    148  1.00
      452    251  1.00
      452    271  2.00
      452    272  2.00
      452    434  2.00
      452    451  4.00
      452    501  2.00
      452    518  2.00
      454     46  3.00
      454    211  3.00
      454    219  1.00
      454    268  2.00
      455    265  6.00
      455    517  4.00
      455    520  2.00
      455    573  2.00
      456      8  3.00
      456     17  3.00
      456     30  4.00
      456    182  3.00
      456    333  3.00
      458     13  2.00
      458     29  2.00
      458     57  2.00
      458    253  5.00
      458    269  2.00
      458    305  1.00
      458    465  3.00
      459    246  6.00
      459    378  6.00
      459    485  6.00
      459    548  5.00
      460    111  1.00
      460    166  1.00
      460    381  3.00
      460    435  1.00
      461    359  6.00
      462    147  4.00
      462    267  2.00
      462    405  2.00
      462    414  1.00
      462    440  4.00
      462    480  2.00
      462    563  1.00
      462    564  2.00
      463    471  2.00
      463    567  2.00
      464    224  2.00
      464    239  3.00
      464    276  1.00
      464    339  2.00
      464    375  2.00
      465     57  5.00
      465    142  5.00
      465    158  4.00
      466     31  2.00
      466    146  5.00
      466    157  3.00
      466    161  1.00
      466    414  1.00
      466    416  2.00
      467     85  5.00
      467    193  2.00
      468     18  1.00
      468     61  1.00
      468     79  1.00
      468     92  1.00
      468    145  1.00
      468    163  1.00
      468    344  1.00
      468    398  2.00
      468    543  3.00
      469    121  2.00
      469    190  1.00
      469    215  1.00
      469    318  1.00
      469    393  1.00
      469    411  1.00
      469    544  1.00
      470     26  1.00
      470     93  1.00
      470    100  2.00
      470    110  1.00
      470    247  1.00
      470    265  3.00
      470    303  5.00
      470    420  2.00
      470    426  2.00
      470    569  2.00
      471     13  1.00
      471     24  1.00
      471     88  3.00
      471    463  3.00
      471    567  6.00
      472    330  3.00
      472    381  6.00
      474     93  1.00
      474    100  1.00
      474    110  6.00
      474    183  5.00
      474    269  3.00
      474    284  6.00
      474    303  3.00
      474    314  6.00
      474    539  6.00
      475     11  2.00
      475     19  2.00
      475     77  2.00
      475     81  1.00
      475    145  1.00
      475    171  3.00
      475    205  2.00
      475    237  2.00
      475    506  2.00
      476     24  1.00
      476    258  1.00
      476    496  3.00
      476    505  1.00
      477    145  3.00
      477    146  6.00
      477    157  2.00
      477    291  1.00
      477    304  2.00
      477    413  5.00
      477    563  2.00
      478     89  3.00
      478    109  5.00
      478    382  2.00
      478    491  5.00
      478    495  6.00
      478    562  1.00
      480    147  3.00
      480    267  5.00
      480    300  6.00
      480    328  2.00
      480    414  3.00
      480    462  3.00
      480    563  6.00
      480    564  2.00
      481     93  1.00
      481    100  1.00
      481    110  6.00
      481    183  6.00
      481    284  6.00
      481    303  1.00
      481    499  1.00
      481    539  6.00
      482    149  1.00
      482    392  2.00
      483     94  3.00
      483     99  5.00
      483    200  3.00
      483    225  3.00
      483    228  3.00
      483    294  3.00
      483    340  5.00
      483    425  3.00
      484     70  3.00
      484     94  1.00
      484    222  3.00
      484    413  3.00
      484    425  2.00
      484    491  2.00
      485    411  4.00
      485    436  6.00
      485    459  1.00
      485    520  1.00
      486    178  2.00
      486    292  5.00
      486    520  1.00
      487     41  2.00
      487    105  1.00
      487    245  1.00
      487    338  4.00
      487    372  5.00
      487    394  2.00
      487    402  1.00
      487    548  4.00
      487    549  1.00
      487    559  4.00
      490     24  1.00
      490    567  1.00
      491    134  2.00
      491    200  6.00
      491    300  4.00
      491    363  6.00
      492    158  2.00
      492    310  2.00
      492    312  1.00
      492    351  1.00
      492    420  4.00
      492    458  2.00
      492    512  2.00
      493     19  5.00
      493    108  3.00
      493    128  1.00
      493    163  5.00
      493    237  2.00
      493    281  3.00
      493    332  3.00
      493    377  2.00
      493    531  6.00
      494    122  6.00
      494    147  1.00
      494    148  6.00
      494    231  2.00
      494    251  5.00
      494    271  5.00
      494    399  6.00
      494    414  3.00
      494    434  6.00
      495    248  2.00
      495    414  1.00
      495    462  1.00
      495    478  6.00
      495    491  3.00
      495    562  1.00
      495    564  2.00
      496    258  1.00
      496    476  3.00
      497     39  2.00
      497     81  4.00
      497    174  4.00
      497    244  3.00
      497    330  4.00
      497    442  3.00
      497    447  3.00
      498     17  3.00
      498    182  2.00
      498    240  3.00
      498    333  4.00
      498    534  4.00
      499     93  3.00
      499     95  1.00
      499    100  6.00
      499    110  4.00
      499    154  1.00
      499    506  3.00
      499    539  1.00
      499    557  1.00
      500    235  2.00
      500    245  3.00
      500    299  6.00
      500    305  2.00
      500    530  4.00
      502     26  5.00
      502     27  1.00
      502    100  1.00
      502    154  6.00
      502    181  1.00
      502    314  3.00
      502    367  4.00
      502    499  1.00
      502    551  1.00
      503    166  1.00
      503    435  1.00
      503    460  5.00
      503    462  1.00
      504     58  1.00
      504    144  1.00
      504    152  1.00
      504    186  2.00
      504    264  1.00
      504    293  3.00
      504    341  5.00
      504    484  1.00
      504    508  1.00
      505     14  1.00
      505     29  2.00
      505     54  6.00
      505    150  1.00
      505    218  1.00
      505    301  1.00
      505    454  1.00
      505    476  1.00
      506     11  2.00
      506     84  2.00
      506    122  2.00
      506    148  3.00
      506    251  5.00
      506    271  2.00
      506    399  2.00
      506    424  2.00
      506    434  2.00
      507      9  6.00
      507    152  6.00
      507    275  6.00
      507    341  5.00
      508     40  1.00
      508    160  1.00
      508    270  1.00
      508    377  5.00
      508    382  5.00
      508    493  2.00
      508    526  1.00
      508    538  1.00
      508    568  3.00
      509     69  5.00
      509    156  3.00
      509    328  1.00
      509    381  3.00
      509    416  4.00
      510      4  2.00
      510    178  5.00
      510    208  6.00
      510    265  2.00
      510    285  5.00
      510    352  4.00
      510    408  3.00
      511     86  2.00
      511     96  2.00
      511    132  2.00
      511    223  2.00
      511    384  4.00
      511    433  1.00
      511    497  1.00
      512     12  4.00
      512    124  4.00
      512    137  1.00
      512    143  1.00
      512    146  1.00
      512    351  1.00
      512    396  1.00
      512    464  1.00
      512    544  1.00
      513     34  1.00
      513    270  1.00
      513    336  2.00
      513    341  1.00
      513    348  5.00
      513    444  1.00
      514    169  1.00
      514    307  4.00
      514    339  1.00
      514    529  5.00
      514    547  1.00
      515    195  6.00
      515    377  5.00
      515    494  3.00
      515    544  4.00
      516     76  4.00
      516    116  2.00
      516    134  1.00
      516    156  3.00
      516    157  1.00
      516    282  2.00
      516    283  1.00
      516    381  1.00
      516    460  1.00
      517    253  2.00
      517    256  1.00
      517    265  5.00
      517    353  1.00
      518     55  5.00
      518    122  1.00
      518    148  1.00
      518    171  2.00
      518    251  1.00
      518    272  6.00
      518    451  4.00
      518    501  1.00
      518    577  2.00
      519    160  3.00
      519    163  3.00
      519    278  3.00
      519    285  4.00
      519    292  1.00
      519    508  1.00
      519    541  4.00
      519    568  1.00
      521    161  1.00
      521    193  2.00
      521    350  2.00
      521    414  1.00
      521    422  4.00
      521    450  2.00
      521    544  2.00
      521    547  5.00
      522    101  3.00
      522    316  4.00
      522    332  3.00
      522    381  5.00
      522    537  4.00
      524     23  3.00
      524     36  1.00
      524    112  4.00
      524    120  5.00
      524    327  3.00
      524    392  3.00
      525     97  6.00
      525    111  1.00
      525    161  3.00
      525    193  4.00
      525    295  6.00
      525    307  1.00
      525    422  1.00
      525    450  1.00
      525    544  2.00
      526     36  3.00
      526     43  3.00
      526    129  2.00
      526    270  2.00
      526    508  1.00
      526    538  3.00
      526    556  1.00
      526    568  4.00
      527    110  2.00
      527    154  1.00
      527    206  5.00
      527    303  1.00
      527    367  1.00
      527    426  3.00
      527    499  1.00
      527    551  1.00
      527    557  1.00
      528    227  2.00
      528    341  3.00
      529     59  1.00
      529    123  5.00
      529    308  1.00
      529    335  1.00
      529    417  1.00
      529    514  6.00
      530    140  6.00
      530    221  1.00
      530    304  4.00
      530    305  5.00
      530    494  6.00
      531    101  1.00
      531    128  3.00
      531    191  3.00
      531    509  2.00
      532    123  1.00
      532    169  3.00
      532    301  2.00
      532    529  1.00
      532    544  2.00
      533     69  1.00
      533    158  3.00
      533    247  1.00
      533    399  2.00
      533    401  6.00
      533    501  1.00
      533    553  2.00
      534     17  3.00
      534     30  3.00
      534    188  1.00
      534    498  4.00
      535    133  1.00
      535    162  3.00
      535    315  2.00
      535    316  6.00
      535    354  1.00
      536     32  2.00
      536     59  3.00
      536    304  6.00
      536    308  1.00
      536    377  3.00
      536    379  4.00
      536    437  1.00
      537      5  1.00
      537     61  6.00
      537     90  2.00
      537    101  1.00
      537    281  4.00
      537    332  1.00
      538    201  6.00
      538    508  3.00
      539     93  2.00
      539    100  2.00
      539    110  5.00
      539    183  2.00
      539    303  2.00
      539    314  5.00
      539    472  6.00
      539    481  5.00
      539    499  2.00
      540      4  1.00
      540    392  3.00
      541    126  4.00
      541    129  4.00
      541    145  1.00
      541    160  3.00
      541    216  1.00
      541    285  3.00
      541    418  3.00
      541    424  1.00
      541    519  4.00
      541    543  1.00
      542    191  6.00
      542    479  1.00
      543      3  3.00
      543     18  5.00
      543    179  2.00
      543    190  1.00
      543    213  2.00
      543    278  1.00
      543    341  3.00
      543    398  5.00
      543    410  4.00
      543    468  4.00
      544     85  4.00
      544    146  4.00
      544    161  4.00
      544    193  5.00
      544    328  2.00
      544    413  2.00
      544    450  2.00
      544    521  2.00
      544    525  5.00
      545    125  1.00
      545    427  1.00
      546      2  1.00
      546     13  1.00
      546     80  3.00
      546    127  2.00
      546    140  1.00
      546    250  1.00
      546    256  2.00
      546    310  1.00
      546    397  2.00
      547    161  1.00
      547    204  4.00
      547    301  3.00
      547    350  3.00
      547    414  1.00
      547    521  1.00
      548     50  3.00
      548    119  1.00
      548    135  1.00
      548    330  1.00
      548    487  1.00
      548    502  1.00
      549    100  1.00
      549    110  2.00
      549    236  3.00
      549    371  3.00
      549    426  2.00
      549    470  2.00
      549    481  2.00
      549    499  2.00
      549    551  1.00
      549    557  2.00
      550    173  2.00
      550    376  3.00
      550    408  2.00
      550    449  4.00
      550    510  2.00
      550    554  5.00
      551    100  4.00
      551    110  1.00
      551    181  5.00
      551    183  4.00
      551    303  4.00
      551    474  1.00
      551    481  1.00
      551    499  2.00
      551    539  1.00
      552     44  1.00
      552    137  1.00
      552    274  1.00
      552    277  1.00
      552    305  1.00
      552    357  1.00
      552    396  6.00
      553     69  5.00
      553    262  2.00
      553    302  4.00
      553    360  4.00
      553    399  2.00
      553    515  1.00
      553    544  1.00
      554     47  6.00
      554    244  1.00
      554    258  2.00
      554    297  2.00
      554    449  4.00
      554    510  4.00
      555     16  2.00
      555    222  2.00
      555    279  3.00
      555    447  1.00
      555    472  1.00
      555    520  1.00
      556     36  3.00
      556     51  1.00
      556     83  1.00
      556    242  3.00
      556    270  2.00
      556    393  3.00
      556    508  1.00
      557     15  2.00
      557    110  2.00
      557    119  2.00
      557    181  2.00
      557    284  1.00
      557    320  1.00
      557    474  1.00
      557    499  5.00
      557    539  2.00
      557    551  2.00
      558    155  5.00
      558    185  2.00
      558    278  1.00
      558    528  2.00
      559     48  1.00
      559     79  1.00
      559    487  2.00
      560     41  1.00
      560     72  1.00
      560    297  2.00
      560    338  2.00
      560    372  3.00
      561     48  1.00
      561    344  2.00
      561    352  1.00
      561    359  2.00
      561    543  1.00
      562     32  5.00
      562    148  5.00
      562    207  1.00
      562    227  6.00
      562    286  1.00
      562    434  5.00
      562    437  4.00
      562    451  4.00
      563     89  5.00
      563    267  3.00
      563    309  6.00
      563    381  2.00
      563    405  1.00
      563    462  1.00
      563    480  6.00
      564    147  3.00
      564    204  1.00
      564    267  1.00
      564    328  1.00
      564    414  1.00
      564    440  3.00
      564    480  1.00
      564    495  3.00
      565    141  2.00
      565    143  5.00
      565    317  5.00
      565    385  6.00
      565    434  3.00
      565    506  2.00
      565    577  2.00
      566      5  1.00
      566     19  5.00
      566    101  3.00
      566    173  4.00
      566    191  2.00
      566    301  2.00
      567     24  1.00
      567    463  1.00
      567    471  1.00
      568      3  6.00
      568     79  6.00
      568    163  5.00
      568    200  5.00
      568    377  5.00
      568    508  6.00
      568    526  6.00
      569    110  1.00
      569    130  6.00
      569    154  2.00
      569    206  2.00
      569    367  3.00
      569    470  3.00
      569    499  2.00
      569    502  3.00
      569    548  1.00
      569    557  2.00
      570      2  5.00
      570     30  2.00
      570    167  1.00
      570    256  1.00
      570    269  2.00
      570    351  1.00
      570    353  1.00
      570    397  1.00
      570    432  1.00
      570    546  2.00
      571     63  2.00
      571    365  3.00
      571    377  1.00
      571    441  1.00
      572    132  6.00
      572    533  2.00
      573     95  1.00
      573    212  1.00
      573    474  1.00
      573    502  1.00
      574    161  1.00
      574    322  1.00
      574    486  1.00
      574    554  1.00
      575    213  1.00
      575    359  1.00
      575    395  1.00
      575    398  1.00
      576    105  1.00
      576    176  1.00
      576    236  1.00
      576    548  1.00
      577     32  5.00
      577    171  6.00
      577    197  4.00
      577    251  1.00
      577    272  4.00
      577    317  2.00
      577    320  2.00
      577    377  3.00
      577    518  2.00
      578     54  1.00
      578    142  2.00
      578    189  5.00
      578    278  2.00