DL
N=689
FORMAT=EDGELIST1
DATA:
        2     41  1.00
        2    214  1.00
        3     11  1.00
        3     24  1.00
        3    140  1.00
        3    178  4.00
        3    365  1.00
        5     50  3.00
        5     57  2.00
        5    207  3.00
        5    244  2.00
        5    272  2.00
        5    308  2.00
        5    340  4.00
        5    351  3.00
        5    391  1.00
        5    559  1.00
        6     57  2.00
        6     86  2.00
        6    535  5.00
        7     53  2.00
        7    263  2.00
        7    305  2.00
        7    312  2.00
        9    129  5.00
        9    209  2.00
        9    262  2.00
       10     56  1.00
       10     78  1.00
       10    154  3.00
       10    170  1.00
       10    328  1.00
       10    378  1.00
       11     24  2.00
       11    285  1.00
       13     33  1.00
       13     75  1.00
       13     87  6.00
       13    146  1.00
       13    204  3.00
       13    237  2.00
       13    255  1.00
       13    306  1.00
       14    272  2.00
       15     98  3.00
       15    132  5.00
       15    206  1.00
       15    361  1.00
       16     86  6.00
       16    131  3.00
       16    194  3.00
       16    196  2.00
       16    306  4.00
       16    322  3.00
       17    197  1.00
       17    272  1.00
       17    320  1.00
       17    453  1.00
       19     47  6.00
       19    374  5.00
       19    390  4.00
       19    393  4.00
       20     49  3.00
       20     69  1.00
       20     91  2.00
       20    134  5.00
       20    144  5.00
       20    361  2.00
       20    363  5.00
       21     89  2.00
       21    350  2.00
       21    386  2.00
       22     14  3.00
       22    132  1.00
       22    225  3.00
       22    246  1.00
       22    272  1.00
       22    290  1.00
       22    318  3.00
       23     87  3.00
       23    138  4.00
       23    183  6.00
       23    222  4.00
       23    249  2.00
       23    286  2.00
       23    297  2.00
       23    364  3.00
       24     11  3.00
       24    140  2.00
       24    285  3.00
       25     47  1.00
       25    195  3.00
       25    201  5.00
       25    323  5.00
       25    325  6.00
       25    334  1.00
       25    374  1.00
       25    390  3.00
       28     72  3.00
       28    107  1.00
       28    134  3.00
       28    166  6.00
       28    181  1.00
       28    201  2.00
       28    229  2.00
       28    233  1.00
       28    315  2.00
       29    144  2.00
       29    161  4.00
       29    166  4.00
       29    195  6.00
       29    223  4.00
       29    224  4.00
       29    296  6.00
       29    363  3.00
       29    375  3.00
       30    242  2.00
       30    325  4.00
       31    168  3.00
       31    172  6.00
       34    235  4.00
       35     43  2.00
       35     77  2.00
       35     98  4.00
       35    155  1.00
       35    173  4.00
       35    333  4.00
       37     64  3.00
       37     88  3.00
       37     97  3.00
       37    253  4.00
       37    268  5.00
       37    304  6.00
       37    372  5.00
       37    394  3.00
       38    156  4.00
       38    256  1.00
       38    321  2.00
       38    351  4.00
       38    396  1.00
       40     25  3.00
       40    261  4.00
       40    307  4.00
       40    401  4.00
       41     59  4.00
       41    198  5.00
       41    305  3.00
       42     51  1.00
       42     95  1.00
       42    109  1.00
       42    219  3.00
       42    241  3.00
       42    243  4.00
       42    377  2.00
       43     35  1.00
       43    103  1.00
       43    182  1.00
       43    340  2.00
       43    387  1.00
       43    394  2.00
       43    398  2.00
       44     60  1.00
       44    217  1.00
       44    274  1.00
       44    342  1.00
       45     54  5.00
       45    163  6.00
       45    249  3.00
       45    252  1.00
       45    286  3.00
       45    294  5.00
       46     76  3.00
       46    160  1.00
       46    185  2.00
       46    217  1.00
       46    273  3.00
       46    274  1.00
       46    342  6.00
       49     20  4.00
       49    128  6.00
       49    175  3.00
       49    330  3.00
       49    344  3.00
       49    393  5.00
       50     91  3.00
       50    207  4.00
       50    244  6.00
       50    272  3.00
       50    281  6.00
       50    351  6.00
       51     68  3.00
       51    135  4.00
       51    219  2.00
       51    253  2.00
       51    359  2.00
       51    396  1.00
       52     82  4.00
       52    388  2.00
       52    393  3.00
       52    597  6.00
       52    656  5.00
       53    207  2.00
       53    306  2.00
       53    372  6.00
       56     10  1.00
       56    154  2.00
       56    218  5.00
       56    320  3.00
       56    368  1.00
       57    266  2.00
       57    311  2.00
       57    320  4.00
       57    350  4.00
       57    353  4.00
       60    160  1.00
       60    226  1.00
       62     64  3.00
       62    133  3.00
       62    135  2.00
       62    239  3.00
       62    327  2.00
       62    373  6.00
       64     37  1.00
       64     62  3.00
       64    135  2.00
       64    216  1.00
       64    267  2.00
       64    271  1.00
       64    292  1.00
       65     43  1.00
       65    148  4.00
       65    244  1.00
       65    283  1.00
       65    289  1.00
       65    376  1.00
       67     33  6.00
       67     88  6.00
       67    133  5.00
       67    237  5.00
       67    247  3.00
       67    300  6.00
       67    325  4.00
       67    394  6.00
       69     29  1.00
       69    181  3.00
       69    198  5.00
       69    223  6.00
       69    224  1.00
       69    296  2.00
       69    329  6.00
       69    361  6.00
       69    375  6.00
       69    636  4.00
       71     74  4.00
       71    134  4.00
       71    181  2.00
       71    242  2.00
       71    255  1.00
       71    315  5.00
       72     91  1.00
       72    220  1.00
       72    299  3.00
       72    336  4.00
       72    381  5.00
       74     71  4.00
       74    181  5.00
       74    189  3.00
       74    255  3.00
       74    352  5.00
       76     46  1.00
       76    134  1.00
       76    185  1.00
       76    233  1.00
       76    273  4.00
       76    315  1.00
       76    347  1.00
       77     35  3.00
       77     42  2.00
       77     43  2.00
       77    356  2.00
       78     41  2.00
       78     67  2.00
       78    302  2.00
       78    353  2.00
       78    378  2.00
       78    394  2.00
       78    448  2.00
       78    564  2.00
       80    104  1.00
       80    136  1.00
       80    162  3.00
       80    221  4.00
       80    291  1.00
       80    306  1.00
       80    322  3.00
       80    358  2.00
       81    183  1.00
       81    230  6.00
       81    272  6.00
       81    276  6.00
       81    379  1.00
       81    385  1.00
       81    392  1.00
       83     14  2.00
       83     15  4.00
       83    132  4.00
       83    188  6.00
       83    246  3.00
       83    272  5.00
       83    311  1.00
       83    336  1.00
       84     79  6.00
       85     69  2.00
       85     91  2.00
       85    198  6.00
       85    200  1.00
       85    260  1.00
       85    335  2.00
       85    361  3.00
       85    375  2.00
       86     47  1.00
       86    191  3.00
       86    194  2.00
       86    196  2.00
       86    232  1.00
       86    256  5.00
       87     13  6.00
       87    113  2.00
       87    118  2.00
       87    204  5.00
       87    237  3.00
       87    255  3.00
       87    286  2.00
       87    294  2.00
       87    391  2.00
       87    399  2.00
       88     33  1.00
       88     71  1.00
       88    207  1.00
       88    211  1.00
       88    323  1.00
       88    334  3.00
       88    338  1.00
       88    394  1.00
       91     49  1.00
       91     50  6.00
       91    132  1.00
       91    200  1.00
       91    244  3.00
       91    245  2.00
       91    272  2.00
       91    290  1.00
       91    351  6.00
       93    221  3.00
       93    256  1.00
       93    306  4.00
       93    322  1.00
       93    358  4.00
       94     36  4.00
       94    104  3.00
       94    239  6.00
       94    288  4.00
       95     31  5.00
       95     52  3.00
       95     63  3.00
       95    140  4.00
       95    172  6.00
       95    178  2.00
       95    285  2.00
       95    341  5.00
       95    365  4.00
       96    109  6.00
       96    167  6.00
       96    252  3.00
       97     37  2.00
       97    205  4.00
       97    211  2.00
       97    239  2.00
       97    283  2.00
       97    396  2.00
       98     35  5.00
       98     43  1.00
       98     77  6.00
       98    287  1.00
       98    333  6.00
       99    162  2.00
      101    225  2.00
      101    300  2.00
      102    349  1.00
      103     43  2.00
      103    189  4.00
      103    240  3.00
      103    387  2.00
      104    158  2.00
      104    179  3.00
      104    221  6.00
      104    291  6.00
      106    214  2.00
      107     28  1.00
      107     71  2.00
      107    134  5.00
      107    166  4.00
      107    201  1.00
      107    210  4.00
      107    233  4.00
      107    310  1.00
      107    315  5.00
      107    529  3.00
      108    147  4.00
      109     42  2.00
      109     96  4.00
      109    167  4.00
      109    271  1.00
      110     59  4.00
      110    260  3.00
      110    272  1.00
      110    302  3.00
      110    378  3.00
      112    366  3.00
      113     45  2.00
      113     54  2.00
      113     87  1.00
      113    118  5.00
      113    141  2.00
      113    163  4.00
      113    249  2.00
      113    286  5.00
      113    294  2.00
      116     22  5.00
      116    189  5.00
      116    190  1.00
      117     69  2.00
      117    198  1.00
      117    282  3.00
      117    361  2.00
      117    400  2.00
      118     45  2.00
      118     54  2.00
      118     87  1.00
      118    113  4.00
      118    163  3.00
      118    201  5.00
      118    286  5.00
      118    294  2.00
      120    216  2.00
      120    372  3.00
      120    382  4.00
      121    156  4.00
      121    186  4.00
      121    256  4.00
      121    292  3.00
      121    321  6.00
      121    390  6.00
      122    220  2.00
      122    275  6.00
      122    309  2.00
      122    360  6.00
      123     20  2.00
      123     29  1.00
      123     69  1.00
      123    144  1.00
      123    160  1.00
      123    200  1.00
      123    260  1.00
      123    361  2.00
      123    400  6.00
      124      5  2.00
      124     98  2.00
      125    123  1.00
      125    340  3.00
      127    144  4.00
      127    200  1.00
      127    223  2.00
      127    245  1.00
      127    363  4.00
      127    375  1.00
      128     49  4.00
      128    242  3.00
      128    330  3.00
      128    344  5.00
      128    393  6.00
      129      7  1.00
      129      9  2.00
      129    262  2.00
      129    264  1.00
      129    266  1.00
      129    447  1.00
      129    482  1.00
      129    539  1.00
      129    680  1.00
      130    289  2.00
      130    364  6.00
      131     16  2.00
      131     71  2.00
      131     74  2.00
      131    181  3.00
      131    196  2.00
      131    227  2.00
      131    334  2.00
      131    347  2.00
      131    352  2.00
      132     15  5.00
      132    223  1.00
      132    375  2.00
      133     33  6.00
      133     62  3.00
      133    141  5.00
      133    164  2.00
      133    183  4.00
      134     20  6.00
      134     28  2.00
      134     71  5.00
      134    166  4.00
      134    201  1.00
      134    233  5.00
      134    315  6.00
      135     51  4.00
      135     62  2.00
      135     64  2.00
      135     68  6.00
      135    253  6.00
      135    359  4.00
      136    104  1.00
      136    146  1.00
      136    216  4.00
      136    221  4.00
      136    256  3.00
      136    291  3.00
      136    325  1.00
      138     28  2.00
      138     39  1.00
      138     45  1.00
      138     71  2.00
      138     74  1.00
      138    131  4.00
      138    181  1.00
      138    201  1.00
      138    334  3.00
      139    155  4.00
      139    176  5.00
      139    250  4.00
      139    360  3.00
      140     11  2.00
      140     24  1.00
      140    285  1.00
      142    139  2.00
      142    209  2.00
      142    294  3.00
      142    297  3.00
      142    383  3.00
      143    136  2.00
      143    146  2.00
      143    164  1.00
      143    212  1.00
      143    235  1.00
      143    291  1.00
      143    306  1.00
      143    322  2.00
      143    358  1.00
      144     20  6.00
      144     29  3.00
      144    127  5.00
      144    134  3.00
      144    198  4.00
      144    224  3.00
      144    306  4.00
      144    329  3.00
      144    363  6.00
      145    237  1.00
      145    277  1.00
      145    351  1.00
      146    306  3.00
      146    313  1.00
      147    108  4.00
      148     65  2.00
      148    247  1.00
      149     12  1.00
      149    235  2.00
      149    310  3.00
      149    313  3.00
      150    131  3.00
      150    195  3.00
      150    205  4.00
      150    334  3.00
      150    377  5.00
      151     65  4.00
      151     71  3.00
      151    152  1.00
      151    242  3.00
      151    306  3.00
      151    338  4.00
      151    373  3.00
      151    396  6.00
      155    173  1.00
      155    189  6.00
      155    250  3.00
      155    287  1.00
      155    380  6.00
      156     38  5.00
      156    351  4.00
      159    235  1.00
      159    301  1.00
      159    398  1.00
      160    123  2.00
      160    217  3.00
      160    226  3.00
      160    303  3.00
      161    255  2.00
      161    296  6.00
      162     80  1.00
      162     99  2.00
      162    288  1.00
      162    322  6.00
      162    325  1.00
      162    358  1.00
      162    366  1.00
      162    373  1.00
      163     45  6.00
      163     54  4.00
      163    113  5.00
      163    118  5.00
      163    201  5.00
      163    249  3.00
      163    286  5.00
      163    288  5.00
      163    294  4.00
      164     93  3.00
      164    146  3.00
      164    322  2.00
      164    325  3.00
      165     47  1.00
      165    207  2.00
      165    232  1.00
      165    238  5.00
      165    246  3.00
      165    256  1.00
      165    271  1.00
      165    321  1.00
      165    390  1.00
      167      1  4.00
      167     67  3.00
      167     96  6.00
      167    109  6.00
      167    271  5.00
      167    309  6.00
      168     32  5.00
      168     42  3.00
      168     43  4.00
      168    240  1.00
      168    259  1.00
      169     76  4.00
      169    233  4.00
      169    235  5.00
      169    310  1.00
      169    315  4.00
      170    124  2.00
      172     31  2.00
      172     95  2.00
      172    146  2.00
      172    199  2.00
      172    229  2.00
      172    285  2.00
      173     35  6.00
      173     96  4.00
      173    109  2.00
      173    250  6.00
      173    337  2.00
      177    100  5.00
      177    193  1.00
      177    254  2.00
      177    294  2.00
      177    338  1.00
      177    391  4.00
      177    399  5.00
      178      3  1.00
      178     11  1.00
      178    140  1.00
      178    274  1.00
      178    365  3.00
      180    156  2.00
      180    312  4.00
      180    320  1.00
      180    357  1.00
      181     69  2.00
      181     71  3.00
      181     74  5.00
      181    131  1.00
      181    189  2.00
      181    293  2.00
      181    315  2.00
      181    322  2.00
      181    352  3.00
      182     96  2.00
      182    371  2.00
      183     23  5.00
      183    133  5.00
      185    342  5.00
      186     93  3.00
      186    121  1.00
      186    256  1.00
      186    321  1.00
      187     95  3.00
      187    123  1.00
      187    220  3.00
      187    295  4.00
      187    299  5.00
      187    312  2.00
      187    341  6.00
      187    353  2.00
      188     14  3.00
      188     15  4.00
      188     83  6.00
      188    132  2.00
      188    246  5.00
      188    272  5.00
      188    318  2.00
      188    353  5.00
      189     71  2.00
      189     74  2.00
      189    155  6.00
      189    161  1.00
      189    181  3.00
      189    293  3.00
      189    352  1.00
      189    380  6.00
      190     15  2.00
      190    116  4.00
      190    212  1.00
      190    224  1.00
      190    226  1.00
      190    228  2.00
      190    241  2.00
      190    322  1.00
      190    378  1.00
      191     19  1.00
      191     47  1.00
      191     86  3.00
      191    204  3.00
      191    212  2.00
      191    358  6.00
      191    390  2.00
      194     19  1.00
      194     69  6.00
      194     86  5.00
      194    212  6.00
      194    359  3.00
      194    390  1.00
      195     25  5.00
      195     29  5.00
      195    131  3.00
      195    161  5.00
      195    293  5.00
      195    294  3.00
      196     19  1.00
      196     86  2.00
      196    131  4.00
      196    212  6.00
      196    232  1.00
      196    256  2.00
      196    329  4.00
      196    359  4.00
      198     69  5.00
      198    223  6.00
      198    329  2.00
      198    361  5.00
      198    375  3.00
      200     69  2.00
      200    127  4.00
      200    144  4.00
      200    245  4.00
      200    290  2.00
      200    361  2.00
      201     54  3.00
      201    118  5.00
      201    134  3.00
      201    146  3.00
      201    158  2.00
      201    286  5.00
      201    291  2.00
      201    306  3.00
      202     19  4.00
      202     25  2.00
      202    338  1.00
      202    343  6.00
      203     27  6.00
      203    202  5.00
      203    343  6.00
      204     19  1.00
      204     47  1.00
      204     87  4.00
      204    237  6.00
      204    245  4.00
      204    321  1.00
      204    390  3.00
      205    315  2.00
      206     15  3.00
      206    361  4.00
      206    375  5.00
      207    165  6.00
      207    308  5.00
      207    384  6.00
      209      7  3.00
      209      9  4.00
      209     33  1.00
      209    129  4.00
      209    142  2.00
      209    165  2.00
      209    174  1.00
      209    262  4.00
      210      1  6.00
      210     29  3.00
      210    106  4.00
      210    195  2.00
      210    257  5.00
      210    301  6.00
      210    310  6.00
      210    330  2.00
      211     88  6.00
      211     97  1.00
      211    135  2.00
      211    253  3.00
      211    359  2.00
      211    396  3.00
      212    152  2.00
      212    191  6.00
      212    194  6.00
      212    196  6.00
      212    306  2.00
      212    316  4.00
      212    352  6.00
      212    358  1.00
      212    359  5.00
      212    361  3.00
      213    224  1.00
      213    290  1.00
      213    363  1.00
      215    101  4.00
      215    158  2.00
      215    205  2.00
      215    237  6.00
      215    248  6.00
      215    252  1.00
      215    300  5.00
      216    136  5.00
      216    179  2.00
      216    271  3.00
      216    286  2.00
      216    292  5.00
      216    321  2.00
      216    326  3.00
      217     76  2.00
      218     27  5.00
      218     56  4.00
      218    203  3.00
      218    320  3.00
      220    111  3.00
      220    187  3.00
      220    247  2.00
      220    299  6.00
      220    309  5.00
      220    319  4.00
      220    533  3.00
      221     80  2.00
      221     93  5.00
      221    136  2.00
      221    256  6.00
      221    291  6.00
      221    358  6.00
      222    252  3.00
      224     20  2.00
      224     29  5.00
      224     69  2.00
      224    198  4.00
      224    200  1.00
      224    296  6.00
      224    315  2.00
      224    361  4.00
      224    363  5.00
      224    375  2.00
      225     14  3.00
      225    101  2.00
      225    257  3.00
      225    318  3.00
      225    353  2.00
      226    160  4.00
      226    217  5.00
      226    278  3.00
      226    342  3.00
      227     20  2.00
      227     71  2.00
      227    131  5.00
      227    181  2.00
      227    201  2.00
      227    286  1.00
      227    347  2.00
      227    352  1.00
      227    374  3.00
      228     91  3.00
      228    188  3.00
      228    220  3.00
      228    312  3.00
      228    317  6.00
      228    368  2.00
      229     76  4.00
      229     94  1.00
      229    172  2.00
      229    185  5.00
      229    273  4.00
      229    397  6.00
      230     81  4.00
      230    272  3.00
      230    276  6.00
      230    385  2.00
      231     81  4.00
      231     83  5.00
      231    230  4.00
      231    246  3.00
      231    272  5.00
      231    276  5.00
      231    453  2.00
      232    161  5.00
      232    196  2.00
      232    221  4.00
      232    256  6.00
      232    263  6.00
      232    291  2.00
      232    321  6.00
      232    390  6.00
      232    393  6.00
      233     71  5.00
      233    107  4.00
      233    134  5.00
      233    166  5.00
      233    240  1.00
      233    255  1.00
      233    315  6.00
      237    204  6.00
      237    215  5.00
      237    332  4.00
      238     62  1.00
      238    104  1.00
      238    165  6.00
      238    239  5.00
      238    292  2.00
      238    321  1.00
      238    322  1.00
      238    326  3.00
      238    388  3.00
      239     36  4.00
      239     94  5.00
      240     27  2.00
      240    181  2.00
      240    210  5.00
      240    233  2.00
      240    255  4.00
      240    377  5.00
      241      4  2.00
      241     49  6.00
      241     90  1.00
      241    128  2.00
      241    300  1.00
      242    252  6.00
      243      4  1.00
      244     50  5.00
      244    281  4.00
      244    351  3.00
      244    390  1.00
      245     69  2.00
      245    127  3.00
      245    132  1.00
      245    144  3.00
      245    200  6.00
      245    224  3.00
      245    296  5.00
      245    361  2.00
      245    400  1.00
      246     83  6.00
      246    117  2.00
      246    123  2.00
      246    144  3.00
      246    165  3.00
      246    188  5.00
      246    272  4.00
      246    276  2.00
      246    290  4.00
      248    130  3.00
      248    202  1.00
      248    215  1.00
      248    300  1.00
      248    332  1.00
      248    364  6.00
      249     45  6.00
      249    163  3.00
      249    286  3.00
      249    294  6.00
      249    297  5.00
      250    109  1.00
      250    155  4.00
      250    173  6.00
      250    176  6.00
      252     45  2.00
      252     88  2.00
      252     96  3.00
      252    222  3.00
      252    242  6.00
      252    329  2.00
      252    394  4.00
      253     51  4.00
      253     68  5.00
      253    135  5.00
      253    211  1.00
      253    289  1.00
      253    359  4.00
      255     25  3.00
      255     71  2.00
      255     74  3.00
      255    152  6.00
      255    240  3.00
      256     86  4.00
      256    221  5.00
      256    232  4.00
      256    321  2.00
      257    213  2.00
      257    221  1.00
      257    300  1.00
      257    378  1.00
      257    394  1.00
      258    104  2.00
      258    164  3.00
      258    221  2.00
      258    291  2.00
      258    321  2.00
      258    325  6.00
      259     97  4.00
      259    148  3.00
      260    330  2.00
      260    378  3.00
      261     40  3.00
      261    266  1.00
      261    277  1.00
      261    307  4.00
      261    401  4.00
      262      7  2.00
      262      9  3.00
      262    129  3.00
      262    209  3.00
      264     30  3.00
      264    268  3.00
      264    269  2.00
      264    304  4.00
      265    162  2.00
      265    288  2.00
      265    322  2.00
      265    366  6.00
      266     50  1.00
      266     57  2.00
      266     91  2.00
      266    183  1.00
      266    207  1.00
      266    244  2.00
      266    351  2.00
      266    559  1.00
      267    263  3.00
      268     37  5.00
      268    264  4.00
      268    304  6.00
      269    264  1.00
      269    309  2.00
      269    348  2.00
      270     81  1.00
      270    183  1.00
      270    357  1.00
      270    367  1.00
      270    388  1.00
      271     75  5.00
      271    167  6.00
      272     81  6.00
      272     83  6.00
      272    230  6.00
      272    231  6.00
      272    246  4.00
      272    351  6.00
      272    392  3.00
      273     76  6.00
      273    185  2.00
      273    342  4.00
      274     26  6.00
      274    172  3.00
      274    185  1.00
      274    279  3.00
      274    329  3.00
      274    342  1.00
      275    122  1.00
      275    311  1.00
      275    353  1.00
      276     81  6.00
      276     83  4.00
      276    230  6.00
      276    272  4.00
      276    385  4.00
      276    392  3.00
      277     40  1.00
      277    145  1.00
      277    401  2.00
      278    301  6.00
      280    100  4.00
      281     36  1.00
      281     50  2.00
      281    244  5.00
      281    256  2.00
      281    321  3.00
      281    351  2.00
      281    390  2.00
      283     57  2.00
      283     65  4.00
      283     97  3.00
      283    156  2.00
      283    350  3.00
      283    376  6.00
      284    369  4.00
      285     11  1.00
      285     24  4.00
      285    140  1.00
      285    228  1.00
      285    556  5.00
      286     45  3.00
      286     54  4.00
      286    113  5.00
      286    118  5.00
      286    163  6.00
      286    201  5.00
      286    249  3.00
      286    291  4.00
      286    294  5.00
      287     37  5.00
      287     43  2.00
      287     87  3.00
      287    248  1.00
      287    252  2.00
      287    273  1.00
      287    285  1.00
      287    339  1.00
      288     33  1.00
      288     36  4.00
      288    239  2.00
      289     37  3.00
      289    112  4.00
      289    130  2.00
      289    304  2.00
      290    213  2.00
      291     80  1.00
      291    104  6.00
      291    136  3.00
      291    221  4.00
      291    358  5.00
      292     37  2.00
      292    271  2.00
      292    321  2.00
      292    390  2.00
      293     25  2.00
      293    189  5.00
      293    255  2.00
      294     45  6.00
      294     54  6.00
      294     87  1.00
      294    113  2.00
      294    118  2.00
      294    163  5.00
      294    249  6.00
      294    286  6.00
      296     29  6.00
      296    158  3.00
      296    161  6.00
      296    195  5.00
      296    223  4.00
      296    224  6.00
      296    240  2.00
      296    327  4.00
      296    375  3.00
      297     45  2.00
      297    113  2.00
      297    118  2.00
      297    249  2.00
      297    277  1.00
      297    286  3.00
      297    332  1.00
      297    343  2.00
      299    111  4.00
      299    220  3.00
      299    379  3.00
      300    101  4.00
      300    309  1.00
      300    335  2.00
      300    394  2.00
      301    278  6.00
      301    372  1.00
      302    110  4.00
      303     76  1.00
      303    160  6.00
      303    164  1.00
      303    185  1.00
      303    278  1.00
      303    301  1.00
      303    342  1.00
      303    347  1.00
      304     37  6.00
      304    253  3.00
      304    268  6.00
      304    287  4.00
      304    289  3.00
      304    372  3.00
      306    360  1.00
      307     40  6.00
      307    261  4.00
      307    277  2.00
      307    401  5.00
      308    182  2.00
      308    207  4.00
      308    244  2.00
      308    384  6.00
      309      7  2.00
      309    167  5.00
      309    187  2.00
      309    220  5.00
      309    299  2.00
      310    146  1.00
      310    149  3.00
      310    221  2.00
      310    313  5.00
      310    325  2.00
      310    327  3.00
      310    358  5.00
      311     83  2.00
      311    108  2.00
      311    353  6.00
      312      7  4.00
      312    180  5.00
      312    305  6.00
      312    357  6.00
      313    377  6.00
      315     71  5.00
      315    107  4.00
      315    134  5.00
      315    166  5.00
      315    201  1.00
      315    205  1.00
      315    233  5.00
      317     17  1.00
      317    228  6.00
      318     14  2.00
      318    188  1.00
      318    225  2.00
      318    292  2.00
      318    655  5.00
      319    220  5.00
      319    305  2.00
      319    335  5.00
      320     56  4.00
      320     57  6.00
      320    218  4.00
      321    121  6.00
      321    157  4.00
      321    165  2.00
      321    232  6.00
      321    256  2.00
      321    292  1.00
      321    390  6.00
      322     16  3.00
      322     80  2.00
      322    162  5.00
      322    181  3.00
      322    212  3.00
      322    221  2.00
      322    327  6.00
      322    358  4.00
      322    361  4.00
      323     33  2.00
      323     67  2.00
      323     88  4.00
      323    145  2.00
      323    164  2.00
      323    237  2.00
      323    252  4.00
      323    343  3.00
      323    345  5.00
      324    486  4.00
      325     25  6.00
      325    258  4.00
      326     38  2.00
      326    121  2.00
      326    156  1.00
      326    232  2.00
      326    238  4.00
      326    263  3.00
      326    321  3.00
      328     10  1.00
      328    154  1.00
      328    197  4.00
      329     69  6.00
      329    198  3.00
      329    361  4.00
      329    375  4.00
      330     26  4.00
      330     49  1.00
      330    101  1.00
      330    128  5.00
      330    303  1.00
      330    344  6.00
      332    100  2.00
      332    145  1.00
      332    237  2.00
      332    300  2.00
      333     35  6.00
      333     43  1.00
      333     90  2.00
      333     98  5.00
      333    171  3.00
      333    173  1.00
      334     88  5.00
      334    131  5.00
      334    138  4.00
      334    150  5.00
      334    199  3.00
      334    338  2.00
      334    347  2.00
      334    352  3.00
      334    374  2.00
      335     85  3.00
      335    300  3.00
      335    319  3.00
      335    329  3.00
      336     83  1.00
      336    257  1.00
      336    274  1.00
      337     96  2.00
      337    109  2.00
      337    173  2.00
      337    334  2.00
      338     54  4.00
      338     88  2.00
      338    151  6.00
      338    158  2.00
      338    237  3.00
      338    242  4.00
      338    321  1.00
      338    343  3.00
      338    396  4.00
      338    399  3.00
      339    177  1.00
      339    254  1.00
      339    399  1.00
      340     43  2.00
      340     81  1.00
      340    207  2.00
      340    219  1.00
      340    308  2.00
      340    384  2.00
      341     95  4.00
      341    187  4.00
      341    295  3.00
      341    299  1.00
      341    348  5.00
      342     44  2.00
      342     46  6.00
      342     76  4.00
      342    185  1.00
      342    273  6.00
      342    274  4.00
      343    158  1.00
      343    161  1.00
      343    177  1.00
      343    202  5.00
      343    255  2.00
      343    315  1.00
      343    323  2.00
      343    377  1.00
      344     26  5.00
      344    128  2.00
      344    330  6.00
      345    104  1.00
      345    136  3.00
      345    164  1.00
      345    221  1.00
      345    232  1.00
      345    323  3.00
      345    325  2.00
      345    386  6.00
      346     43  2.00
      346     62  3.00
      346     63  6.00
      346    237  3.00
      346    247  2.00
      346    248  5.00
      346    290  6.00
      346    364  5.00
      346    379  3.00
      347     71  2.00
      347     74  3.00
      347     76  2.00
      347    131  4.00
      347    181  2.00
      347    303  3.00
      347    352  6.00
      348     95  3.00
      348    306  1.00
      348    341  5.00
      350     57  6.00
      350    156  2.00
      350    283  2.00
      350    392  2.00
      351     38  4.00
      351     50  6.00
      351     91  6.00
      351    156  4.00
      351    216  2.00
      351    244  5.00
      351    272  6.00
      351    281  2.00
      351    396  1.00
      352     74  6.00
      352    131  6.00
      352    181  4.00
      352    201  2.00
      352    212  5.00
      352    286  2.00
      352    334  3.00
      352    347  6.00
      352    374  1.00
      353     22  2.00
      353     57  4.00
      353     78  3.00
      353    225  2.00
      354    106  1.00
      354    214  5.00
      354    241  1.00
      356    141  4.00
      356    158  3.00
      356    179  3.00
      358     93  5.00
      358    146  1.00
      358    191  5.00
      358    194  5.00
      358    221  6.00
      358    256  4.00
      358    306  6.00
      359     51  1.00
      359    135  3.00
      359    142  5.00
      359    204  2.00
      359    212  6.00
      359    253  3.00
      360    122  4.00
      360    139  1.00
      360    182  1.00
      360    364  1.00
      363     20  6.00
      363     29  1.00
      363     69  2.00
      363    144  2.00
      363    198  2.00
      363    223  3.00
      363    224  6.00
      363    361  4.00
      363    375  2.00
      364    248  6.00
      365      3  1.00
      365     11  1.00
      365     24  1.00
      365    140  1.00
      365    178  2.00
      365    274  1.00
      366    112  4.00
      366    152  1.00
      366    162  2.00
      366    179  2.00
      366    265  6.00
      366    373  1.00
      368     41  6.00
      368    260  1.00
      368    344  1.00
      368    363  1.00
      369    230  5.00
      369    276  3.00
      369    284  3.00
      369    314  1.00
      369    389  5.00
      371     87  2.00
      371    145  1.00
      371    182  2.00
      371    222  1.00
      371    227  1.00
      371    297  2.00
      371    323  3.00
      371    534  4.00
      372     37  6.00
      372    120  3.00
      372    278  5.00
      372    301  6.00
      373     21  1.00
      373     62  6.00
      373     80  2.00
      373     93  3.00
      373    112  1.00
      373    162  1.00
      373    221  3.00
      373    306  5.00
      373    358  5.00
      373    366  1.00
      374     19  4.00
      374     25  2.00
      374     47  3.00
      374     86  1.00
      374    181  1.00
      374    189  1.00
      374    201  1.00
      374    227  5.00
      374    339  1.00
      374    393  5.00
      375     69  5.00
      375     71  1.00
      375    132  1.00
      375    172  1.00
      375    181  3.00
      375    223  5.00
      375    224  2.00
      375    296  1.00
      375    361  5.00
      375    400  1.00
      376     37  2.00
      376     65  3.00
      376     97  2.00
      376    283  5.00
      376    304  2.00
      376    385  2.00
      376    398  2.00
      377    131  1.00
      377    195  4.00
      377    240  3.00
      377    313  6.00
      377    315  1.00
      378     78  4.00
      378    110  2.00
      378    116  2.00
      378    127  2.00
      378    190  2.00
      378    260  2.00
      378    400  1.00
      379     57  4.00
      379     65  3.00
      379     80  6.00
      379     82  6.00
      379    111  5.00
      379    193  4.00
      379    247  3.00
      379    350  5.00
      379    353  4.00
      383     96  1.00
      383    139  2.00
      383    142  4.00
      383    176  1.00
      383    222  1.00
      383    266  4.00
      384     83  2.00
      384    182  2.00
      384    207  6.00
      384    244  2.00
      384    308  6.00
      384    334  1.00
      385     81  2.00
      385    230  4.00
      385    276  3.00
      385    392  2.00
      386    345  6.00
      386    362  4.00
      387    141  4.00
      388    230  1.00
      388    238  1.00
      388    244  1.00
      388    276  1.00
      388    281  1.00
      388    340  2.00
      389    314  3.00
      389    369  6.00
      390     19  2.00
      390     47  6.00
      390     86  2.00
      390    165  3.00
      390    191  3.00
      390    204  4.00
      390    232  4.00
      390    321  6.00
      391     87  3.00
      391    100  6.00
      391    113  2.00
      391    177  6.00
      391    249  5.00
      391    286  1.00
      391    399  4.00
      392    230  6.00
      392    272  2.00
      392    276  2.00
      392    385  1.00
      393     19  2.00
      393     47  4.00
      393    104  2.00
      393    128  6.00
      393    232  6.00
      393    242  5.00
      393    374  6.00
      393    390  2.00
      394     78  5.00
      394     88  4.00
      394    242  1.00
      394    260  1.00
      395     71  3.00
      395    255  1.00
      395    315  5.00
      396     38  2.00
      396    151  2.00
      396    216  2.00
      397     76  3.00
      397    229  6.00
      397    273  5.00
      398    159  2.00
      398    259  2.00
      398    283  5.00
      399    100  5.00
      399    107  2.00
      399    113  3.00
      399    118  3.00
      399    177  6.00
      399    205  3.00
      399    221  3.00
      399    254  3.00
      399    286  3.00
      399    338  3.00
      400     20  1.00
      400    123  5.00
      400    144  1.00
      400    200  1.00
      400    223  5.00
      400    245  1.00
      400    296  4.00
      400    361  2.00
      400    375  3.00
      401     28  2.00
      401     40  4.00
      401     75  2.00
      401     79  1.00
      401    138  3.00
      401    189  1.00
      401    261  3.00
      401    307  4.00
      402    620  2.00
      402    634  2.00
      402    643  1.00
      402    658  2.00
      403    404  1.00
      403    487  3.00
      403    498  1.00
      403    569  4.00
      403    604  1.00
      403    675  3.00
      403    686  5.00
      403    687  2.00
      404    400  2.00
      404    433  1.00
      404    520  2.00
      404    530  2.00
      404    546  2.00
      404    622  2.00
      404    670  1.00
      405    493  4.00
      405    500  6.00
      405    514  1.00
      405    633  1.00
      405    636  2.00
      406    522  2.00
      406    549  2.00
      406    582  2.00
      406    623  1.00
      406    634  2.00
      406    639  1.00
      406    643  2.00
      406    656  1.00
      407    490  1.00
      407    494  1.00
      408    493  1.00
      408    519  2.00
      408    636  1.00
      409    422  2.00
      409    442  3.00
      409    448  3.00
      409    498  1.00
      409    530  4.00
      409    544  2.00
      409    597  1.00
      409    614  3.00
      409    670  6.00
      410    179  4.00
      410    406  1.00
      410    523  2.00
      410    549  1.00
      410    602  4.00
      410    634  1.00
      410    649  4.00
      410    671  3.00
      410    678  4.00
      411    436  3.00
      411    505  1.00
      412    476  1.00
      412    642  1.00
      412    667  1.00
      412    674  2.00
      413    416  2.00
      413    420  3.00
      413    457  6.00
      413    585  6.00
      414     98  3.00
      414    597  5.00
      415    406  1.00
      415    417  1.00
      415    418  1.00
      415    587  1.00
      415    594  5.00
      415    595  1.00
      415    623  1.00
      415    643  1.00
      416    110  2.00
      416    417  1.00
      416    446  1.00
      416    558  6.00
      416    661  1.00
      417    419  1.00
      417    483  1.00
      417    644  1.00
      417    658  1.00
      418    406  1.00
      418    415  2.00
      418    594  2.00
      418    623  1.00
      418    643  2.00
      419    413  4.00
      419    417  6.00
      419    457  3.00
      419    562  1.00
      419    623  1.00
      419    634  1.00
      419    658  1.00
      419    683  3.00
      420    524  2.00
      420    632  1.00
      420    671  2.00
      421    485  1.00
      421    523  3.00
      421    581  1.00
      421    592  3.00
      423    422  5.00
      423    425  6.00
      423    530  1.00
      423    576  6.00
      423    597  1.00
      423    656  1.00
      423    670  1.00
      424    430  2.00
      424    449  5.00
      424    484  5.00
      424    533  2.00
      425    213  1.00
      425    415  2.00
      425    483  2.00
      425    516  2.00
      425    529  4.00
      425    568  4.00
      425    620  5.00
      425    638  2.00
      425    643  3.00
      425    658  3.00
      426    429  2.00
      426    538  3.00
      426    540  3.00
      426    589  2.00
      426    654  2.00
      427    467  2.00
      427    570  2.00
      427    661  2.00
      428    404  6.00
      430    417  1.00
      430    419  1.00
      430    496  3.00
      430    504  6.00
      430    525  4.00
      430    539  1.00
      430    599  2.00
      430    683  1.00
      431     18  5.00
      431    116  5.00
      431    380  3.00
      431    569  3.00
      431    614  6.00
      431    670  3.00
      432    449  1.00
      432    610  1.00
      432    612  1.00
      433    500  5.00
      433    645  2.00
      433    679  3.00
      434    534  4.00
      434    611  4.00
      434    620  2.00
      435    502  6.00
      435    538  2.00
      435    609  4.00
      435    643  3.00
      436    411  1.00
      436    540  1.00
      438    437  3.00
      438    529  2.00
      438    536  2.00
      438    596  1.00
      439    514  3.00
      439    598  3.00
      440    421  1.00
      440    555  2.00
      440    558  3.00
      440    634  1.00
      440    657  6.00
      440    663  4.00
      440    668  3.00
      440    669  2.00
      440    671  3.00
      441    545  1.00
      441    546  1.00
      441    551  1.00
      441    582  2.00
      441    597  1.00
      441    620  6.00
      441    625  1.00
      441    630  1.00
      441    639  1.00
      442    294  3.00
      442    297  3.00
      442    409  3.00
      442    542  1.00
      442    544  1.00
      442    582  3.00
      442    639  2.00
      442    647  1.00
      442    670  2.00
      442    675  3.00
      443    485  1.00
      443    550  1.00
      443    649  1.00
      443    671  1.00
      444    588  5.00
      444    661  1.00
      444    672  2.00
      444    683  2.00
      445    405  5.00
      445    476  1.00
      445    527  2.00
      445    544  2.00
      445    560  2.00
      445    563  2.00
      445    591  2.00
      445    636  2.00
      446    520  1.00
      446    572  1.00
      446    671  1.00
      446    678  3.00
      448    409  4.00
      448    422  2.00
      448    519  6.00
      448    530  2.00
      448    542  3.00
      448    670  4.00
      448    674  1.00
      449    610  5.00
      449    651  4.00
      450    533  1.00
      450    535  1.00
      450    553  3.00
      450    554  3.00
      450    613  3.00
      451    446  3.00
      451    470  4.00
      451    472  6.00
      451    512  6.00
      451    559  6.00
      451    569  6.00
      451    586  6.00
      451    671  5.00
      451    675  6.00
      452    588  4.00
      453     81  1.00
      453     83  4.00
      453    410  1.00
      453    470  6.00
      453    477  1.00
      453    532  2.00
      453    540  1.00
      453    559  2.00
      454    434  2.00
      454    534  4.00
      457    413  5.00
      457    417  4.00
      457    419  3.00
      457    485  1.00
      457    492  2.00
      457    501  1.00
      457    532  1.00
      457    620  2.00
      457    654  1.00
      457    683  2.00
      458    428  3.00
      458    528  2.00
      458    607  1.00
      458    662  1.00
      459    681  3.00
      459    683  1.00
      460    406  2.00
      460    465  3.00
      460    517  2.00
      460    535  2.00
      460    579  4.00
      460    634  2.00
      460    658  2.00
      460    661  3.00
      461    528  1.00
      461    535  2.00
      461    574  3.00
      461    660  2.00
      462     41  5.00
      462    467  1.00
      462    593  4.00
      462    613  3.00
      463    469  1.00
      463    478  4.00
      463    625  1.00
      463    645  1.00
      464    437  1.00
      464    529  1.00
      464    554  2.00
      464    620  1.00
      464    660  1.00
      465    460  2.00
      465    467  2.00
      465    549  2.00
      465    581  1.00
      465    613  1.00
      465    661  2.00
      465    678  2.00
      467     15  2.00
      467    509  5.00
      467    516  3.00
      467    518  1.00
      467    634  3.00
      468    538  6.00
      468    540  3.00
      468    678  1.00
      469    463  1.00
      469    617  2.00
      469    619  3.00
      470    410  1.00
      470    453  4.00
      470    471  2.00
      470    524  4.00
      470    533  2.00
      470    535  4.00
      470    540  4.00
      470    662  1.00
      471    453  3.00
      471    470  2.00
      471    558  1.00
      471    605  1.00
      472    522  1.00
      472    546  3.00
      472    604  1.00
      472    639  1.00
      473    556  1.00
      475    487  2.00
      475    503  5.00
      475    541  4.00
      475    624  6.00
      476    493  6.00
      476    500  5.00
      476    514  2.00
      476    542  6.00
      476    552  3.00
      476    591  5.00
      476    638  3.00
      478    450  2.00
      478    526  4.00
      478    601  1.00
      478    654  2.00
      478    657  5.00
      479    450  4.00
      479    533  5.00
      480    571  1.00
      481    430  3.00
      481    509  3.00
      481    546  3.00
      481    552  3.00
      481    577  3.00
      481    591  3.00
      481    598  4.00
      483    476  1.00
      483    587  1.00
      483    638  1.00
      483    640  1.00
      484    449  3.00
      484    482  2.00
      484    535  2.00
      484    610  2.00
      484    654  1.00
      485    523  6.00
      485    532  1.00
      485    550  6.00
      485    562  1.00
      485    629  1.00
      485    662  6.00
      485    671  6.00
      486     41  6.00
      486    324  6.00
      486    498  5.00
      486    557  5.00
      486    580  6.00
      486    626  3.00
      486    636  5.00
      487    403  1.00
      487    404  1.00
      487    490  2.00
      487    519  1.00
      487    569  6.00
      487    577  1.00
      487    582  1.00
      487    622  1.00
      487    667  1.00
      488    489  3.00
      488    509  1.00
      488    519  1.00
      488    560  1.00
      489    488  3.00
      489    508  2.00
      489    561  4.00
      489    567  4.00
      489    638  1.00
      489    640  2.00
      490     41  6.00
      490    407  1.00
      490    462  1.00
      490    487  1.00
      490    581  1.00
      490    592  1.00
      490    620  1.00
      490    623  1.00
      490    683  1.00
      492    517  6.00
      492    518  2.00
      492    544  2.00
      492    568  3.00
      492    634  6.00
      492    636  2.00
      492    651  3.00
      492    658  5.00
      493    161  3.00
      493    242  3.00
      493    481  6.00
      493    498  1.00
      493    519  1.00
      493    552  1.00
      493    591  6.00
      493    636  2.00
      493    675  2.00
      494    407  2.00
      494    473  2.00
      494    651  2.00
      496    420  2.00
      496    421  1.00
      496    430  2.00
      496    471  1.00
      496    525  2.00
      496    534  1.00
      496    599  1.00
      496    648  2.00
      496    671  2.00
      496    688  2.00
      497    540  4.00
      497    609  4.00
      497    678  1.00
      497    683  1.00
      498    476  1.00
      498    509  1.00
      498    542  1.00
      498    544  1.00
      498    566  1.00
      498    636  1.00
      498    674  1.00
      500    405  4.00
      500    433  5.00
      500    476  1.00
      500    542  4.00
      500    552  1.00
      500    560  1.00
      500    567  1.00
      500    646  3.00
      500    650  1.00
      500    679  6.00
      501    407  1.00
      501    505  2.00
      501    581  1.00
      501    592  2.00
      501    596  3.00
      501    678  2.00
      501    682  5.00
      502    415  1.00
      502    435  6.00
      502    446  1.00
      502    468  1.00
      502    483  1.00
      502    536  1.00
      502    540  1.00
      502    585  1.00
      502    661  1.00
      502    689  1.00
      503    475  6.00
      503    541  6.00
      503    595  1.00
      504    509  2.00
      504    514  1.00
      504    516  1.00
      504    552  4.00
      504    568  2.00
      504    633  1.00
      504    636  1.00
      504    640  1.00
      505    512  3.00
      505    638  1.00
      506    442  2.00
      506    488  2.00
      506    489  2.00
      506    507  2.00
      507    452  2.00
      507    506  5.00
      507    514  1.00
      507    520  1.00
      507    547  3.00
      507    624  1.00
      507    633  1.00
      507    643  1.00
      508    439  2.00
      508    527  2.00
      508    529  2.00
      508    590  2.00
      508    598  2.00
      508    638  2.00
      508    640  2.00
      510    477  1.00
      510    493  1.00
      510    551  4.00
      511      2  6.00
      511    486  1.00
      511    489  1.00
      511    600  1.00
      512    451  5.00
      512    569  2.00
      512    582  2.00
      512    586  6.00
      512    675  2.00
      514    405  1.00
      514    493  4.00
      514    509  2.00
      514    544  5.00
      514    552  4.00
      514    560  1.00
      514    568  1.00
      514    636  6.00
      514    670  4.00
      516    509  6.00
      516    552  1.00
      516    560  2.00
      517    460  3.00
      517    465  2.00
      517    620  4.00
      517    629  4.00
      517    634  5.00
      517    658  6.00
      517    671  4.00
      518    467  4.00
      518    483  3.00
      518    492  2.00
      518    493  3.00
      518    523  3.00
      518    542  3.00
      518    571  4.00
      518    634  2.00
      518    658  1.00
      519    168  3.00
      519    408  2.00
      519    498  5.00
      519    542  6.00
      519    636  5.00
      520    404  2.00
      520    530  1.00
      520    565  6.00
      520    664  1.00
      520    674  6.00
      521    547  1.00
      521    640  2.00
      522    549  5.00
      522    582  5.00
      522    604  1.00
      522    639  3.00
      522    643  3.00
      522    647  2.00
      522    675  5.00
      523    421  2.00
      523    485  4.00
      525    430  2.00
      525    496  1.00
      525    648  3.00
      526    430  1.00
      526    478  2.00
      526    648  1.00
      526    657  4.00
      527     46  1.00
      527     76  3.00
      527    185  2.00
      527    273  1.00
      527    315  1.00
      527    342  2.00
      528    424  1.00
      528    484  1.00
      528    531  1.00
      528    535  1.00
      528    558  1.00
      528    612  1.00
      529     76  3.00
      529    273  2.00
      529    315  3.00
      529    438  3.00
      529    439  2.00
      529    508  2.00
      529    568  2.00
      531    460  1.00
      531    683  1.00
      532    406  4.00
      532    417  1.00
      532    419  1.00
      532    533  5.00
      532    620  3.00
      532    643  3.00
      532    649  1.00
      532    661  1.00
      532    672  3.00
      532    678  1.00
      533    220  4.00
      533    479  6.00
      533    532  5.00
      533    535  3.00
      533    558  4.00
      533    657  2.00
      535    453  2.00
      535    461  1.00
      535    470  4.00
      535    524  3.00
      535    533  4.00
      535    574  2.00
      535    594  2.00
      535    660  2.00
      535    662  2.00
      535    671  2.00
      536    421  4.00
      536    438  6.00
      536    581  5.00
      536    595  4.00
      536    678  4.00
      536    682  4.00
      536    683  4.00
      537    428  1.00
      537    580  2.00
      537    600  6.00
      538     65  3.00
      538    429  2.00
      538    435  2.00
      538    444  6.00
      538    468  3.00
      538    473  5.00
      538    476  1.00
      538    518  1.00
      538    557  2.00
      538    620  2.00
      539    477  2.00
      539    495  1.00
      539    567  4.00
      540    453  1.00
      540    470  2.00
      540    471  1.00
      540    497  4.00
      540    559  1.00
      540    620  1.00
      540    660  1.00
      541    475  2.00
      541    503  3.00
      541    551  2.00
      541    646  1.00
      541    686  1.00
      542    442  3.00
      542    476  5.00
      542    493  5.00
      542    498  6.00
      542    518  4.00
      542    519  6.00
      542    568  2.00
      542    636  4.00
      543    563  5.00
      543    632  2.00
      544    500  3.00
      544    514  5.00
      544    552  4.00
      544    568  3.00
      544    636  6.00
      545    441  1.00
      545    487  1.00
      545    522  1.00
      545    569  4.00
      545    582  1.00
      545    586  1.00
      545    630  1.00
      546    488  4.00
      546    504  1.00
      546    509  1.00
      546    667  1.00
      547    505  1.00
      547    507  3.00
      548    412  1.00
      548    486  1.00
      548    511  1.00
      548    543  1.00
      548    598  1.00
      548    665  1.00
      548    674  1.00
      549    406  1.00
      549    499  1.00
      549    522  2.00
      549    678  3.00
      550    417  2.00
      550    460  3.00
      550    485  2.00
      551     78  6.00
      551    519  4.00
      551    564  6.00
      551    645  4.00
      552    504  6.00
      552    509  3.00
      552    514  4.00
      552    527  2.00
      552    544  4.00
      552    636  6.00
      552    638  2.00
      552    650  4.00
      553    450  2.00
      553    527  2.00
      553    529  3.00
      553    568  2.00
      553    613  4.00
      553    643  3.00
      554    406  3.00
      554    450  3.00
      554    558  2.00
      554    595  1.00
      554    613  4.00
      554    654  2.00
      555    398  2.00
      556    443  1.00
      556    468  1.00
      556    473  1.00
      556    659  1.00
      557    429  3.00
      557    502  1.00
      559    451  6.00
      559    453  3.00
      559    463  2.00
      559    619  3.00
      560    493  1.00
      560    508  1.00
      560    509  3.00
      560    544  1.00
      560    552  1.00
      560    626  1.00
      560    636  2.00
      561    493  1.00
      561    551  3.00
      561    567  6.00
      561    637  2.00
      563    312  6.00
      563    481  4.00
      563    543  2.00
      563    624  3.00
      563    667  4.00
      564     78  4.00
      564    463  1.00
      564    520  2.00
      564    576  1.00
      564    582  1.00
      564    617  1.00
      564    624  3.00
      564    625  1.00
      564    645  4.00
      565    495  1.00
      565    501  2.00
      565    520  4.00
      565    539  1.00
      565    674  6.00
      567    406  3.00
      567    477  5.00
      567    500  2.00
      567    539  4.00
      567    561  6.00
      567    576  1.00
      567    618  4.00
      568    527  6.00
      568    616  6.00
      569    403  2.00
      569    431  2.00
      569    487  3.00
      569    512  1.00
      569    614  2.00
      571    460  1.00
      571    490  1.00
      571    552  4.00
      571    632  2.00
      571    634  1.00
      571    683  1.00
      572    446  2.00
      572    460  2.00
      574    461  1.00
      574    535  4.00
      574    660  2.00
      575    437  5.00
      575    502  2.00
      575    540  2.00
      579    460  3.00
      579    529  1.00
      580    409  1.00
      580    486  1.00
      580    490  1.00
      580    500  1.00
      580    559  1.00
      580    563  1.00
      580    601  1.00
      580    605  1.00
      581    421  2.00
      581    585  2.00
      581    588  2.00
      581    592  4.00
      582    454  6.00
      582    487  1.00
      582    506  6.00
      582    512  3.00
      582    569  3.00
      582    580  6.00
      582    586  1.00
      582    603  6.00
      582    656  6.00
      582    675  6.00
      583    449  4.00
      583    584  2.00
      584    450  1.00
      584    478  1.00
      584    549  2.00
      584    554  1.00
      584    680  2.00
      585    407  4.00
      585    413  4.00
      585    417  2.00
      585    419  2.00
      585    457  1.00
      585    475  4.00
      585    502  2.00
      585    540  1.00
      585    581  2.00
      586    487  2.00
      586    512  6.00
      586    569  1.00
      586    675  1.00
      586    686  1.00
      587    184  6.00
      587    404  2.00
      587    422  5.00
      587    493  2.00
      587    514  3.00
      587    544  2.00
      587    626  2.00
      587    636  1.00
      587    656  6.00
      587    664  2.00
      588    452  2.00
      589    513  2.00
      590    626  5.00
      590    633  5.00
      591    456  3.00
      591    493  5.00
      591    636  5.00
      591    638  2.00
      591    640  1.00
      591    676  6.00
      593    643  2.00
      594    415  6.00
      594    418  3.00
      594    453  2.00
      594    470  2.00
      594    499  2.00
      594    524  2.00
      594    535  5.00
      594    623  2.00
      594    662  1.00
      595    444  3.00
      595    549  2.00
      595    592  3.00
      595    593  4.00
      595    672  3.00
      595    678  2.00
      596    438  2.00
      597     52  6.00
      597     63  5.00
      597     95  3.00
      597    422  4.00
      597    425  2.00
      597    656  5.00
      597    670  1.00
      598    439  5.00
      598    508  6.00
      598    527  1.00
      598    529  1.00
      598    568  1.00
      598    590  2.00
      598    640  1.00
      599    430  2.00
      599    583  2.00
      600    428  5.00
      600    537  5.00
      600    580  1.00
      600    605  2.00
      601    478  1.00
      601    487  1.00
      601    511  2.00
      601    521  2.00
      601    605  3.00
      601    657  3.00
      601    667  1.00
      602    410  5.00
      602    647  2.00
      602    649  5.00
      603    412  2.00
      603    605  2.00
      604    442  1.00
      604    472  2.00
      604    500  1.00
      604    522  2.00
      604    639  6.00
      604    647  2.00
      604    670  1.00
      604    675  2.00
      605    512  1.00
      605    580  3.00
      605    647  3.00
      605    649  4.00
      607    521  2.00
      607    568  1.00
      609    424  1.00
      609    435  1.00
      609    436  1.00
      609    494  1.00
      609    497  1.00
      609    528  1.00
      609    540  1.00
      609    683  1.00
      609    689  1.00
      610    432  1.00
      610    434  2.00
      610    449  2.00
      610    484  3.00
      610    494  1.00
      610    533  2.00
      610    558  1.00
      610    579  2.00
      610    595  1.00
      610    620  1.00
      611    407  3.00
      611    534  4.00
      612    449  1.00
      612    528  2.00
      612    666  4.00
      613    450  4.00
      613    553  6.00
      613    554  3.00
      613    557  3.00
      613    643  5.00
      614    409  4.00
      614    431  4.00
      614    670  3.00
      616    422  2.00
      616    425  4.00
      616    509  2.00
      616    529  2.00
      616    560  1.00
      616    568  5.00
      616    626  3.00
      616    633  2.00
      616    640  1.00
      617    441  4.00
      617    619  4.00
      617    625  5.00
      618    477  3.00
      618    567  4.00
      619    428  3.00
      619    469  3.00
      619    559  2.00
      619    617  3.00
      620    417  1.00
      620    425  1.00
      620    441  5.00
      620    464  1.00
      620    483  1.00
      620    558  1.00
      620    658  1.00
      620    671  1.00
      620    678  1.00
      621    469  3.00
      621    637  6.00
      622    404  4.00
      622    409  4.00
      622    530  4.00
      622    542  1.00
      622    569  1.00
      622    670  3.00
      622    679  1.00
      623    492  2.00
      623    519  3.00
      623    542  3.00
      623    562  2.00
      623    577  5.00
      624    563  2.00
      625    441  1.00
      625    564  1.00
      625    582  2.00
      625    617  3.00
      625    639  1.00
      626    514  2.00
      626    560  2.00
      626    590  6.00
      626    633  6.00
      627    506  3.00
      627    531  5.00
      627    683  3.00
      628    447  2.00
      628    496  1.00
      628    583  2.00
      628    682  1.00
      629    407  2.00
      629    424  1.00
      629    494  2.00
      629    533  5.00
      629    651  4.00
      629    678  2.00
      629    683  2.00
      631    479  1.00
      631    668  1.00
      633    405  1.00
      633    476  1.00
      633    500  1.00
      633    544  1.00
      633    552  1.00
      633    590  3.00
      633    626  5.00
      634     69  3.00
      634    492  6.00
      634    493  2.00
      634    544  5.00
      634    568  3.00
      634    571  2.00
      634    620  4.00
      634    658  6.00
      634    674  2.00
      635    416  5.00
      635    589  5.00
      635    678  6.00
      637    561  1.00
      638    439  1.00
      638    476  1.00
      638    483  4.00
      638    508  1.00
      638    598  1.00
      638    640  2.00
      638    670  1.00
      639    431  1.00
      639    441  1.00
      639    442  2.00
      639    472  1.00
      639    522  2.00
      639    604  5.00
      639    647  4.00
      639    670  1.00
      639    675  2.00
      639    685  1.00
      641    617  1.00
      641    645  1.00
      641    646  3.00
      641    686  3.00
      643    110  6.00
      643    425  2.00
      643    549  2.00
      643    644  3.00
      643    672  4.00
      644    417  2.00
      644    643  4.00
      644    651  2.00
      645    433  3.00
      645    463  1.00
      645    564  5.00
      645    675  1.00
      645    677  2.00
      646    405  3.00
      646    500  2.00
      646    509  1.00
      646    617  1.00
      646    638  1.00
      646    641  2.00
      646    650  1.00
      646    686  2.00
      647    542  1.00
      647    604  2.00
      647    605  5.00
      647    616  1.00
      647    639  2.00
      647    670  1.00
      647    675  1.00
      648    430  2.00
      648    496  1.00
      648    525  2.00
      648    668  1.00
      649    410  5.00
      649    602  4.00
      649    605  3.00
      649    635  3.00
      649    671  2.00
      651    406  1.00
      651    629  4.00
      651    634  1.00
      651    644  2.00
      651    658  1.00
      651    683  2.00
      652    440  4.00
      652    663  1.00
      652    668  1.00
      652    680  3.00
      653    404  1.00
      653    414  1.00
      653    499  2.00
      653    511  1.00
      654    407  1.00
      654    484  1.00
      654    497  2.00
      654    579  2.00
      654    595  1.00
      654    620  1.00
      654    657  1.00
      654    658  3.00
      654    683  2.00
      655    318  6.00
      655    403  2.00
      655    448  1.00
      655    561  2.00
      655    675  1.00
      655    686  2.00
      656     52  4.00
      656     63  4.00
      656    422  3.00
      656    587  6.00
      656    597  6.00
      657    478  6.00
      657    526  6.00
      657    533  1.00
      658    417  1.00
      658    671  2.00
      659    434  2.00
      659    556  2.00
      659    595  1.00
      661    425  2.00
      661    437  2.00
      661    483  3.00
      661    579  2.00
      661    658  2.00
      661    683  3.00
      662    485  5.00
      662    523  6.00
      662    533  1.00
      662    535  3.00
      662    650  4.00
      662    671  3.00
      663    447  2.00
      663    468  1.00
      663    555  3.00
      663    668  3.00
      663    669  4.00
      664    404  1.00
      664    428  4.00
      664    507  3.00
      664    520  1.00
      664    587  1.00
      665    487  1.00
      665    507  2.00
      665    548  1.00
      665    551  1.00
      665    591  1.00
      665    661  2.00
      666    449  3.00
      666    610  3.00
      666    612  5.00
      667    422  6.00
      667    546  2.00
      667    563  5.00
      667    632  6.00
      667    650  5.00
      669    421  1.00
      669    440  6.00
      669    515  1.00
      669    585  2.00
      669    634  6.00
      669    651  6.00
      669    663  6.00
      670    409  6.00
      670    431  2.00
      670    442  2.00
      670    448  5.00
      670    522  1.00
      670    530  5.00
      670    544  1.00
      670    582  1.00
      670    638  1.00
      670    687  6.00
      671    418  1.00
      671    425  2.00
      671    470  1.00
      671    485  1.00
      671    535  1.00
      671    558  1.00
      671    620  1.00
      671    647  1.00
      671    649  2.00
      671    658  1.00
      672    407  1.00
      672    444  2.00
      672    595  2.00
      672    643  4.00
      672    683  1.00
      674    520  6.00
      674    565  4.00
      674    677  4.00
      675    403  2.00
      675    487  1.00
      675    512  2.00
      675    522  2.00
      675    569  3.00
      675    582  5.00
      675    604  1.00
      675    639  1.00
      675    647  1.00
      675    686  5.00
      676    493  4.00
      676    544  1.00
      676    591  1.00
      676    670  1.00
      677    403  2.00
      677    645  3.00
      677    646  1.00
      677    674  2.00
      678    406  1.00
      678    446  4.00
      678    465  3.00
      678    477  1.00
      678    501  1.00
      678    549  3.00
      678    595  1.00
      678    634  1.00
      678    635  3.00
      678    661  3.00
      679    405  5.00
      679    422  3.00
      679    493  2.00
      679    500  6.00
      679    505  1.00
      679    542  3.00
      679    587  1.00
      679    590  2.00
      679    650  1.00
      679    656  1.00
      680    497  1.00
      680    538  1.00
      680    584  1.00
      680    668  1.00
      680    689  1.00
      681    437  1.00
      681    459  1.00
      681    689  1.00
      682    449  6.00
      682    477  2.00
      682    483  2.00
      682    501  6.00
      682    536  2.00
      682    595  1.00
      682    678  1.00
      683    419  2.00
      683    425  1.00
      683    444  1.00
      683    483  1.00
      683    562  1.00
      683    627  1.00
      683    629  1.00
      683    672  1.00
      684    429  5.00
      684    470  3.00
      684    473  2.00
      686    403  4.00
      686    569  3.00
      686    641  3.00
      686    675  6.00
      687    442  1.00
      687    646  1.00
      687    670  4.00
      687    675  1.00
      687    686  1.00
      688    458  2.00
      688    682  6.00
      689    437  4.00