DL
N=76
FORMAT=EDGELIST1
DATA:
        1      5  1.00
        1     15  1.00
        1     16  2.00
        1     20  1.00
        1     23  1.00
        1     33  1.00
        1     39  2.00
        1     46  3.00
        1     49  1.00
        1     54  2.00
        2      3  6.00
        2      5  5.00
        2      8  2.00
        2     48  5.00
        2     58  3.00
        3      5  1.00
        3     49  1.00
        3     71  1.00
        4     10  5.00
        4     31  3.00
        5      2  3.00
        5      3  1.00
        5      8  1.00
        5     10  1.00
        5     24  1.00
        5     50  3.00
        5     58  1.00
        5     61  2.00
        5     75  5.00
        6     10  2.00
        6     40  2.00
        6     51  3.00
        7     14  1.00
        7     30  2.00
        7     33  3.00
        7     55  1.00
        7     59  3.00
        7     66  1.00
        8      5  1.00
        8     13  2.00
        8     24  2.00
        8     26  1.00
        8     32  2.00
        8     50  4.00
        8     58  5.00
        8     59  4.00
        9     16  1.00
        9     20  1.00
        9     22  1.00
        9     23  1.00
        9     54  1.00
        9     67  1.00
       10      4  5.00
       10      7  2.00
       10     31  2.00
       10     32  2.00
       10     52  1.00
       10     76  1.00
       11     21  1.00
       11     35  1.00
       11     53  1.00
       11     64  4.00
       12      1  3.00
       12      9  1.00
       12     16  3.00
       12     20  1.00
       12     33  1.00
       13      7  2.00
       13      8  3.00
       13     14  3.00
       13     24  3.00
       13     32  6.00
       13     33  5.00
       13     50  2.00
       13     59  3.00
       13     70  5.00
       13     75  4.00
       14     11  2.00
       14     29  1.00
       14     52  1.00
       14     66  1.00
       14     69  6.00
       15      3  1.00
       15     16  1.00
       15     45  1.00
       15     46  1.00
       15     49  2.00
       15     50  1.00
       15     60  1.00
       15     61  2.00
       15     62  1.00
       15     71  1.00
       16      4  3.00
       16     14  6.00
       16     15  1.00
       16     23  6.00
       16     39  1.00
       16     69  1.00
       17      1  3.00
       17      9  1.00
       17     20  2.00
       17     22  2.00
       17     23  3.00
       17     33  2.00
       17     54  1.00
       18      7  1.00
       18     11  1.00
       18     14  1.00
       18     30  1.00
       18     32  1.00
       18     34  1.00
       18     35  1.00
       18     47  1.00
       18     55  4.00
       19     56  3.00
       19     66  2.00
       20     33  5.00
       20     39  1.00
       20     46  1.00
       20     54  1.00
       20     74  2.00
       21     11  1.00
       21     53  6.00
       21     56  2.00
       21     59  3.00
       21     64  2.00
       21     66  2.00
       22     16  3.00
       22     23  6.00
       22     33  2.00
       22     67  3.00
       22     74  2.00
       23      1  1.00
       23      9  3.00
       23     16  5.00
       23     17  4.00
       23     22  6.00
       23     39  1.00
       24      5  2.00
       24      8  2.00
       24     13  2.00
       24     30  1.00
       24     48  2.00
       24     58  3.00
       24     68  3.00
       24     70  5.00
       24     75  4.00
       25     24  1.00
       25     45  2.00
       25     50  1.00
       25     57  1.00
       25     58  1.00
       25     60  1.00
       25     61  1.00
       25     65  1.00
       25     68  4.00
       27      6  3.00
       27     28  2.00
       27     29  3.00
       27     35  3.00
       27     40  2.00
       27     51  5.00
       27     59  1.00
       28     21  2.00
       28     59  2.00
       29     27  1.00
       29     35  4.00
       29     51  3.00
       29     59  2.00
       30     11  1.00
       30     32  4.00
       30     35  1.00
       30     59  2.00
       30     66  1.00
       30     72  1.00
       31      4  1.00
       31     52  2.00
       32      7  2.00
       32      8  4.00
       32     30  5.00
       32     35  4.00
       32     50  4.00
       32     51  2.00
       32     59  6.00
       33     14  1.00
       33     20  5.00
       33     22  1.00
       33     39  6.00
       33     41  4.00
       33     46  1.00
       33     54  2.00
       33     59  1.00
       33     74  4.00
       34     14  2.00
       34     18  5.00
       34     47  5.00
       34     55  3.00
       34     60  5.00
       34     66  3.00
       34     73  4.00
       35     11  1.00
       35     21  1.00
       35     29  2.00
       35     32  1.00
       35     55  1.00
       35     59  1.00
       35     73  2.00
       36     24  2.00
       36     48  2.00
       36     50  2.00
       36     58  3.00
       36     65  3.00
       37      5  1.00
       37     34  2.00
       37     36  1.00
       37     44  1.00
       37     45  1.00
       37     75  1.00
       38     14  3.00
       38     31  2.00
       38     52  2.00
       40      6  1.00
       40      7  1.00
       40     10  1.00
       40     14  1.00
       40     27  1.00
       40     29  2.00
       40     32  1.00
       40     35  2.00
       40     51  1.00
       41     20  4.00
       41     33  2.00
       41     74  3.00
       42     48  4.00
       42     52  1.00
       42     58  1.00
       42     66  1.00
       42     70  3.00
       42     72  1.00
       43     45  1.00
       43     60  1.00
       43     68  1.00
       44     10  1.00
       44     30  1.00
       44     37  5.00
       44     39  4.00
       44     54  1.00
       44     66  1.00
       44     69  1.00
       44     71  1.00
       44     76  1.00
       45     25  2.00
       45     50  1.00
       45     60  1.00
       45     61  1.00
       45     62  1.00
       45     65  1.00
       45     68  2.00
       45     71  1.00
       46      1  2.00
       46     16  1.00
       46     20  1.00
       46     23  1.00
       46     33  1.00
       46     54  4.00
       46     67  1.00
       46     74  1.00
       47      5  1.00
       47      7  1.00
       47     14  1.00
       47     18  4.00
       47     32  1.00
       47     35  1.00
       47     55  4.00
       47     60  1.00
       48      2  3.00
       48     55  1.00
       48     58  5.00
       48     66  1.00
       48     73  4.00
       48     75  4.00
       49     10  2.00
       49     15  3.00
       49     61  1.00
       49     62  1.00
       49     65  1.00
       49     71  1.00
       50      8  5.00
       50     65  3.00
       50     75  6.00
       51     27  4.00
       51     29  2.00
       51     35  2.00
       51     40  2.00
       53     11  1.00
       53     21  4.00
       53     29  1.00
       53     59  2.00
       53     66  6.00
       54      1  3.00
       54     20  2.00
       54     22  1.00
       54     33  3.00
       54     46  6.00
       54     67  3.00
       54     74  2.00
       55     18  5.00
       55     21  1.00
       55     30  2.00
       55     32  1.00
       55     34  2.00
       55     35  6.00
       55     47  1.00
       55     56  5.00
       55     59  2.00
       56     11  3.00
       56     19  2.00
       56     21  3.00
       56     66  1.00
       57     45  2.00
       57     49  1.00
       57     60  1.00
       57     62  2.00
       57     65  2.00
       57     71  2.00
       58      8  2.00
       58     24  3.00
       58     29  1.00
       58     32  1.00
       58     48  3.00
       58     59  2.00
       59      7  2.00
       59      8  2.00
       59     11  1.00
       59     21  2.00
       59     28  2.00
       59     32  4.00
       59     35  2.00
       59     50  3.00
       59     58  1.00
       60      8  3.00
       60     45  1.00
       60     58  1.00
       60     71  1.00
       60     73  2.00
       60     75  5.00
       61      3  1.00
       61      5  1.00
       61      8  1.00
       61     15  2.00
       61     32  1.00
       61     50  2.00
       61     59  1.00
       61     62  2.00
       61     65  2.00
       61     75  2.00
       63      7  3.00
       63     11  2.00
       63     30  2.00
       63     32  3.00
       63     35  1.00
       63     47  3.00
       63     55  1.00
       63     59  3.00
       64     11  4.00
       64     21  5.00
       64     30  1.00
       64     53  2.00
       64     56  1.00
       64     66  2.00
       65     45  1.00
       65     49  1.00
       65     50  3.00
       65     61  1.00
       67      1  1.00
       67     20  1.00
       67     22  1.00
       67     23  1.00
       67     33  1.00
       67     39  1.00
       67     41  1.00
       67     46  4.00
       67     54  4.00
       67     74  1.00
       68     24  2.00
       68     25  3.00
       68     45  2.00
       68     50  1.00
       68     60  1.00
       68     61  1.00
       68     65  1.00
       68     71  1.00
       69     11  2.00
       69     14  6.00
       69     30  1.00
       69     35  1.00
       69     40  1.00
       69     56  1.00
       69     66  2.00
       70      6  1.00
       70     13  6.00
       70     14  1.00
       70     24  3.00
       70     30  1.00
       70     32  1.00
       70     42  1.00
       70     48  1.00
       70     58  1.00
       70     59  1.00
       71      2  1.00
       71     15  4.00
       71     25  2.00
       71     45  2.00
       71     49  5.00
       71     50  4.00
       71     61  5.00
       71     65  4.00
       72     24  2.00
       72     26  1.00
       72     30  2.00
       72     42  2.00
       72     45  6.00
       73     66  3.00
       74     20  4.00
       74     33  2.00
       74     41  1.00
       74     46  1.00
       74     54  1.00
       75      4  2.00
       75      5  4.00
       75     24  2.00
       75     30  1.00
       75     48  2.00
       75     50  3.00
       75     58  6.00
       75     59  1.00
       75     61  1.00
       76      4  3.00
       76     29  1.00
       76     66  2.00