DL
N=876
FORMAT=EDGELIST1
DATA:
        1    260  1.00
        1    365  5.00
        2     24  1.00
        2     65  1.00
        2    279  1.00
        2    312  2.00
        2    378  1.00
        3     21  2.00
        3    111  5.00
        3    197  1.00
        3    330  2.00
        3    337  2.00
        3    392  1.00
        3    402  1.00
        4    204  4.00
        4    308  1.00
        4    347  1.00
        4    351  1.00
        4    417  2.00
        4    420  1.00
        5     65  1.00
        5    223  1.00
        5    236  3.00
        5    279  1.00
        5    309  3.00
        5    324  2.00
        5    378  1.00
        6     78  4.00
        6     90  4.00
        6    134  4.00
        6    224  5.00
        6    277  4.00
        6    344  4.00
        7    101  3.00
        8     58  3.00
        8    143  5.00
        8    190  2.00
        8    230  2.00
        8    246  6.00
        8    260  4.00
        8    270  6.00
        8    280  4.00
        8    375  5.00
        9    147  1.00
        9    148  1.00
        9    311  1.00
       10     44  5.00
       10     48  1.00
       10     61  3.00
       10    152  4.00
       10    236  5.00
       10    305  3.00
       11     67  2.00
       11     72  2.00
       11     84  4.00
       11    154  2.00
       11    166  2.00
       11    316  4.00
       12    224  2.00
       12    288  2.00
       12    366  2.00
       13     12  2.00
       13    113  4.00
       13    161  4.00
       13    257  2.00
       14     60  2.00
       14    109  2.00
       14    188  1.00
       14    207  1.00
       14    234  2.00
       14    388  3.00
       15     35  4.00
       15     60  2.00
       15    109  2.00
       15    128  1.00
       15    234  3.00
       15    304  3.00
       15    330  2.00
       15    349  1.00
       15    398  1.00
       16    212  6.00
       16    226  3.00
       16    367  5.00
       16    378  6.00
       17     21  2.00
       17    162  2.00
       17    184  4.00
       17    256  2.00
       17    269  1.00
       17    423  3.00
       18     66  3.00
       18    167  3.00
       18    197  4.00
       19     27  5.00
       19     44  5.00
       19    158  4.00
       19    210  4.00
       19    241  5.00
       19    277  4.00
       19    392  4.00
       20     83  1.00
       20    105  2.00
       20    325  2.00
       20    350  1.00
       21      3  2.00
       21    139  2.00
       21    144  2.00
       21    347  2.00
       22      6  1.00
       22     30  2.00
       22     92  2.00
       22    284  1.00
       22    319  1.00
       23     29  1.00
       23     39  2.00
       23     58  1.00
       23     71  2.00
       23    131  1.00
       23    140  5.00
       23    228  1.00
       23    230  1.00
       23    235  4.00
       23    302  5.00
       24      2  2.00
       24      5  1.00
       24     47  1.00
       24     65  3.00
       24    137  1.00
       24    138  1.00
       24    141  1.00
       24    236  1.00
       24    324  1.00
       24    378  2.00
       25     99  4.00
       25    108  5.00
       25    222  6.00
       25    283  2.00
       26    170  6.00
       27     19  5.00
       27     33  5.00
       27     57  6.00
       27    175  6.00
       27    241  6.00
       29      8  2.00
       29     23  2.00
       29     77  2.00
       29     94  2.00
       29     96  2.00
       29    217  4.00
       29    326  6.00
       31     44  2.00
       31     65  2.00
       31    100  3.00
       31    141  2.00
       31    179  2.00
       31    223  2.00
       31    342  2.00
       33     19  3.00
       33     27  4.00
       33    270  1.00
       33    418  1.00
       34     98  4.00
       35    188  1.00
       35    330  2.00
       36    231  4.00
       36    274  4.00
       37     82  1.00
       37    216  1.00
       37    243  1.00
       37    281  6.00
       37    357  5.00
       37    386  1.00
       38    194  4.00
       38    360  4.00
       38    405  2.00
       39     71  4.00
       39    219  2.00
       39    384  3.00
       39    399  3.00
       39    414  5.00
       41    304  3.00
       41    311  2.00
       42     50  4.00
       42     66  4.00
       42    181  4.00
       42    197  5.00
       42    243  5.00
       42    248  2.00
       42    255  5.00
       42    355  2.00
       44     10  4.00
       44    236  3.00
       45     66  2.00
       45    129  4.00
       45    134  3.00
       45    155  3.00
       45    192  2.00
       45    373  2.00
       45    405  4.00
       45    413  2.00
       46     65  1.00
       46    121  2.00
       46    174  4.00
       46    179  5.00
       46    220  2.00
       46    223  5.00
       46    237  1.00
       47     61  1.00
       47    127  1.00
       47    138  3.00
       47    174  1.00
       47    179  2.00
       47    236  2.00
       47    378  2.00
       47    379  1.00
       48     10  2.00
       48     61  3.00
       48    152  1.00
       49     99  2.00
       49    178  2.00
       49    242  2.00
       49    243  3.00
       49    350  3.00
       49    353  5.00
       50    323  4.00
       50    368  5.00
       50    380  4.00
       50    402  4.00
       51    268  4.00
       52     61  2.00
       52     97  1.00
       52    106  1.00
       52    149  1.00
       52    228  3.00
       52    260  1.00
       52    289  1.00
       52    365  4.00
       54     86  1.00
       54    187  2.00
       54    208  3.00
       54    261  2.00
       54    379  5.00
       56     11  3.00
       56     12  2.00
       56     67  5.00
       56     72  5.00
       56     93  2.00
       56    216  3.00
       56    258  1.00
       56    316  3.00
       57     27  5.00
       57    175  6.00
       57    241  5.00
       58    253  3.00
       58    280  1.00
       58    375  1.00
       59    343  6.00
       59    353  4.00
       60     44  4.00
       60    109  2.00
       60    148  1.00
       60    388  2.00
       61     10  4.00
       61     48  6.00
       61     79  1.00
       61    149  1.00
       61    152  6.00
       61    171  3.00
       61    228  5.00
       62    122  3.00
       63    336  3.00
       63    345  3.00
       63    347  3.00
       63    404  3.00
       64     65  1.00
       64     70  1.00
       64     75  1.00
       64     78  2.00
       64    223  1.00
       65      5  2.00
       65     24  3.00
       65    179  3.00
       65    223  3.00
       65    236  1.00
       65    279  2.00
       65    287  3.00
       65    309  2.00
       65    324  3.00
       65    378  2.00
       66    129  3.00
       66    132  5.00
       66    181  4.00
       66    192  1.00
       66    197  3.00
       66    255  2.00
       66    355  3.00
       66    411  4.00
       66    413  1.00
       67     30  2.00
       67     56  4.00
       67     66  2.00
       67    323  2.00
       68     31  2.00
       68     47  1.00
       68    141  6.00
       68    314  1.00
       68    342  3.00
       69    147  5.00
       69    201  1.00
       69    329  2.00
       70    136  1.00
       70    162  1.00
       70    315  1.00
       70    356  1.00
       70    407  3.00
       71     39  5.00
       71    159  3.00
       71    230  3.00
       71    384  3.00
       72     15  5.00
       72     56  5.00
       72     60  5.00
       72    304  5.00
       72    368  5.00
       73    129  3.00
       73    197  3.00
       74     25  1.00
       74     32  2.00
       74    118  3.00
       74    243  2.00
       74    301  3.00
       74    316  1.00
       75     64  2.00
       75    277  3.00
       75    296  3.00
       75    390  2.00
       76    125  1.00
       76    221  1.00
       77     79  6.00
       77     94  4.00
       77    149  6.00
       77    314  5.00
       77    359  4.00
       77    381  5.00
       77    401  6.00
       78     64  2.00
       78     75  3.00
       78    119  1.00
       78    277  3.00
       79     77  4.00
       79    149  4.00
       79    314  4.00
       80     82  1.00
       80     86  4.00
       80    176  1.00
       80    182  2.00
       80    211  2.00
       80    232  1.00
       80    274  3.00
       80    279  3.00
       80    354  2.00
       80    410  2.00
       81     83  4.00
       81    113  2.00
       81    183  3.00
       81    333  2.00
       82     83  1.00
       82    161  1.00
       82    213  1.00
       82    232  1.00
       82    243  6.00
       82    276  3.00
       82    295  1.00
       82    299  1.00
       82    332  1.00
       83      5  1.00
       83     20  2.00
       83     81  2.00
       83     94  2.00
       83    149  1.00
       83    333  4.00
       83    381  3.00
       83    409  1.00
       84    124  6.00
       84    166  4.00
       85    631  1.00
       85    711  1.00
       86     54  2.00
       86     80  3.00
       86     87  4.00
       86    138  1.00
       86    275  4.00
       86    354  1.00
       86    379  1.00
       86    414  1.00
       87     59  2.00
       87     86  6.00
       87    171  4.00
       87    213  2.00
       87    275  6.00
       87    283  3.00
       87    301  1.00
       87    343  1.00
       87    353  2.00
       88    196  4.00
       88    201  1.00
       88    223  2.00
       88    307  4.00
       88    346  2.00
       88    395  3.00
       89     48  1.00
       89    152  2.00
       89    263  1.00
       89    305  2.00
       90    254  2.00
       90    344  2.00
       90    365  2.00
       90    400  2.00
       92     22  2.00
       92     35  2.00
       92    147  2.00
       92    217  2.00
       92    304  2.00
       93    103  3.00
       93    216  5.00
       93    266  4.00
       93    275  2.00
       93    322  6.00
       93    386  4.00
       93    392  4.00
       94     77  5.00
       94     79  3.00
       94    149  4.00
       94    314  3.00
       94    359  2.00
       94    381  5.00
       94    401  3.00
       96     29  2.00
       96    230  3.00
       96    280  1.00
       96    287  6.00
       96    302  6.00
       97     79  3.00
       97    149  5.00
       97    235  1.00
       97    333  1.00
       97    361  6.00
       97    365  4.00
       97    382  3.00
       97    401  5.00
       97    403  4.00
       98     34  5.00
       99     25  4.00
       99    178  3.00
       99    187  4.00
      101      7  3.00
      101    270  3.00
      102      4  2.00
      102     15  2.00
      102     43  2.00
      102     67  2.00
      102    128  2.00
      102    147  2.00
      102    204  5.00
      102    420  4.00
      103    266  6.00
      103    269  4.00
      103    275  3.00
      103    371  5.00
      103    392  2.00
      103    396  6.00
      103    399  5.00
      103    418  4.00
      104     82  1.00
      104    100  1.00
      104    137  2.00
      104    174  2.00
      104    179  2.00
      104    223  1.00
      104    243  1.00
      104    353  1.00
      106     52  5.00
      106    365  6.00
      107    143  5.00
      108    118  1.00
      108    283  2.00
      109     15  3.00
      109     60  1.00
      109    147  2.00
      109    207  4.00
      109    234  3.00
      109    385  6.00
      109    388  4.00
      110     90  4.00
      110    117  4.00
      110    134  4.00
      110    135  2.00
      110    254  5.00
      110    272  4.00
      110    338  2.00
      110    400  4.00
      110    423  6.00
      111      3  4.00
      111    240  2.00
      111    337  1.00
      113     13  3.00
      113     16  1.00
      113     81  3.00
      113    186  2.00
      113    258  6.00
      113    306  2.00
      115    165  3.00
      115    354  3.00
      116     36  1.00
      116    229  1.00
      116    231  1.00
      116    240  1.00
      116    328  1.00
      116    374  1.00
      116    387  1.00
      116    416  1.00
      116    422  1.00
      117     38  2.00
      117     43  3.00
      117    134  2.00
      117    172  1.00
      117    254  4.00
      117    327  2.00
      117    355  4.00
      117    411  1.00
      119     19  4.00
      119     44  3.00
      119    166  2.00
      119    238  1.00
      119    277  3.00
      120     66  4.00
      120    129  3.00
      120    132  4.00
      120    255  3.00
      120    270  3.00
      121     10  3.00
      121     65  2.00
      121    179  2.00
      122     62  3.00
      122    170  2.00
      122    263  3.00
      123     72  2.00
      123    126  2.00
      123    193  1.00
      123    251  5.00
      123    252  2.00
      123    267  4.00
      123    332  1.00
      123    334  5.00
      123    348  4.00
      124     84  3.00
      124    154  3.00
      124    341  3.00
      124    414  2.00
      125      4  3.00
      125    180  2.00
      125    221  3.00
      125    420  4.00
      126     21  2.00
      126    145  3.00
      126    327  3.00
      127     52  4.00
      127     82  2.00
      127    160  2.00
      127    161  4.00
      127    232  5.00
      127    274  3.00
      127    279  5.00
      127    295  6.00
      127    299  4.00
      128    102  1.00
      128    204  1.00
      128    267  6.00
      128    345  3.00
      128    347  3.00
      129     32  4.00
      129     45  3.00
      129    301  5.00
      130     17  2.00
      130    126  2.00
      130    144  2.00
      130    145  1.00
      130    337  1.00
      130    348  1.00
      130    402  3.00
      130    406  2.00
      130    416  2.00
      130    417  1.00
      131    115  3.00
      131    382  3.00
      131    403  2.00
      132     66  6.00
      132    192  1.00
      132    405  1.00
      132    406  1.00
      132    411  1.00
      132    413  1.00
      133     41  6.00
      133     65  4.00
      133    162  1.00
      133    256  1.00
      133    268  3.00
      133    304  2.00
      133    317  6.00
      133    351  1.00
      133    402  1.00
      134      6  4.00
      134     19  3.00
      134     38  4.00
      134     45  4.00
      134     55  2.00
      134    192  2.00
      134    344  6.00
      134    392  2.00
      134    405  3.00
      136     70  1.00
      136    112  1.00
      136    315  1.00
      136    318  1.00
      138     40  2.00
      138     47  6.00
      138    179  3.00
      138    187  4.00
      138    215  4.00
      138    264  6.00
      138    299  3.00
      138    379  1.00
      139      3  1.00
      139     21  1.00
      139     36  1.00
      139     67  1.00
      139     72  1.00
      139    144  1.00
      139    323  1.00
      139    376  1.00
      141     31  2.00
      141     68  4.00
      141    299  4.00
      141    342  3.00
      142     79  5.00
      142     82  1.00
      142    127  1.00
      142    149  5.00
      142    187  1.00
      142    314  1.00
      142    379  1.00
      142    418  5.00
      143      8  4.00
      143     58  2.00
      143     83  3.00
      143    107  4.00
      143    246  3.00
      143    253  2.00
      143    260  2.00
      143    280  4.00
      143    289  2.00
      143    375  2.00
      144    374  1.00
      144    417  3.00
      145    126  3.00
      146    147  1.00
      146    262  3.00
      147      9  1.00
      147     69  3.00
      147    120  1.00
      147    339  1.00
      148      9  1.00
      148    174  1.00
      149      1  2.00
      149     77  4.00
      149     94  2.00
      149    142  5.00
      149    401  5.00
      149    418  5.00
      150     17  3.00
      150     68  1.00
      150    142  2.00
      150    250  2.00
      150    312  3.00
      150    395  2.00
      150    410  1.00
      151    121  2.00
      151    163  2.00
      151    166  1.00
      152     10  5.00
      152     44  2.00
      152     61  4.00
      152    263  2.00
      152    287  2.00
      152    372  3.00
      153     19  2.00
      153     25  2.00
      153    199  1.00
      154     11  1.00
      154     84  1.00
      154    124  1.00
      154    300  1.00
      155     45  2.00
      155    100  2.00
      155    176  2.00
      155    191  4.00
      155    261  3.00
      155    264  2.00
      155    353  2.00
      155    378  2.00
      156     67  1.00
      156     72  1.00
      156    144  1.00
      156    167  1.00
      156    180  1.00
      156    234  1.00
      156    328  1.00
      156    417  1.00
      156    422  1.00
      157     82  2.00
      157    211  2.00
      157    261  3.00
      157    274  2.00
      158     97  3.00
      158    215  3.00
      158    289  6.00
      159     39  2.00
      159     71  2.00
      159    219  3.00
      159    230  2.00
      159    235  3.00
      159    384  3.00
      160     36  2.00
      160     43  2.00
      160    374  2.00
      161    127  5.00
      161    295  5.00
      161    299  5.00
      162     17  2.00
      162     70  5.00
      162    184  2.00
      162    217  2.00
      162    252  3.00
      162    256  2.00
      162    349  3.00
      162    402  1.00
      162    407  6.00
      163     27  2.00
      163    121  2.00
      163    134  2.00
      163    166  2.00
      163    264  3.00
      163    277  2.00
      163    412  2.00
      164     13  1.00
      164     20  2.00
      164     60  2.00
      164    227  4.00
      164    271  2.00
      164    297  2.00
      164    345  3.00
      164    421  1.00
      165     59  2.00
      165    115  3.00
      165    354  4.00
      166    109  2.00
      166    163  1.00
      166    239  1.00
      166    320  1.00
      167    120  1.00
      167    180  5.00
      167    249  3.00
      167    415  4.00
      168     51  4.00
      168     77  2.00
      168     97  5.00
      168    361  6.00
      169    122  2.00
      169    316  2.00
      170     26  6.00
      170     62  2.00
      170    122  2.00
      170    169  1.00
      171     49  2.00
      171    190  5.00
      171    235  3.00
      171    275  2.00
      171    283  3.00
      171    333  2.00
      171    343  2.00
      171    371  6.00
      171    409  1.00
      172     55  1.00
      172    194  1.00
      174     46  3.00
      174     65  2.00
      174    179  4.00
      174    220  4.00
      174    223  1.00
      175     27  6.00
      175     57  6.00
      175    241  6.00
      176    127  1.00
      176    232  4.00
      176    247  2.00
      176    295  3.00
      176    299  3.00
      177    315  2.00
      178     32  2.00
      178     99  6.00
      178    187  1.00
      178    208  1.00
      178    243  3.00
      178    261  1.00
      178    379  1.00
      179     46  3.00
      179     47  1.00
      179    121  3.00
      179    174  4.00
      179    232  2.00
      179    276  1.00
      179    354  1.00
      180    142  4.00
      180    147  2.00
      180    167  6.00
      180    251  3.00
      180    327  3.00
      180    402  5.00
      180    415  3.00
      181     66  5.00
      181    129  5.00
      181    194  5.00
      181    202  4.00
      181    355  4.00
      181    373  4.00
      181    411  3.00
      183     81  2.00
      183    186  5.00
      183    287  3.00
      185     29  4.00
      185    138  4.00
      185    212  6.00
      185    264  3.00
      185    326  4.00
      185    341  2.00
      185    367  4.00
      185    378  6.00
      186    113  4.00
      186    155  3.00
      186    183  3.00
      186    287  2.00
      186    401  1.00
      187     99  3.00
      187    138  4.00
      187    209  3.00
      187    261  5.00
      187    414  3.00
      188     56  1.00
      188     67  1.00
      188    190  2.00
      188    273  2.00
      188    330  4.00
      188    348  1.00
      190      8  1.00
      190     58  1.00
      190     77  1.00
      190     79  3.00
      190    149  1.00
      190    171  6.00
      190    283  1.00
      190    302  4.00
      192     38  3.00
      192     45  3.00
      192    405  6.00
      192    413  2.00
      193    147  3.00
      193    160  2.00
      193    198  3.00
      193    240  2.00
      193    265  3.00
      193    284  1.00
      193    308  1.00
      193    329  3.00
      193    351  2.00
      193    413  1.00
      194     38  3.00
      194     66  2.00
      194    181  4.00
      194    202  3.00
      194    283  5.00
      194    325  3.00
      194    327  4.00
      194    355  5.00
      194    360  5.00
      195    126  1.00
      195    145  1.00
      197     66  2.00
      197    118  1.00
      197    129  3.00
      197    194  5.00
      197    202  2.00
      197    283  1.00
      197    355  4.00
      197    360  5.00
      197    373  5.00
      198    344  2.00
      199    153  2.00
      199    210  3.00
      199    296  2.00
      199    390  6.00
      200    121  3.00
      200    393  4.00
      203    193  1.00
      203    195  1.00
      203    214  2.00
      203    252  1.00
      203    265  1.00
      203    267  3.00
      203    329  4.00
      203    337  1.00
      203    348  1.00
      203    349  1.00
      204      4  2.00
      204     60  1.00
      204    162  2.00
      204    199  1.00
      204    252  1.00
      204    261  2.00
      204    265  1.00
      204    328  2.00
      204    387  1.00
      204    420  1.00
      205    232  1.00
      205    241  2.00
      205    250  3.00
      205    286  6.00
      205    295  1.00
      205    410  1.00
      207      9  2.00
      207     15  1.00
      207     60  1.00
      207     64  1.00
      207    109  5.00
      207    148  2.00
      207    304  1.00
      207    385  1.00
      207    388  3.00
      207    398  2.00
      208    187  5.00
      209     54  2.00
      209    187  3.00
      209    218  4.00
      209    283  2.00
      209    379  1.00
      210    199  2.00
      210    270  3.00
      210    322  3.00
      211    161  3.00
      211    274  4.00
      211    390  4.00
      212     16  5.00
      212    138  4.00
      212    185  5.00
      212    264  4.00
      212    367  6.00
      212    378  4.00
      212    394  5.00
      213     37  1.00
      213     82  2.00
      213    301  2.00
      213    327  2.00
      213    332  1.00
      214    203  2.00
      214    252  1.00
      214    267  3.00
      214    285  1.00
      214    329  4.00
      214    348  1.00
      215     36  5.00
      215     40  1.00
      215    158  5.00
      215    208  5.00
      215    229  5.00
      215    248  1.00
      215    261  5.00
      215    293  1.00
      215    353  1.00
      215    414  1.00
      218    187  3.00
      218    208  1.00
      218    209  5.00
      218    248  4.00
      218    354  5.00
      219     39  1.00
      219     71  2.00
      219    159  3.00
      219    235  1.00
      219    384  3.00
      220     34  3.00
      220     46  2.00
      220     47  2.00
      220     65  4.00
      220    137  4.00
      220    174  6.00
      220    179  3.00
      220    223  3.00
      220    237  3.00
      220    378  2.00
      222     25  6.00
      222     99  4.00
      222    108  3.00
      222    235  2.00
      222    283  2.00
      223      5  1.00
      223     10  1.00
      223     47  1.00
      223     65  3.00
      223    174  2.00
      223    179  2.00
      223    237  1.00
      223    309  1.00
      223    324  1.00
      224    284  2.00
      224    344  2.00
      224    383  2.00
      225     52  1.00
      225    206  1.00
      225    208  1.00
      225    251  1.00
      225    252  1.00
      225    328  1.00
      225    337  3.00
      225    348  1.00
      225    369  6.00
      226     11  2.00
      226    212  2.00
      226    367  3.00
      226    370  1.00
      227    121  3.00
      227    151  2.00
      227    166  2.00
      227    304  3.00
      227    388  4.00
      228     52  3.00
      228    235  3.00
      228    369  6.00
      228    381  3.00
      229    205  2.00
      229    286  2.00
      229    374  2.00
      230     23  2.00
      230     55  3.00
      230     71  4.00
      230     96  2.00
      230    159  3.00
      230    228  2.00
      230    302  3.00
      231     36  4.00
      231    240  4.00
      231    347  4.00
      231    374  3.00
      232    142  1.00
      232    205  1.00
      232    299  1.00
      232    408  1.00
      232    410  3.00
      233    103  4.00
      233    120  4.00
      233    255  4.00
      233    332  4.00
      234     15  4.00
      234     96  3.00
      234    180  4.00
      234    304  5.00
      234    388  4.00
      235     23  3.00
      235    171  3.00
      235    230  4.00
      235    275  3.00
      235    302  3.00
      235    371  1.00
      235    381  2.00
      235    382  4.00
      235    403  3.00
      236      5  3.00
      236     44  2.00
      236     47  1.00
      236    309  3.00
      237    200  4.00
      237    377  3.00
      238     78  2.00
      238    241  1.00
      238    277  2.00
      238    380  1.00
      239    166  2.00
      239    227  1.00
      240    231  3.00
      241     19  1.00
      241     27  6.00
      241     57  3.00
      241    175  5.00
      241    205  2.00
      241    292  3.00
      242     32  2.00
      242     53  2.00
      242     99  2.00
      242    118  2.00
      242    353  3.00
      243     32  4.00
      243     49  4.00
      243     77  3.00
      243     82  5.00
      243    194  4.00
      243    283  4.00
      243    301  5.00
      243    360  4.00
      244     21  2.00
      244     36  1.00
      244    139  1.00
      244    231  2.00
      244    240  2.00
      244    270  4.00
      244    323  1.00
      244    376  2.00
      245     40  4.00
      245    187  5.00
      245    358  5.00
      246      8  6.00
      246     58  2.00
      246    143  2.00
      246    253  4.00
      246    260  5.00
      246    280  4.00
      246    289  2.00
      246    293  5.00
      246    375  2.00
      246    389  2.00
      247    296  6.00
      248    209  4.00
      248    218  6.00
      249     66  3.00
      249    243  5.00
      249    255  2.00
      249    301  4.00
      249    355  2.00
      249    411  1.00
      250    127  1.00
      250    142  2.00
      250    150  2.00
      250    176  1.00
      250    182  1.00
      250    312  1.00
      250    378  1.00
      250    408  1.00
      250    409  1.00
      250    410  2.00
      251    125  3.00
      251    203  2.00
      251    252  2.00
      251    267  2.00
      251    329  2.00
      251    332  4.00
      251    334  4.00
      251    348  3.00
      251    398  2.00
      251    402  1.00
      252     70  2.00
      252    125  1.00
      252    162  2.00
      252    251  1.00
      252    265  3.00
      252    267  2.00
      252    348  3.00
      252    349  4.00
      252    374  2.00
      252    387  3.00
      253     58  3.00
      253    246  2.00
      254     90  1.00
      254    117  3.00
      254    400  4.00
      256     17  2.00
      256    162  3.00
      256    184  4.00
      256    407  1.00
      257     11  1.00
      257     13  1.00
      257     16  1.00
      257    254  1.00
      257    258  2.00
      257    302  2.00
      257    320  1.00
      257    344  1.00
      257    421  2.00
      258    210  1.00
      258    363  2.00
      260    107  3.00
      260    143  3.00
      260    280  4.00
      260    289  2.00
      260    365  5.00
      260    375  4.00
      261     54  1.00
      261    187  6.00
      261    235  2.00
      261    354  5.00
      261    414  2.00
      262      9  1.00
      262     36  2.00
      262     92  1.00
      262    146  3.00
      262    267  1.00
      262    311  1.00
      263    122  2.00
      263    152  2.00
      263    401  3.00
      264    138  6.00
      264    212  5.00
      264    367  5.00
      264    378  4.00
      265    162  2.00
      265    198  2.00
      265    252  2.00
      265    267  3.00
      265    330  2.00
      265    347  1.00
      265    349  2.00
      265    368  2.00
      265    388  4.00
      265    407  2.00
      266     19  1.00
      266     93  3.00
      266    103  6.00
      266    171  2.00
      266    322  3.00
      266    323  3.00
      266    332  3.00
      266    371  2.00
      267    123  3.00
      267    128  5.00
      267    203  4.00
      267    214  3.00
      267    252  2.00
      267    265  2.00
      267    329  6.00
      267    348  3.00
      267    349  1.00
      268     41  1.00
      268    317  3.00
      268    351  1.00
      269     55  1.00
      269     87  1.00
      269    103  3.00
      269    216  1.00
      269    270  2.00
      269    280  1.00
      270    101  2.00
      270    153  2.00
      270    199  2.00
      270    210  4.00
      270    269  3.00
      270    296  2.00
      270    390  2.00
      271     93  2.00
      271    103  2.00
      271    134  2.00
      271    269  2.00
      271    278  4.00
      271    322  1.00
      271    396  2.00
      272    117  2.00
      273     15  1.00
      273     60  1.00
      273    188  2.00
      273    321  5.00
      273    330  3.00
      274    162  4.00
      275     86  4.00
      275     87  6.00
      275    171  3.00
      275    235  4.00
      275    322  2.00
      275    343  4.00
      275    386  4.00
      276     77  1.00
      276     82  4.00
      276    165  1.00
      276    179  1.00
      276    301  1.00
      276    312  1.00
      276    353  1.00
      276    354  1.00
      276    362  6.00
      276    408  1.00
      277      6  2.00
      277     19  2.00
      277     27  2.00
      277     78  3.00
      277    119  4.00
      277    163  4.00
      277    238  2.00
      280      8  2.00
      280     58  3.00
      280     96  1.00
      280    107  2.00
      280    143  3.00
      280    149  2.00
      280    246  3.00
      280    253  4.00
      280    289  2.00
      280    375  6.00
      281     37  5.00
      281    357  2.00
      281    366  3.00
      282      8  2.00
      282     48  2.00
      282     79  2.00
      282     83  2.00
      282     96  2.00
      282    149  2.00
      282    158  2.00
      282    190  2.00
      282    359  2.00
      283    108  3.00
      283    118  3.00
      283    171  3.00
      283    194  5.00
      283    243  3.00
      283    301  4.00
      283    354  2.00
      283    360  6.00
      284    134  3.00
      284    217  3.00
      284    224  3.00
      284    344  5.00
      284    399  3.00
      285    252  2.00
      285    267  1.00
      285    319  1.00
      285    334  1.00
      285    348  2.00
      285    349  1.00
      286    205  5.00
      286    229  3.00
      286    423  4.00
      287     31  2.00
      287     48  1.00
      287     65  3.00
      287     96  6.00
      287    152  2.00
      287    174  3.00
      287    183  1.00
      287    186  4.00
      288     38  1.00
      288    135  1.00
      289    143  1.00
      289    158  6.00
      289    260  1.00
      289    280  3.00
      289    375  1.00
      291     36  2.00
      291    123  2.00
      291    251  2.00
      291    252  2.00
      291    265  2.00
      291    267  2.00
      291    334  2.00
      291    348  2.00
      291    349  2.00
      291    387  2.00
      292     36  6.00
      292    159  6.00
      292    205  6.00
      292    229  6.00
      292    241  6.00
      292    420  6.00
      292    423  6.00
      293    182  3.00
      293    211  1.00
      293    248  2.00
      293    354  1.00
      293    390  1.00
      293    414  2.00
      295    127  6.00
      295    161  5.00
      295    176  3.00
      295    299  5.00
      296    153  3.00
      296    199  2.00
      296    247  5.00
      296    390  1.00
      297      6  3.00
      297     57  2.00
      297    175  2.00
      297    201  4.00
      297    370  3.00
      298     35  1.00
      298     67  2.00
      298     72  2.00
      299    138  2.00
      299    141  4.00
      299    161  5.00
      299    176  3.00
      299    179  2.00
      299    211  1.00
      299    232  3.00
      299    295  5.00
      300     84  3.00
      300    154  3.00
      301     32  4.00
      301     59  3.00
      301    129  4.00
      301    165  3.00
      301    242  1.00
      301    243  6.00
      301    353  2.00
      301    360  5.00
      301    408  1.00
      302     23  5.00
      302     96  6.00
      302    140  6.00
      302    228  2.00
      302    230  3.00
      302    235  3.00
      302    243  2.00
      302    369  2.00
      304     41  3.00
      304     60  3.00
      304     65  2.00
      304    180  4.00
      304    234  5.00
      304    377  3.00
      304    388  5.00
      305     10  4.00
      305     44  2.00
      305     65  2.00
      305     89  2.00
      305    152  2.00
      305    171  2.00
      305    223  2.00
      305    236  2.00
      306     47  2.00
      306    138  2.00
      306    155  1.00
      306    236  1.00
      306    264  2.00
      306    307  2.00
      307     88  3.00
      307    196  4.00
      307    237  3.00
      307    318  3.00
      307    395  4.00
      309      5  3.00
      309     46  2.00
      309     47  2.00
      309     65  2.00
      309    223  4.00
      309    236  3.00
      309    279  1.00
      309    324  1.00
      309    378  1.00
      311    147  1.00
      311    148  1.00
      311    392  1.00
      312    150  2.00
      312    362  3.00
      314     77  3.00
      314     79  6.00
      314    149  6.00
      314    399  3.00
      314    418  6.00
      315     70  1.00
      315     88  3.00
      315    136  2.00
      315    177  1.00
      315    310  1.00
      315    367  2.00
      316     11  5.00
      316     26  2.00
      316    109  2.00
      317    133  6.00
      317    268  3.00
      318     81  4.00
      318    141  6.00
      318    307  6.00
      319    180  1.00
      319    252  3.00
      319    321  1.00
      319    348  1.00
      319    349  1.00
      321     35  2.00
      321     43  2.00
      321    126  2.00
      321    145  2.00
      321    273  5.00
      321    319  2.00
      321    402  1.00
      322     93  6.00
      322    103  3.00
      322    210  3.00
      322    216  1.00
      322    271  5.00
      322    275  2.00
      322    343  4.00
      323     50  2.00
      323    103  2.00
      323    162  2.00
      323    269  2.00
      323    392  2.00
      323    396  1.00
      324     10  3.00
      324     24  1.00
      324     65  2.00
      324    115  3.00
      324    152  3.00
      324    223  2.00
      324    236  3.00
      324    264  1.00
      324    309  2.00
      324    394  4.00
      325     20  5.00
      325     25  4.00
      325    105  6.00
      325    194  4.00
      325    210  4.00
      325    269  5.00
      325    338  4.00
      326     29  6.00
      326    185  6.00
      326    212  1.00
      326    378  1.00
      327     38  3.00
      327     66  2.00
      327    132  2.00
      327    202  4.00
      327    255  2.00
      327    355  3.00
      327    406  2.00
      328    204  2.00
      329     21  1.00
      329     69  1.00
      329    195  1.00
      329    203  3.00
      329    214  3.00
      329    252  1.00
      329    267  6.00
      329    332  1.00
      329    348  1.00
      329    349  1.00
      330     60  2.00
      330    144  2.00
      330    188  4.00
      330    265  3.00
      330    348  2.00
      330    351  2.00
      331    196  1.00
      331    395  3.00
      332     82  4.00
      332    103  4.00
      332    213  3.00
      332    233  3.00
      332    243  5.00
      332    252  3.00
      332    255  2.00
      332    364  4.00
      333     83  3.00
      334      3  1.00
      334    120  1.00
      334    123  5.00
      334    126  1.00
      334    251  6.00
      334    252  1.00
      334    267  3.00
      334    285  1.00
      334    332  3.00
      334    348  6.00
      335    144  3.00
      335    162  4.00
      335    240  5.00
      335    323  1.00
      335    328  4.00
      335    374  2.00
      335    387  4.00
      335    407  2.00
      335    417  4.00
      337    206  1.00
      337    225  2.00
      337    407  1.00
      337    414  1.00
      337    415  2.00
      337    421  5.00
      338    135  2.00
      338    181  3.00
      338    192  2.00
      338    325  5.00
      338    357  2.00
      338    360  2.00
      339      9  1.00
      339     69  1.00
      339    145  1.00
      339    147  1.00
      339    204  1.00
      339    217  1.00
      339    336  1.00
      339    388  1.00
      340     91  2.00
      340    104  3.00
      340    283  1.00
      340    399  2.00
      341     16  2.00
      341    115  3.00
      341    124  3.00
      341    185  3.00
      341    378  3.00
      342     31  4.00
      342    141  3.00
      343      7  5.00
      343     59  5.00
      343     86  2.00
      343     87  3.00
      343     93  3.00
      343    171  2.00
      343    235  3.00
      343    269  2.00
      343    275  4.00
      344      6  3.00
      344     45  3.00
      344     90  4.00
      344    155  3.00
      344    198  2.00
      344    224  3.00
      344    284  4.00
      344    383  3.00
      344    400  4.00
      345     64  2.00
      345    175  2.00
      345    297  2.00
      345    404  6.00
      346    127  3.00
      347     21  1.00
      347     36  1.00
      347    128  2.00
      347    229  1.00
      347    231  3.00
      347    240  2.00
      347    345  2.00
      348    123  1.00
      348    130  1.00
      348    251  1.00
      348    252  2.00
      348    267  1.00
      348    285  1.00
      348    334  3.00
      348    349  1.00
      348    374  1.00
      348    387  1.00
      349    423  2.00
      351     17  2.00
      351    132  2.00
      351    180  2.00
      351    184  2.00
      351    193  2.00
      351    256  2.00
      351    308  2.00
      351    337  2.00
      351    402  2.00
      352    107  2.00
      352    134  3.00
      352    176  3.00
      352    238  4.00
      352    277  2.00
      353     49  4.00
      353     59  5.00
      353    104  6.00
      353    187  2.00
      353    215  3.00
      353    242  4.00
      353    283  2.00
      353    354  2.00
      353    370  3.00
      354     87  2.00
      354    165  3.00
      354    218  5.00
      354    261  4.00
      355     66  3.00
      355    194  6.00
      355    197  3.00
      355    255  2.00
      355    283  2.00
      355    327  4.00
      355    360  6.00
      356    112  2.00
      356    136  2.00
      356    200  1.00
      356    315  1.00
      357    192  1.00
      357    261  3.00
      357    310  5.00
      357    338  2.00
      357    386  2.00
      359     77  4.00
      359     95  1.00
      359    365  2.00
      359    401  5.00
      360    194  6.00
      360    202  5.00
      360    243  6.00
      360    283  5.00
      360    301  6.00
      361     77  3.00
      361     97  6.00
      361    168  6.00
      362    161  1.00
      362    165  1.00
      362    182  1.00
      362    276  4.00
      362    312  2.00
      362    354  2.00
      364    224  1.00
      364    284  5.00
      364    332  4.00
      364    344  4.00
      364    383  5.00
      365      1  3.00
      365     52  3.00
      365     81  2.00
      365    106  6.00
      365    153  2.00
      365    260  4.00
      365    372  2.00
      365    389  2.00
      367     16  5.00
      367    138  3.00
      367    185  4.00
      367    212  6.00
      367    226  3.00
      367    264  4.00
      367    378  4.00
      368    197  3.00
      369     61  1.00
      369     83  1.00
      369    208  1.00
      369    225  3.00
      369    228  6.00
      369    235  1.00
      369    283  1.00
      369    302  1.00
      369    314  1.00
      369    381  1.00
      370     16  2.00
      370    155  2.00
      370    187  2.00
      370    208  1.00
      370    212  2.00
      370    236  2.00
      370    353  4.00
      370    354  1.00
      370    414  1.00
      371     87  3.00
      371    103  4.00
      371    171  6.00
      371    269  1.00
      371    275  4.00
      372      1  1.00
      372    152  2.00
      372    280  1.00
      372    365  1.00
      372    369  1.00
      373     66  1.00
      373    132  1.00
      373    181  4.00
      373    197  4.00
      373    411  2.00
      374     36  5.00
      374    252  3.00
      374    387  2.00
      375      8  3.00
      375     58  1.00
      375    246  3.00
      375    253  2.00
      375    260  2.00
      375    280  4.00
      375    289  1.00
      376    139  3.00
      376    217  1.00
      376    273  1.00
      376    387  3.00
      377    121  5.00
      377    174  1.00
      377    200  1.00
      377    223  1.00
      377    236  2.00
      377    237  3.00
      377    397  5.00
      378     16  4.00
      378     24  1.00
      378     47  1.00
      378    138  3.00
      378    185  6.00
      378    212  5.00
      378    220  1.00
      378    226  1.00
      378    264  3.00
      379     47  1.00
      379     54  4.00
      379     99  1.00
      379    187  3.00
      380     93  1.00
      380    187  2.00
      380    208  2.00
      380    261  2.00
      380    310  1.00
      380    357  1.00
      380    386  3.00
      381     77  4.00
      381     83  4.00
      381     94  6.00
      381    148  4.00
      381    228  4.00
      381    235  3.00
      382     95  5.00
      382     97  4.00
      382    131  5.00
      382    235  4.00
      382    403  2.00
      383      6  3.00
      383    224  4.00
      383    258  1.00
      383    277  1.00
      383    284  3.00
      383    344  5.00
      383    364  5.00
      384     39  3.00
      384     48  1.00
      384     71  3.00
      384     79  1.00
      384    159  3.00
      384    219  1.00
      384    230  1.00
      384    235  3.00
      384    382  1.00
      384    421  1.00
      386     77  5.00
      386     87  4.00
      386     93  4.00
      386     94  4.00
      386     99  3.00
      386    275  4.00
      386    310  3.00
      386    343  3.00
      386    380  3.00
      387     36  2.00
      387    107  3.00
      387    211  3.00
      387    229  2.00
      387    240  2.00
      387    252  3.00
      387    265  3.00
      387    274  2.00
      387    349  3.00
      387    374  2.00
      388      9  3.00
      388     14  2.00
      388     15  3.00
      388     60  3.00
      388    109  5.00
      388    148  3.00
      388    234  3.00
      388    304  5.00
      389      8  1.00
      389     52  1.00
      389     58  3.00
      389    106  2.00
      389    246  3.00
      389    260  1.00
      389    280  3.00
      389    289  2.00
      389    375  4.00
      390    199  3.00
      390    211  5.00
      391     41  1.00
      391    385  1.00
      392     93  2.00
      392    200  3.00
      392    237  3.00
      392    322  2.00
      392    393  2.00
      394     20  4.00
      394    134  4.00
      394    212  5.00
      394    213  3.00
      394    223  3.00
      394    299  5.00
      394    306  3.00
      394    324  5.00
      395     88  3.00
      395    171  1.00
      395    196  6.00
      395    307  6.00
      395    331  4.00
      396     77  2.00
      396     93  1.00
      396    103  5.00
      396    104  2.00
      396    138  3.00
      396    271  2.00
      396    278  3.00
      396    332  3.00
      396    418  2.00
      397    121  3.00
      397    174  2.00
      397    200  4.00
      397    236  2.00
      397    237  5.00
      397    261  1.00
      397    377  5.00
      397    393  1.00
      398     15  2.00
      398     60  2.00
      398    148  2.00
      398    160  2.00
      398    184  2.00
      398    249  2.00
      398    251  2.00
      398    347  2.00
      398    351  2.00
      398    373  2.00
      399     77  5.00
      399     79  4.00
      399     94  3.00
      399    103  4.00
      399    104  2.00
      399    149  5.00
      399    165  3.00
      399    283  3.00
      399    401  6.00
      400      6  3.00
      400    110  1.00
      400    117  1.00
      400    224  1.00
      400    254  5.00
      400    269  1.00
      400    272  1.00
      402    130  2.00
      402    184  4.00
      402    229  1.00
      402    231  4.00
      402    240  2.00
      402    374  2.00
      402    416  1.00
      402    422  1.00
      403     95  2.00
      403     97  1.00
      403    131  1.00
      403    235  2.00
      403    382  3.00
      404     63  3.00
      404    128  3.00
      404    336  3.00
      404    345  6.00
      404    347  3.00
      405     38  4.00
      405     45  3.00
      405    129  1.00
      405    132  3.00
      405    192  5.00
      405    413  3.00
      406     66  2.00
      406    132  3.00
      406    283  2.00
      407     46  4.00
      407     70  6.00
      407    162  6.00
      407    379  4.00
      408    215  2.00
      408    218  2.00
      408    232  5.00
      408    312  2.00
      409    127  2.00
      409    153  4.00
      409    161  1.00
      409    171  2.00
      409    211  3.00
      409    299  1.00
      410     80  2.00
      410    205  1.00
      410    232  3.00
      410    250  3.00
      411     66  5.00
      411    129  1.00
      411    132  4.00
      411    181  4.00
      411    243  1.00
      411    406  1.00
      412     38  6.00
      412     55  6.00
      412    129  5.00
      412    131  5.00
      412    269  6.00
      412    283  6.00
      413     45  3.00
      413    132  1.00
      413    192  3.00
      413    405  3.00
      414    187  4.00
      414    208  3.00
      414    225  3.00
      414    261  2.00
      415     54  6.00
      415    120  2.00
      415    167  4.00
      415    180  2.00
      415    195  3.00
      415    337  1.00
      415    414  6.00
      416     60  1.00
      416    130  1.00
      416    215  1.00
      416    268  1.00
      416    312  1.00
      416    402  1.00
      416    417  1.00
      416    422  4.00
      417     36  1.00
      417    231  1.00
      417    240  1.00
      417    374  1.00
      419     23  1.00
      419    113  1.00
      419    140  5.00
      420     17  1.00
      420    184  1.00
      420    188  1.00
      420    217  1.00
      420    256  1.00
      421    175  1.00
      421    187  1.00
      421    208  1.00
      421    261  2.00
      421    337  5.00
      421    380  1.00
      421    414  4.00
      422    102  1.00
      422    130  1.00
      422    156  1.00
      422    206  1.00
      422    231  1.00
      422    268  1.00
      422    374  1.00
      422    402  1.00
      422    416  3.00
      422    420  1.00
      423     43  2.00
      423     66  1.00
      423    120  1.00
      424    486  2.00
      424    657  1.00
      425    270  2.00
      425    561  4.00
      425    702  4.00
      425    826  4.00
      427    575  6.00
      427    657  2.00
      427    802  2.00
      427    830  5.00
      427    834  3.00
      427    855  2.00
      428    468  2.00
      428    525  1.00
      428    536  1.00
      428    652  1.00
      428    699  1.00
      428    800  3.00
      429    620  4.00
      429    637  3.00
      429    719  3.00
      430    426  1.00
      430    432  3.00
      430    867  3.00
      432    573  4.00
      432    836  4.00
      432    867  5.00
      433    728  4.00
      433    800  5.00
      433    828  4.00
      433    830  4.00
      434    445  2.00
      434    506  5.00
      434    543  6.00
      434    678  3.00
      434    728  4.00
      434    781  6.00
      434    860  4.00
      434    872  3.00
      435    606  1.00
      435    635  3.00
      435    755  1.00
      435    810  1.00
      436    450  1.00
      436    469  1.00
      436    471  1.00
      436    489  2.00
      436    648  1.00
      437    538  4.00
      437    583  4.00
      437    717  2.00
      437    793  3.00
      438    432  3.00
      438    433  4.00
      438    585  2.00
      438    622  3.00
      438    800  5.00
      439    479  2.00
      439    492  1.00
      439    519  2.00
      439    551  3.00
      439    579  1.00
      439    704  1.00
      439    708  3.00
      439    741  1.00
      440    576  2.00
      440    768  2.00
      441    433  2.00
      441    474  2.00
      441    479  2.00
      443    682  2.00
      443    790  2.00
      444    574  1.00
      444    643  1.00
      444    717  1.00
      444    721  1.00
      444    809  1.00
      445    433  1.00
      445    434  2.00
      445    630  3.00
      445    675  4.00
      445    708  3.00
      445    728  1.00
      445    751  2.00
      445    769  1.00
      446    434  4.00
      446    506  4.00
      446    509  5.00
      446    541  3.00
      446    781  5.00
      446    819  4.00
      446    823  3.00
      446    829  4.00
      446    872  5.00
      447     50  1.00
      448    477  2.00
      448    480  3.00
      448    562  2.00
      448    574  1.00
      448    643  2.00
      448    695  6.00
      450    436  2.00
      450    600  3.00
      450    727  2.00
      450    761  2.00
      451    514  3.00
      451    538  4.00
      451    793  4.00
      451    813  2.00
      452    469  1.00
      452    490  4.00
      452    553  1.00
      452    598  1.00
      452    813  2.00
      452    815  1.00
      452    824  2.00
      453    544  3.00
      453    670  1.00
      453    768  2.00
      454    475  5.00
      454    656  2.00
      454    688  4.00
      456    596  3.00
      457    527  3.00
      457    713  2.00
      457    760  4.00
      457    792  3.00
      458    731  2.00
      458    789  2.00
      458    863  2.00
      459    593  3.00
      460    626  2.00
      460    832  5.00
      462    513  2.00
      462    597  3.00
      462    826  4.00
      464    427  1.00
      464    486  2.00
      464    834  3.00
      464    865  3.00
      465    486  3.00
      467    755  2.00
      467    798  1.00
      467    864  1.00
      468    428  2.00
      468    438  3.00
      468    465  2.00
      468    466  1.00
      468    474  4.00
      468    486  1.00
      468    814  1.00
      468    834  1.00
      469    452  1.00
      469    487  2.00
      469    489  3.00
      469    601  2.00
      469    648  2.00
      469    858  2.00
      470    552  3.00
      470    846  1.00
      471    436  3.00
      471    469  3.00
      471    489  3.00
      471    648  6.00
      472    438  1.00
      472    439  1.00
      472    588  1.00
      473    582  2.00
      473    610  2.00
      474    441  3.00
      474    465  1.00
      474    468  2.00
      474    720  1.00
      474    744  1.00
      474    800  1.00
      475    454  4.00
      475    610  1.00
      475    671  2.00
      476    529  6.00
      476    587  1.00
      476    630  1.00
      476    670  1.00
      476    675  2.00
      476    708  4.00
      476    741  4.00
      477    448  3.00
      477    480  6.00
      477    643  4.00
      477    695  3.00
      477    702  6.00
      477    730  6.00
      477    826  5.00
      478    545  1.00
      478    577  1.00
      478    634  1.00
      479    439  3.00
      480    448  5.00
      480    477  6.00
      480    511  4.00
      480    643  5.00
      480    695  5.00
      480    730  4.00
      480    801  5.00
      480    826  5.00
      482    495  1.00
      482    719  4.00
      482    761  3.00
      482    793  3.00
      482    853  2.00
      482    876  2.00
      483    580  1.00
      483    715  5.00
      483    755  3.00
      483    759  1.00
      483    762  1.00
      483    854  2.00
      483    863  1.00
      484    456  1.00
      484    459  2.00
      484    596  1.00
      485    488  3.00
      486    424  3.00
      486    834  1.00
      486    865  3.00
      487    437  3.00
      490    452  5.00
      490    535  3.00
      490    565  3.00
      490    598  2.00
      490    829  1.00
      490    840  1.00
      492    486  2.00
      492    814  2.00
      492    865  2.00
      493    580  3.00
      493    602  2.00
      493    608  2.00
      493    649  1.00
      493    746  3.00
      493    778  2.00
      493    862  1.00
      494    458  1.00
      494    522  2.00
      494    625  2.00
      494    645  2.00
      494    761  1.00
      494    764  1.00
      495    632  2.00
      496    452  2.00
      496    490  2.00
      496    769  2.00
      497    597  1.00
      497    637  1.00
      497    681  3.00
      497    713  2.00
      497    754  2.00
      497    773  5.00
      497    792  2.00
      497    851  1.00
      498    499  5.00
      498    532  5.00
      498    592  6.00
      498    621  2.00
      498    632  5.00
      498    672  5.00
      498    683  5.00
      498    693  5.00
      498    700  5.00
      498    762  5.00
      499    442  1.00
      499    495  1.00
      499    498  1.00
      499    532  1.00
      499    606  1.00
      499    672  1.00
      499    762  1.00
      499    808  1.00
      499    875  2.00
      500    788  1.00
      500    820  6.00
      501    440  1.00
      501    504  1.00
      501    767  1.00
      501    804  1.00
      501    854  2.00
      503    657  5.00
      503    723  6.00
      503    778  2.00
      503    790  3.00
      504    483  2.00
      504    615  2.00
      504    654  2.00
      504    698  2.00
      504    745  2.00
      504    764  2.00
      504    771  2.00
      505    729  2.00
      506    434  6.00
      506    543  1.00
      506    611  2.00
      506    640  2.00
      506    673  2.00
      506    678  2.00
      506    781  4.00
      506    860  5.00
      506    872  2.00
      507    453  1.00
      507    486  2.00
      507    544  1.00
      507    551  2.00
      507    629  1.00
      507    637  1.00
      507    670  1.00
      507    699  1.00
      507    842  2.00
      508    502  1.00
      508    514  3.00
      508    598  3.00
      508    761  1.00
      508    838  1.00
      508    849  1.00
      508    874  2.00
      509    181  1.00
      509    441  4.00
      509    536  1.00
      509    670  1.00
      509    819  5.00
      510    433  2.00
      510    445  4.00
      510    571  2.00
      510    630  2.00
      510    675  5.00
      510    772  2.00
      510    814  2.00
      511    670  6.00
      511    702  6.00
      511    826  5.00
      513    527  5.00
      513    842  2.00
      514    451  6.00
      514    458  1.00
      514    542  1.00
      514    709  2.00
      514    764  1.00
      514    793  6.00
      515    797  5.00
      516    435  2.00
      516    667  2.00
      516    684  4.00
      516    816  1.00
      519    439  3.00
      519    608  1.00
      520    621  1.00
      520    698  1.00
      520    707  1.00
      520    858  1.00
      521    810  2.00
      522    759  4.00
      522    760  4.00
      522    767  1.00
      522    789  2.00
      523    522  4.00
      523    613  2.00
      523    628  3.00
      523    759  2.00
      523    767  3.00
      524    773  2.00
      525    428  1.00
      525    551  1.00
      525    594  1.00
      527    470  1.00
      527    713  4.00
      528    470  2.00
      528    608  2.00
      528    642  1.00
      528    712  1.00
      528    734  1.00
      528    777  1.00
      528    840  4.00
      528    851  1.00
      529    476  6.00
      529    741  4.00
      530    740  1.00
      530    795  1.00
      530    804  1.00
      531    613  3.00
      531    756  4.00
      531    759  2.00
      531    863  5.00
      532    499  2.00
      532    592  2.00
      532    672  5.00
      532    683  1.00
      532    761  1.00
      532    762  4.00
      532    858  1.00
      533    753  1.00
      533    871  1.00
      534    539  1.00
      534    573  1.00
      534    601  1.00
      534    609  1.00
      535    490  4.00
      535    546  4.00
      535    598  3.00
      535    724  2.00
      535    780  4.00
      535    815  1.00
      535    822  1.00
      536    428  1.00
      536    433  3.00
      536    506  1.00
      536    509  3.00
      536    708  1.00
      536    781  3.00
      536    800  1.00
      537    592  2.00
      538    437  3.00
      538    451  5.00
      538    673  4.00
      538    724  3.00
      538    793  5.00
      538    829  4.00
      538    860  2.00
      538    872  3.00
      539    764  1.00
      540    563  3.00
      540    669  4.00
      540    692  2.00
      540    709  2.00
      540    843  2.00
      541    446  4.00
      541    457  1.00
      541    462  1.00
      541    670  3.00
      541    730  4.00
      541    807  5.00
      541    819  5.00
      541    826  1.00
      542    578  3.00
      542    600  2.00
      542    709  2.00
      542    735  2.00
      542    817  2.00
      543    781  5.00
      543    823  3.00
      543    860  2.00
      544    453  5.00
      544    462  1.00
      544    611  1.00
      544    670  3.00
      544    807  4.00
      544    826  3.00
      544    860  2.00
      545    743  3.00
      545    783  4.00
      545    784  4.00
      546    452  1.00
      546    535  3.00
      546    553  1.00
      546    598  2.00
      546    724  2.00
      546    780  4.00
      546    822  1.00
      547    461  1.00
      547    511  1.00
      547    513  3.00
      547    670  2.00
      547    677  1.00
      547    702  1.00
      547    730  1.00
      547    790  2.00
      548    559  1.00
      548    581  2.00
      548    598  1.00
      548    733  2.00
      548    863  1.00
      549    487  2.00
      550    593  2.00
      551    439  3.00
      551    525  2.00
      551    565  1.00
      552    470  5.00
      552    674  2.00
      553    490  1.00
      553    546  1.00
      553    613  2.00
      556    506  1.00
      556    561  1.00
      556    661  1.00
      556    673  3.00
      556    730  5.00
      556    860  1.00
      556    872  2.00
      557    687  1.00
      561    461  2.00
      561    661  5.00
      561    670  2.00
      561    677  4.00
      561    872  3.00
      563    738  1.00
      563    798  5.00
      563    824  6.00
      564    613  1.00
      564    665  1.00
      564    840  2.00
      565    452  2.00
      565    490  2.00
      565    540  2.00
      565    551  1.00
      565    563  1.00
      567    493  2.00
      567    576  1.00
      567    580  2.00
      567    602  2.00
      567    603  1.00
      567    734  1.00
      567    746  3.00
      567    777  1.00
      567    851  1.00
      567    859  2.00
      568    620  3.00
      569    665  2.00
      569    668  3.00
      570    497  1.00
      570    602  6.00
      570    647  5.00
      570    851  1.00
      571    510  2.00
      571    543  3.00
      571    696  6.00
      571    781  4.00
      572    502  1.00
      572    600  2.00
      572    858  2.00
      573    502  4.00
      573    589  1.00
      573    735  1.00
      574    477  2.00
      574    591  1.00
      574    643  2.00
      574    716  2.00
      575    427  4.00
      575    433  1.00
      575    468  1.00
      575    631  1.00
      575    652  4.00
      575    830  4.00
      576    440  2.00
      576    602  1.00
      576    712  1.00
      576    734  1.00
      576    851  1.00
      577    478  4.00
      578    538  1.00
      578    542  4.00
      578    626  1.00
      578    645  1.00
      578    671  2.00
      578    709  1.00
      578    735  3.00
      578    780  1.00
      578    810  3.00
      578    813  3.00
      579    445  1.00
      579    614  2.00
      579    630  1.00
      579    720  4.00
      579    860  1.00
      580    493  3.00
      580    608  4.00
      580    746  2.00
      580    869  1.00
      581    548  5.00
      582    473  1.00
      582    610  2.00
      582    736  1.00
      583    437  5.00
      583    538  5.00
      583    638  4.00
      583    793  4.00
      583    829  3.00
      584    457  6.00
      584    765  6.00
      584    792  6.00
      584    825  6.00
      584    851  2.00
      584    862  2.00
      585    632  3.00
      585    809  2.00
      587    506  1.00
      587    543  1.00
      587    661  1.00
      587    673  4.00
      587    678  3.00
      587    730  5.00
      587    778  3.00
      587    814  2.00
      588    622  6.00
      589    583  3.00
      589    636  1.00
      589    638  3.00
      589    735  1.00
      591    632  4.00
      591    658  5.00
      591    841  3.00
      593    848  1.00
      594    525  3.00
      594    536  1.00
      594    704  1.00
      594    844  1.00
      596    556  1.00
      596    593  1.00
      596    848  1.00
      597    462  3.00
      597    642  1.00
      597    734  1.00
      597    765  1.00
      597    792  1.00
      597    826  1.00
      597    851  1.00
      597    862  1.00
      598    538  3.00
      598    546  2.00
      598    780  2.00
      598    829  2.00
      599    460  2.00
      600    437  3.00
      600    455  3.00
      600    508  6.00
      600    817  3.00
      601    450  3.00
      601    489  2.00
      601    540  2.00
      601    648  4.00
      601    818  2.00
      602    440  4.00
      602    649  2.00
      602    760  2.00
      602    778  2.00
      603    458  1.00
      603    826  1.00
      604    831  5.00
      605    448  1.00
      605    695  1.00
      606    435  3.00
      606    447  3.00
      606    498  3.00
      606    655  5.00
      606    694  2.00
      606    774  2.00
      607    737  6.00
      608    413  4.00
      608    470  3.00
      608    580  4.00
      609    496  3.00
      609    711  2.00
      609    739  6.00
      610    473  2.00
      610    582  4.00
      610    613  1.00
      611    681  6.00
      611    764  2.00
      611    778  1.00
      611    846  1.00
      611    873  1.00
      612    522  1.00
      612    759  1.00
      612    764  2.00
      612    767  1.00
      612    789  1.00
      612    853  1.00
      613    511  6.00
      613    766  6.00
      613    779  1.00
      613    856  4.00
      614    510  2.00
      614    575  4.00
      614    579  3.00
      614    720  1.00
      615    458  1.00
      615    504  1.00
      615    654  1.00
      615    811  1.00
      616    712  4.00
      617    440  1.00
      617    586  1.00
      617    636  1.00
      617    641  1.00
      617    671  1.00
      617    711  1.00
      618    424  2.00
      618    425  2.00
      618    477  2.00
      618    480  2.00
      618    591  2.00
      618    611  3.00
      618    643  2.00
      618    712  2.00
      618    826  2.00
      618    862  2.00
      619    429  4.00
      619    431  1.00
      619    621  3.00
      620    424  2.00
      620    486  2.00
      620    568  4.00
      620    630  4.00
      620    637  6.00
      620    657  2.00
      620    674  1.00
      620    754  1.00
      620    828  4.00
      621    521  1.00
      621    619  3.00
      621    651  3.00
      621    759  1.00
      621    774  2.00
      621    820  3.00
      621    824  1.00
      622    438  2.00
      622    479  1.00
      622    506  1.00
      622    588  4.00
      622    653  5.00
      622    699  1.00
      622    837  1.00
      624    483  1.00
      624    719  1.00
      624    740  1.00
      625    793  2.00
      626    426  5.00
      626    645  2.00
      626    687  2.00
      626    709  3.00
      626    758  3.00
      626    780  2.00
      626    788  3.00
      627    761  1.00
      627    785  2.00
      627    821  4.00
      627    871  2.00
      629    448  1.00
      629    509  1.00
      629    544  1.00
      629    819  1.00
      629    826  1.00
      630     50  2.00
      630    509  5.00
      630    675  3.00
      630    708  5.00
      630    728  5.00
      630    741  3.00
      630    828  3.00
      631    457  1.00
      631    713  1.00
      631    792  1.00
      631    825  1.00
      631    840  1.00
      631    859  1.00
      631    862  1.00
      632    495  2.00
      632    585  2.00
      632    591  3.00
      632    592  2.00
      632    672  2.00
      632    683  1.00
      632    809  2.00
      634    478  1.00
      634    495  1.00
      634    643  2.00
      635    435  1.00
      635    623  2.00
      635    637  5.00
      635    719  5.00
      635    755  4.00
      635    834  4.00
      636    586  4.00
      636    638  2.00
      636    680  3.00
      636    755  1.00
      636    789  1.00
      637    429  3.00
      637    477  1.00
      637    568  1.00
      637    620  6.00
      637    860  3.00
      637    869  1.00
      638    583  6.00
      638    587  2.00
      638    636  2.00
      638    673  3.00
      638    829  3.00
      639    552  1.00
      639    590  1.00
      639    712  1.00
      639    730  1.00
      639    765  1.00
      639    846  1.00
      639    862  1.00
      640    543  4.00
      640    561  1.00
      640    661  3.00
      640    781  4.00
      641    554  3.00
      642    859  5.00
      643    444  1.00
      643    448  1.00
      643    477  2.00
      643    574  2.00
      643    716  1.00
      644    720  5.00
      645    687  4.00
      645    758  1.00
      647    425  1.00
      647    722  1.00
      649    570  6.00
      649    590  2.00
      649    674  1.00
      649    681  4.00
      649    734  1.00
      649    765  2.00
      649    842  2.00
      650    763  1.00
      651    621  4.00
      651    774  1.00
      651    820  4.00
      652    571  1.00
      652    575  5.00
      652    830  1.00
      653    438  1.00
      653    588  3.00
      653    622  4.00
      654    651  1.00
      654    680  3.00
      654    764  3.00
      656    832  5.00
      656    858  1.00
      657    551  3.00
      658    444  2.00
      658    574  5.00
      658    634  3.00
      658    716  2.00
      658    721  2.00
      659    522  2.00
      659    767  1.00
      659    779  1.00
      659    811  1.00
      659    863  1.00
      660    689  2.00
      660    774  2.00
      661    461  2.00
      661    543  2.00
      661    561  2.00
      661    630  2.00
      661    677  2.00
      661    781  2.00
      661    823  2.00
      661    872  2.00
      662    535  1.00
      662    546  1.00
      662    664  4.00
      662    780  1.00
      662    843  4.00
      663    430  2.00
      663    432  2.00
      663    563  2.00
      663    565  2.00
      663    752  2.00
      663    836  2.00
      663    867  2.00
      664    535  1.00
      664    662  4.00
      664    692  1.00
      664    849  1.00
      665    674  5.00
      665    712  1.00
      665    770  4.00
      666    542  1.00
      666    578  3.00
      666    671  3.00
      666    833  2.00
      667    494  2.00
      667    498  1.00
      667    693  1.00
      668    545  1.00
      668    585  1.00
      668    657  1.00
      669    540  4.00
      669    565  3.00
      669    711  5.00
      670    511  5.00
      670    541  4.00
      670    702  6.00
      670    730  4.00
      670    790  2.00
      670    807  6.00
      670    826  3.00
      671    475  2.00
      671    578  5.00
      671    666  3.00
      672    442  1.00
      672    497  1.00
      672    499  4.00
      672    532  5.00
      672    655  1.00
      672    693  2.00
      672    700  1.00
      672    762  4.00
      674    665  4.00
      674    770  4.00
      674    783  2.00
      675    445  6.00
      675    476  2.00
      675    630  3.00
      675    728  1.00
      675    814  4.00
      675    823  2.00
      676    539  2.00
      677    461  6.00
      677    477  2.00
      677    511  6.00
      677    561  4.00
      677    661  5.00
      677    702  5.00
      677    730  2.00
      677    873  3.00
      678    503  2.00
      678    571  2.00
      678    587  2.00
      678    661  2.00
      678    673  2.00
      678    772  3.00
      678    781  2.00
      678    823  2.00
      678    872  2.00
      679    530  1.00
      679    587  2.00
      679    592  2.00
      679    624  1.00
      679    683  2.00
      679    740  2.00
      679    757  1.00
      679    758  2.00
      680    462  2.00
      680    613  2.00
      680    631  5.00
      680    636  3.00
      680    654  3.00
      680    701  2.00
      681    558  1.00
      681    591  1.00
      681    611  5.00
      681    715  1.00
      681    734  1.00
      681    760  1.00
      681    764  1.00
      682    443  3.00
      682    562  3.00
      683    499  1.00
      683    873  1.00
      684    516  6.00
      684    688  5.00
      687    645  2.00
      687    654  1.00
      687    791  3.00
      688    866  4.00
      689    731  4.00
      689    774  3.00
      689    818  1.00
      689    820  3.00
      690    449  5.00
      692    451  1.00
      692    540  1.00
      692    598  1.00
      692    793  1.00
      692    849  6.00
      693    700  5.00
      696    433  1.00
      696    543  2.00
      696    571  5.00
      696    640  5.00
      696    673  4.00
      696    772  2.00
      696    781  5.00
      696    823  5.00
      696    860  1.00
      698    761  2.00
      698    858  4.00
      699    428  3.00
      699    725  1.00
      700    495  2.00
      700    505  2.00
      700    530  1.00
      700    655  2.00
      700    672  2.00
      700    683  2.00
      700    693  2.00
      700    757  2.00
      701    461  1.00
      701    742  1.00
      702    425  1.00
      702    511  4.00
      702    670  4.00
      702    730  2.00
      702    826  4.00
      702    873  1.00
      703    481  1.00
      703    714  1.00
      706    815  2.00
      707    495  2.00
      707    520  1.00
      708    439  2.00
      708    476  1.00
      708    571  1.00
      708    630  3.00
      708    741  1.00
      708    814  1.00
      708    830  1.00
      708    844  3.00
      709    460  1.00
      709    514  1.00
      709    542  3.00
      709    726  2.00
      709    745  1.00
      709    775  1.00
      711    568  3.00
      711    669  4.00
      712    413  2.00
      712    462  1.00
      712    778  1.00
      712    789  4.00
      712    846  2.00
      712    851  2.00
      712    855  1.00
      713    457  5.00
      713    513  4.00
      713    792  6.00
      714    453  1.00
      714    544  1.00
      714    718  1.00
      714    806  1.00
      715    483  1.00
      716    444  1.00
      716    545  1.00
      716    574  1.00
      716    591  1.00
      716    633  1.00
      716    721  1.00
      716    809  1.00
      717    726  3.00
      717    786  3.00
      717    874  4.00
      718    783  1.00
      718    784  1.00
      719    482  4.00
      719    635  5.00
      719    733  4.00
      719    755  6.00
      719    761  3.00
      720    476  1.00
      720    644  6.00
      720    819  1.00
      720    821  1.00
      721    444  3.00
      721    809  4.00
      722    174  3.00
      722    485  1.00
      722    527  2.00
      722    649  1.00
      722    741  2.00
      722    760  1.00
      722    851  1.00
      723    323  4.00
      723    503  5.00
      723    637  3.00
      723    657  3.00
      723    829  2.00
      724    514  3.00
      724    535  2.00
      724    546  3.00
      724    598  2.00
      724    673  2.00
      724    780  6.00
      724    793  3.00
      725    438  3.00
      725    439  3.00
      725    622  2.00
      726    489  2.00
      726    709  1.00
      726    717  2.00
      726    861  3.00
      727    450  2.00
      727    452  1.00
      727    491  2.00
      727    516  1.00
      727    534  1.00
      727    684  1.00
      727    698  1.00
      727    744  2.00
      727    858  1.00
      728    433  3.00
      728    434  2.00
      728    510  2.00
      728    630  3.00
      728    680  3.00
      728    860  3.00
      729    505  2.00
      729    545  1.00
      729    594  1.00
      730    425  3.00
      730    448  3.00
      730    477  5.00
      730    511  6.00
      730    695  3.00
      730    702  4.00
      730    873  4.00
      731    458  5.00
      731    495  2.00
      731    689  5.00
      732    709  1.00
      733    461  1.00
      733    480  1.00
      733    548  3.00
      733    559  3.00
      733    581  3.00
      733    643  3.00
      733    645  2.00
      733    677  2.00
      733    719  4.00
      734    426  1.00
      734    670  2.00
      734    702  3.00
      734    778  1.00
      734    842  1.00
      734    851  1.00
      734    862  1.00
      735    578  3.00
      735    589  2.00
      735    724  6.00
      735    813  2.00
      735    861  3.00
      736    504  2.00
      736    693  2.00
      737    543  2.00
      737    568  3.00
      737    607  6.00
      737    828  3.00
      738    475  3.00
      738    496  3.00
      739    609  4.00
      739    736  2.00
      740    624  1.00
      740    679  3.00
      740    711  1.00
      740    719  3.00
      740    795  3.00
      741    476  4.00
      741    529  4.00
      741    558  3.00
      741    630  5.00
      741    708  1.00
      742    534  2.00
      742    539  2.00
      742    752  3.00
      742    759  1.00
      743    576  1.00
      743    613  1.00
      743    647  1.00
      743    718  1.00
      743    737  1.00
      743    783  3.00
      743    784  3.00
      743    828  1.00
      744    427  2.00
      744    441  1.00
      744    465  1.00
      744    468  1.00
      744    474  1.00
      744    575  2.00
      744    830  3.00
      745    495  2.00
      745    508  3.00
      745    761  4.00
      745    838  2.00
      746    493  6.00
      746    567  1.00
      746    571  1.00
      746    580  3.00
      746    734  1.00
      746    796  2.00
      746    806  1.00
      746    851  1.00
      746    862  1.00
      747    503  1.00
      747    509  1.00
      747    691  1.00
      747    715  1.00
      747    790  1.00
      747    860  1.00
      750    521  1.00
      750    523  1.00
      750    563  2.00
      750    613  1.00
      750    659  1.00
      750    761  1.00
      750    831  1.00
      750    833  1.00
      750    858  2.00
      751    630  1.00
      751    708  1.00
      751    814  1.00
      753    533  2.00
      753    548  2.00
      754    497  3.00
      755    636  4.00
      755    719  5.00
      755    853  2.00
      757    625  2.00
      757    875  3.00
      758    460  1.00
      758    581  1.00
      758    645  1.00
      758    667  1.00
      758    687  3.00
      758    709  2.00
      758    771  1.00
      759    522  1.00
      759    531  1.00
      759    628  1.00
      759    764  1.00
      759    779  1.00
      759    863  1.00
      760    522  2.00
      760    552  1.00
      760    642  1.00
      761    482  3.00
      761    487  2.00
      761    563  1.00
      761    719  3.00
      761    745  2.00
      761    861  1.00
      762    499  4.00
      762    683  3.00
      762    693  4.00
      762    700  4.00
      763    650  1.00
      764    628  3.00
      764    759  6.00
      764    760  3.00
      764    767  3.00
      765    584  3.00
      765    639  4.00
      765    792  2.00
      765    834  3.00
      766    553  2.00
      766    613  4.00
      766    686  1.00
      766    863  1.00
      767    155  1.00
      768    453  4.00
      768    754  1.00
      769    536  4.00
      769    571  5.00
      769    675  5.00
      769    696  5.00
      769    781  6.00
      769    823  5.00
      769    844  6.00
      769    872  6.00
      770    485  3.00
      770    665  3.00
      770    674  2.00
      770    712  1.00
      770    846  3.00
      771    458  1.00
      771    522  2.00
      771    759  1.00
      771    764  1.00
      771    854  1.00
      771    863  1.00
      772    673  1.00
      772    678  2.00
      772    696  2.00
      772    769  2.00
      772    781  4.00
      772    814  1.00
      772    823  3.00
      772    826  1.00
      772    872  4.00
      773    497  6.00
      773    555  1.00
      773    611  2.00
      773    754  2.00
      774    660  2.00
      774    689  2.00
      774    820  3.00
      775    583  1.00
      775    761  4.00
      775    861  3.00
      776    870  4.00
      777    576  1.00
      777    862  1.00
      778    470  2.00
      778    611  1.00
      778    712  1.00
      778    734  1.00
      778    796  1.00
      778    825  1.00
      778    846  1.00
      778    862  1.00
      779    522  1.00
      779    628  1.00
      779    759  1.00
      779    764  1.00
      780    535  5.00
      780    546  3.00
      780    586  2.00
      780    673  2.00
      780    724  5.00
      780    744  3.00
      781    543  5.00
      781    571  4.00
      781    640  5.00
      781    673  6.00
      781    696  5.00
      781    769  1.00
      781    823  6.00
      781    872  6.00
      783    462  1.00
      783    674  1.00
      783    718  2.00
      783    784  3.00
      786    549  1.00
      786    621  1.00
      786    717  3.00
      786    836  3.00
      786    867  3.00
      787    635  1.00
      787    685  2.00
      787    687  1.00
      788    482  2.00
      788    554  5.00
      788    641  4.00
      788    655  3.00
      788    757  2.00
      790    443  2.00
      790    547  3.00
      790    670  3.00
      790    747  5.00
      790    754  2.00
      791    495  1.00
      791    645  1.00
      791    687  6.00
      791    707  3.00
      791    756  1.00
      791    838  1.00
      791    858  1.00
      792    457  4.00
      792    713  3.00
      792    825  2.00
      792    840  2.00
      793    451  6.00
      793    514  6.00
      793    538  6.00
      793    673  3.00
      794    796  4.00
      796    493  1.00
      796    649  1.00
      796    746  1.00
      796    794  1.00
      797    515  5.00
      797    633  1.00
      797    812  1.00
      798    436  3.00
      798    534  2.00
      798    563  6.00
      800    428  4.00
      801    480  2.00
      804    530  2.00
      804    677  1.00
      804    835  1.00
      805    759  1.00
      805    779  1.00
      805    833  2.00
      806    453  5.00
      806    506  1.00
      806    543  1.00
      806    571  1.00
      806    611  1.00
      806    652  1.00
      806    678  6.00
      806    714  2.00
      806    772  1.00
      806    821  2.00
      807    511  1.00
      807    541  4.00
      807    544  4.00
      807    670  5.00
      807    702  1.00
      807    819  4.00
      807    826  2.00
      808    436  1.00
      808    450  2.00
      808    499  2.00
      808    526  2.00
      808    817  2.00
      809    495  2.00
      809    632  3.00
      809    643  2.00
      809    683  2.00
      809    720  2.00
      809    762  2.00
      810    521  4.00
      810    635  1.00
      810    670  3.00
      810    706  2.00
      810    826  3.00
      810    849  1.00
      811    522  1.00
      811    789  3.00
      811    859  2.00
      812    633  4.00
      813    451  5.00
      813    514  2.00
      813    542  4.00
      813    578  3.00
      813    735  3.00
      813    822  1.00
      813    874  3.00
      814    433  3.00
      814    445  2.00
      814    510  4.00
      814    587  1.00
      814    675  5.00
      814    728  1.00
      814    751  3.00
      814    772  1.00
      815    535  1.00
      815    706  4.00
      815    745  1.00
      815    761  1.00
      815    822  1.00
      817    455  4.00
      817    685  4.00
      817    808  3.00
      817    847  4.00
      818    689  2.00
      818    693  2.00
      818    762  2.00
      818    774  2.00
      818    845  2.00
      820    621  1.00
      820    651  2.00
      820    689  1.00
      820    774  2.00
      822    535  4.00
      822    539  1.00
      822    546  3.00
      822    553  1.00
      822    598  1.00
      822    813  1.00
      822    815  2.00
      823    450  5.00
      823    673  5.00
      823    675  4.00
      823    678  3.00
      823    781  4.00
      823    872  6.00
      824    563  5.00
      824    583  1.00
      824    636  1.00
      824    798  4.00
      825    457  2.00
      825    642  2.00
      825    734  1.00
      825    765  1.00
      825    792  3.00
      826    448  3.00
      826    462  3.00
      826    477  5.00
      826    480  4.00
      826    511  6.00
      826    670  3.00
      826    702  6.00
      826    730  5.00
      826    807  5.00
      827    433  5.00
      827    630  4.00
      828     60  1.00
      828    433  3.00
      828    630  3.00
      828    648  3.00
      829    446  1.00
      829    506  2.00
      829    538  3.00
      829    666  1.00
      829    673  2.00
      829    723  2.00
      829    781  1.00
      829    860  1.00
      829    872  1.00
      830    427  5.00
      830    433  3.00
      830    575  6.00
      830    652  1.00
      831    604  5.00
      831    717  4.00
      831    786  2.00
      831    836  3.00
      831    867  4.00
      832    460  1.00
      832    504  1.00
      833    451  1.00
      833    563  1.00
      833    666  2.00
      833    805  2.00
      833    822  1.00
      833    866  1.00
      834    548  2.00
      834    581  2.00
      834    630  2.00
      834    635  4.00
      834    719  6.00
      834    755  5.00
      835    530  2.00
      835    600  3.00
      835    804  3.00
      835    856  3.00
      837    428  1.00
      837    468  1.00
      837    479  1.00
      837    800  1.00
      838    429  1.00
      838    527  1.00
      838    561  1.00
      838    661  1.00
      838    761  1.00
      839    544  4.00
      839    682  2.00
      839    828  2.00
      839    860  2.00
      840    674  1.00
      840    712  1.00
      840    792  2.00
      840    825  1.00
      840    859  1.00
      840    862  1.00
      841    545  3.00
      841    562  3.00
      841    574  5.00
      841    591  3.00
      841    634  3.00
      841    643  3.00
      841    658  5.00
      841    695  3.00
      842    734  1.00
      842    859  1.00
      844    571  3.00
      844    652  2.00
      844    704  2.00
      844    708  3.00
      844    860  3.00
      844    872  2.00
      845    655  1.00
      845    689  1.00
      845    694  1.00
      845    700  1.00
      845    733  1.00
      845    762  2.00
      845    774  1.00
      845    791  2.00
      845    818  1.00
      846    470  2.00
      846    590  1.00
      846    639  1.00
      846    712  3.00
      846    851  1.00
      847    548  2.00
      847    754  2.00
      847    826  3.00
      847    849  1.00
      848    461  5.00
      848    483  5.00
      848    715  5.00
      849    437  2.00
      849    598  2.00
      849    680  2.00
      849    692  5.00
      849    726  2.00
      850    532  1.00
      850    581  1.00
      850    667  2.00
      850    698  1.00
      853    455  1.00
      853    876  1.00
      854    430  4.00
      854    779  1.00
      855    590  2.00
      855    611  2.00
      855    712  1.00
      855    718  5.00
      855    778  1.00
      855    834  2.00
      856    440  2.00
      856    717  4.00
      856    835  2.00
      857    517  2.00
      857    540  2.00
      857    595  6.00
      857    625  2.00
      857    687  1.00
      858    491  1.00
      858    572  1.00
      858    698  2.00
      858    761  1.00
      859    457  1.00
      859    470  1.00
      859    527  3.00
      859    642  6.00
      859    647  3.00
      860    434  3.00
      860    506  6.00
      860    543  2.00
      860    673  4.00
      860    728  4.00
      860    828  2.00
      860    844  2.00
      860    872  1.00
      861    726  5.00
      862    488  1.00
      865    464  2.00
      865    486  2.00
      865    492  1.00
      865    558  2.00
      865    751  1.00
      866    581  2.00
      866    583  2.00
      866    822  2.00
      866    849  1.00
      867    430  2.00
      867    432  2.00
      867    831  3.00
      867    836  4.00
      868    840  2.00
      869    425  3.00
      869    587  2.00
      869    770  1.00
      869    839  1.00
      869    859  2.00
      870    776  5.00
      871    430  2.00
      871    449  3.00
      871    496  2.00
      871    627  2.00
      871    785  2.00
      872    446  5.00
      872    561  3.00
      872    661  5.00
      872    673  6.00
      872    678  4.00
      872    781  5.00
      872    823  6.00
      873    448  1.00
      873    457  2.00
      873    702  4.00
      873    730  5.00
      873    760  1.00
      873    825  3.00
      873    826  6.00
      874    502  2.00
      874    573  2.00
      874    705  2.00
      874    711  2.00
      874    813  2.00
      875    494  4.00
      875    499  5.00
      875    683  3.00
      875    757  4.00
      875    762  3.00
      876    482  2.00
      876    523  3.00
      876    609  2.00
      876    853  2.00