DL
N=624
FORMAT=EDGELIST1
DATA:
        1     23  5.00
        1    296  5.00
        1    594  5.00
        2     61  5.00
        2    311  5.00
        2    356  5.00
        2    539  4.00
        3     25  3.00
        3    154  5.00
        3    210  5.00
        3    369  5.00
        3    425  4.00
        3    442  5.00
        3    481  5.00
        3    523  4.00
        3    533  6.00
        4      8  3.00
        4    253  2.00
        6     22  2.00
        6    166  2.00
        6    188  5.00
        6    271  3.00
        6    299  4.00
        6    316  4.00
        6    331  2.00
        7    496  2.00
        7    520  1.00
        8    347  3.00
       10    294  1.00
       10    511  4.00
       10    567  1.00
       12     23  3.00
       12     35  4.00
       12     47  2.00
       12    267  3.00
       12    383  6.00
       12    550  4.00
       12    551  4.00
       13    119  6.00
       13    128  1.00
       13    161  2.00
       13    227  2.00
       13    354  5.00
       13    423  4.00
       13    542  4.00
       13    549  5.00
       15     74  4.00
       15    270  3.00
       15    624  6.00
       16    126  1.00
       16    258  1.00
       16    369  2.00
       16    453  4.00
       16    544  6.00
       17     22  6.00
       17    188  2.00
       17    299  6.00
       17    371  2.00
       18      1  5.00
       18     36  2.00
       18    536  2.00
       19     54  2.00
       19    320  1.00
       19    580  5.00
       19    604  1.00
       19    619  1.00
       22     17  6.00
       22    188  5.00
       22    277  5.00
       22    299  6.00
       23    384  4.00
       23    454  4.00
       23    551  6.00
       24     36  3.00
       24    178  3.00
       24    453  1.00
       24    505  1.00
       24    536  2.00
       25    388  3.00
       25    425  2.00
       25    515  5.00
       26    575  6.00
       28    171  3.00
       28    199  3.00
       28    453  1.00
       28    455  3.00
       28    486  4.00
       28    497  3.00
       28    620  4.00
       29     22  4.00
       29    101  5.00
       29    147  4.00
       29    160  4.00
       29    272  5.00
       29    382  6.00
       29    516  4.00
       30     23  1.00
       30     46  1.00
       30    333  1.00
       30    346  1.00
       30    383  1.00
       30    451  1.00
       30    506  1.00
       30    570  3.00
       30    585  1.00
       31     53  4.00
       31    144  5.00
       31    156  3.00
       31    191  5.00
       31    279  5.00
       31    467  6.00
       31    500  3.00
       31    526  5.00
       32     34  5.00
       32    307  3.00
       32    372  5.00
       33    223  2.00
       33    274  3.00
       33    392  3.00
       33    516  5.00
       34     32  6.00
       34    307  6.00
       34    372  3.00
       35     12  5.00
       35     47  5.00
       35    383  5.00
       35    386  3.00
       35    462  4.00
       35    534  3.00
       35    551  5.00
       36    525  3.00
       36    536  5.00
       37    280  5.00
       37    301  1.00
       37    379  5.00
       38    119  2.00
       38    255  2.00
       38    265  1.00
       38    306  5.00
       38    414  1.00
       38    549  2.00
       38    582  3.00
       38    584  1.00
       39    142  1.00
       39    360  1.00
       39    439  6.00
       39    443  4.00
       39    455  2.00
       39    615  2.00
       40     44  2.00
       40    196  3.00
       40    236  1.00
       40    606  4.00
       42     46  3.00
       42    232  4.00
       42    326  2.00
       42    356  2.00
       42    386  2.00
       42    451  3.00
       42    462  2.00
       42    548  3.00
       42    619  2.00
       44     40  1.00
       44    161  1.00
       44    165  1.00
       44    576  1.00
       44    606  1.00
       46     42  4.00
       46    155  4.00
       46    291  4.00
       46    333  3.00
       46    451  3.00
       46    462  5.00
       46    485  4.00
       46    506  4.00
       46    589  3.00
       46    619  5.00
       47     35  6.00
       47    161  6.00
       47    393  4.00
       47    479  1.00
       47    534  6.00
       47    551  6.00
       48     41  2.00
       48     73  6.00
       48    220  3.00
       48    547  4.00
       51     42  4.00
       51     56  1.00
       51     75  1.00
       51    151  4.00
       51    232  4.00
       51    383  3.00
       51    417  1.00
       51    462  1.00
       51    548  5.00
       51    551  1.00
       52     75  5.00
       52    417  4.00
       52    451  4.00
       52    462  4.00
       52    533  4.00
       54     20  2.00
       54     21  2.00
       54    170  5.00
       54    354  6.00
       54    378  2.00
       54    423  6.00
       55     56  5.00
       55    189  4.00
       55    215  5.00
       55    225  4.00
       55    446  4.00
       56     52  1.00
       56     55  6.00
       56    136  1.00
       56    281  6.00
       56    451  1.00
       56    462  1.00
       56    528  3.00
       57    122  2.00
       57    334  2.00
       57    434  3.00
       58     67  1.00
       58    102  5.00
       58    109  4.00
       58    157  3.00
       58    166  3.00
       58    169  2.00
       58    186  2.00
       58    207  1.00
       58    553  3.00
       59     52  1.00
       59    295  1.00
       59    498  1.00
       59    584  1.00
       60    250  4.00
       60    559  1.00
       61    218  4.00
       61    341  4.00
       62    136  4.00
       62    237  2.00
       62    245  3.00
       62    391  3.00
       62    405  2.00
       62    430  4.00
       62    610  1.00
       63    247  5.00
       63    319  2.00
       63    341  1.00
       63    364  1.00
       63    436  6.00
       63    459  5.00
       63    496  3.00
       63    557  1.00
       64    134  5.00
       64    459  4.00
       64    468  4.00
       65    114  1.00
       65    202  2.00
       65    237  2.00
       65    251  3.00
       65    257  1.00
       65    391  1.00
       65    393  2.00
       65    406  4.00
       67    102  5.00
       68    199  5.00
       68    272  4.00
       68    274  6.00
       68    350  5.00
       68    463  5.00
       69    124  1.00
       69    242  1.00
       69    331  2.00
       69    372  5.00
       69    568  1.00
       70    258  6.00
       70    453  6.00
       73     48  6.00
       73    220  2.00
       73    309  3.00
       73    375  1.00
       73    547  4.00
       74     15  4.00
       74     30  4.00
       74     76  6.00
       74    128  6.00
       74    161  3.00
       74    208  4.00
       75     51  5.00
       75     52  6.00
       75    327  3.00
       75    417  4.00
       75    467  4.00
       75    488  3.00
       75    537  4.00
       75    584  5.00
       76     74  6.00
       76    421  3.00
       79    125  4.00
       79    241  4.00
       79    490  4.00
       80    178  2.00
       80    182  4.00
       80    226  2.00
       81    133  2.00
       81    138  3.00
       81    190  2.00
       81    320  1.00
       81    508  3.00
       82    238  5.00
       82    455  3.00
       82    497  4.00
       82    509  6.00
       82    545  5.00
       83     49  2.00
       83     84  5.00
       83    199  3.00
       83    235  2.00
       83    288  3.00
       83    339  2.00
       83    358  3.00
       83    368  2.00
       83    376  5.00
       83    428  3.00
       84     83  4.00
       84    154  5.00
       84    166  4.00
       84    167  5.00
       84    211  4.00
       84    217  4.00
       84    368  5.00
       84    482  5.00
       85     67  5.00
       85    102  3.00
       85    157  1.00
       85    169  4.00
       85    207  5.00
       85    268  5.00
       85    401  5.00
       85    484  3.00
       87     25  5.00
       87    101  5.00
       87    380  5.00
       88     96  1.00
       88    180  1.00
       89    206  3.00
       89    262  6.00
       89    513  4.00
       89    549  5.00
       91    485  3.00
       94    134  3.00
       94    251  2.00
       94    271  4.00
       94    313  5.00
       94    344  3.00
       95    199  2.00
       95    282  4.00
       95    416  3.00
       95    442  2.00
       97    102  6.00
       97    104  6.00
       97    157  6.00
       97    613  6.00
       98    155  6.00
       98    264  4.00
       98    287  1.00
       98    537  3.00
       98    601  2.00
       99     46  2.00
       99    191  4.00
       99    467  3.00
       99    469  5.00
       99    526  4.00
       99    570  4.00
      100    214  3.00
      100    263  6.00
      100    509  3.00
      101     85  2.00
      101    157  5.00
      101    169  5.00
      101    401  5.00
      102     58  4.00
      102     67  4.00
      102     85  3.00
      102     97  5.00
      102    157  4.00
      102    166  6.00
      102    169  3.00
      102    207  3.00
      102    401  3.00
      103    114  3.00
      104     37  3.00
      104     97  6.00
      104    101  2.00
      104    157  5.00
      104    166  5.00
      104    169  3.00
      104    385  6.00
      104    401  5.00
      105     24  3.00
      105    228  2.00
      105    283  4.00
      105    453  4.00
      105    597  4.00
      106     42  1.00
      106    104  3.00
      106    156  4.00
      106    327  4.00
      106    379  2.00
      106    386  3.00
      106    491  3.00
      107    122  5.00
      108     19  4.00
      108    122  3.00
      108    320  3.00
      108    352  3.00
      108    508  4.00
      110     41  2.00
      110     73  1.00
      110    414  1.00
      111    180  2.00
      111    205  5.00
      111    270  3.00
      111    518  1.00
      112    312  6.00
      112    503  2.00
      113     77  3.00
      113    177  1.00
      113    178  1.00
      113    399  2.00
      113    444  2.00
      113    462  1.00
      113    607  1.00
      113    619  1.00
      114    103  3.00
      114    220  2.00
      114    540  2.00
      115     89  3.00
      115    262  4.00
      116    216  3.00
      116    424  5.00
      117    311  2.00
      117    330  2.00
      118     89  2.00
      118    179  2.00
      118    609  3.00
      119     13  6.00
      119     89  1.00
      119    155  2.00
      119    185  5.00
      119    354  3.00
      119    423  3.00
      119    542  3.00
      119    549  1.00
      123    456  4.00
      124     69  2.00
      124     77  4.00
      124    126  3.00
      125     79  4.00
      125    490  2.00
      128     13  2.00
      128     74  6.00
      128    208  4.00
      128    314  2.00
      129     37  3.00
      129    256  5.00
      129    367  4.00
      129    437  2.00
      129    563  4.00
      130     81  2.00
      130    108  2.00
      130    133  4.00
      130    320  2.00
      130    508  4.00
      132     78  4.00
      132    249  4.00
      132    292  5.00
      133     52  2.00
      133    130  6.00
      133    191  6.00
      133    310  1.00
      133    417  3.00
      133    465  1.00
      133    467  4.00
      133    469  5.00
      133    622  2.00
      134     63  3.00
      134     64  5.00
      134    309  4.00
      134    426  2.00
      134    459  1.00
      134    476  4.00
      136     62  2.00
      136    245  6.00
      136    343  5.00
      136    405  5.00
      136    430  6.00
      137     30  5.00
      137    146  3.00
      137    328  3.00
      137    335  3.00
      137    483  6.00
      137    510  4.00
      138     13  3.00
      138     81  5.00
      138    127  6.00
      138    234  4.00
      138    320  4.00
      138    549  3.00
      139      5  1.00
      140    409  3.00
      140    539  1.00
      141     67  4.00
      141    239  4.00
      141    269  3.00
      141    377  2.00
      141    456  4.00
      141    577  4.00
      144     31  4.00
      144     53  3.00
      144    156  4.00
      144    279  3.00
      144    445  4.00
      144    451  2.00
      144    526  3.00
      144    537  4.00
      144    585  6.00
      145    252  2.00
      145    590  4.00
      146    137  3.00
      146    149  3.00
      146    370  2.00
      148     58  2.00
      148    106  1.00
      148    109  3.00
      148    157  2.00
      148    372  1.00
      148    387  1.00
      148    402  2.00
      149    195  4.00
      149    349  1.00
      149    355  3.00
      149    490  1.00
      150     28  1.00
      150    266  5.00
      151     23  2.00
      151     42  4.00
      151     51  6.00
      151     52  3.00
      151    232  3.00
      151    383  2.00
      151    548  4.00
      154     67  3.00
      154     84  6.00
      154    167  5.00
      154    211  1.00
      154    217  5.00
      154    222  5.00
      154    368  3.00
      154    369  3.00
      154    482  5.00
      155     46  4.00
      155     98  6.00
      155    119  3.00
      155    454  3.00
      155    601  5.00
      156     31  4.00
      156     52  5.00
      156    144  4.00
      156    158  6.00
      156    209  6.00
      156    462  5.00
      156    467  4.00
      156    526  4.00
      157     97  6.00
      157    101  4.00
      157    102  6.00
      157    166  5.00
      157    169  6.00
      157    207  5.00
      157    401  1.00
      157    613  5.00
      158    156  1.00
      158    209  6.00
      158    607  6.00
      159    344  1.00
      160     29  5.00
      160    535  3.00
      161     35  6.00
      161     47  5.00
      161    158  5.00
      161    314  4.00
      161    386  2.00
      161    467  1.00
      161    526  2.00
      161    551  6.00
      161    584  1.00
      164     60  3.00
      164    530  4.00
      164    559  2.00
      164    578  3.00
      167     84  5.00
      167    154  6.00
      167    217  6.00
      167    368  3.00
      167    379  3.00
      168     49  6.00
      168    358  4.00
      168    447  3.00
      169     85  5.00
      169    101  5.00
      169    102  3.00
      169    104  5.00
      169    157  6.00
      169    166  3.00
      169    207  6.00
      169    268  6.00
      169    401  6.00
      170     54  6.00
      170    158  2.00
      170    354  6.00
      170    433  2.00
      170    458  3.00
      170    551  2.00
      170    594  3.00
      170    622  3.00
      172    408  4.00
      172    410  2.00
      172    480  2.00
      172    572  2.00
      174    121  6.00
      174    516  3.00
      174    560  3.00
      175    251  1.00
      175    406  1.00
      175    407  4.00
      175    409  5.00
      175    555  1.00
      175    556  1.00
      176    178  3.00
      176    536  3.00
      176    538  5.00
      177     35  4.00
      177     47  2.00
      177     77  5.00
      177    113  2.00
      177    399  1.00
      177    444  3.00
      177    462  3.00
      177    551  2.00
      177    621  1.00
      178     24  5.00
      178     36  1.00
      178    113  3.00
      178    258  1.00
      178    453  1.00
      178    492  1.00
      178    525  2.00
      179     56  3.00
      179    230  3.00
      179    259  1.00
      179    295  2.00
      179    352  1.00
      180    270  2.00
      181    272  6.00
      181    274  6.00
      181    413  4.00
      181    522  3.00
      181    533  3.00
      182     80  6.00
      182    178  6.00
      182    226  5.00
      182    332  2.00
      184     15  6.00
      184     26  6.00
      184     27  6.00
      184     61  6.00
      184    244  5.00
      184    369  6.00
      184    489  5.00
      184    505  5.00
      185    119  6.00
      185    276  6.00
      185    465  6.00
      189     55  6.00
      189     67  5.00
      189     84  3.00
      189    167  4.00
      189    207  3.00
      189    399  3.00
      190     14  3.00
      190     81  3.00
      190    133  3.00
      190    434  1.00
      191     31  4.00
      191    144  3.00
      191    469  5.00
      192     12  2.00
      192     30  2.00
      192    161  2.00
      192    264  3.00
      192    352  3.00
      192    584  2.00
      193     96  1.00
      195    124  3.00
      195    149  3.00
      195    349  5.00
      195    355  5.00
      195    620  1.00
      196    236  2.00
      196    606  6.00
      197    249  3.00
      197    355  3.00
      197    377  3.00
      197    396  3.00
      197    502  4.00
      197    525  5.00
      197    574  5.00
      198    196  1.00
      198    221  1.00
      198    300  1.00
      200    206  5.00
      200    234  3.00
      200    310  3.00
      200    473  4.00
      201     14  4.00
      201    454  5.00
      201    485  4.00
      201    487  5.00
      202    204  4.00
      202    246  3.00
      202    257  3.00
      202    364  5.00
      203    323  6.00
      203    344  5.00
      203    572  6.00
      204     70  2.00
      204    202  6.00
      204    203  2.00
      204    246  2.00
      204    257  2.00
      204    364  3.00
      204    516  2.00
      204    560  3.00
      205    111  5.00
      205    297  5.00
      205    493  3.00
      206    192  2.00
      206    200  3.00
      206    273  2.00
      206    473  4.00
      206    550  2.00
      206    584  2.00
      206    609  5.00
      208     74  3.00
      208    128  4.00
      208    227  1.00
      208    295  3.00
      208    465  3.00
      208    557  2.00
      209     12  2.00
      209     30  2.00
      209    156  5.00
      209    158  6.00
      209    267  2.00
      209    607  4.00
      210      3  4.00
      211     83  3.00
      211     84  5.00
      211    217  3.00
      211    256  3.00
      211    369  4.00
      211    388  4.00
      212    306  3.00
      213     32  3.00
      213    372  2.00
      213    399  5.00
      213    591  4.00
      215     55  5.00
      215     66  5.00
      215    428  3.00
      215    447  1.00
      215    450  2.00
      215    483  1.00
      215    571  3.00
      216    116  3.00
      216    143  5.00
      216    424  5.00
      216    486  5.00
      216    489  2.00
      216    597  1.00
      216    603  2.00
      216    620  1.00
      219    260  2.00
      219    284  3.00
      219    470  5.00
      220    114  1.00
      220    196  1.00
      220    375  5.00
      220    547  3.00
      221     40  1.00
      221    576  3.00
      221    606  1.00
      223     33  1.00
      223    332  2.00
      223    444  4.00
      223    514  2.00
      223    621  2.00
      224    109  2.00
      224    153  1.00
      224    183  3.00
      224    450  2.00
      225     55  2.00
      225    482  3.00
      225    544  2.00
      226    178  3.00
      226    182  3.00
      226    223  2.00
      226    444  1.00
      226    453  2.00
      226    621  1.00
      227     13  2.00
      227     47  1.00
      227    151  1.00
      227    393  1.00
      228    105  1.00
      228    201  4.00
      228    485  4.00
      228    610  5.00
      229    145  3.00
      229    180  2.00
      232     35  1.00
      232     42  3.00
      232    106  1.00
      232    287  4.00
      232    315  2.00
      232    386  3.00
      232    451  1.00
      232    548  3.00
      232    551  1.00
      233    400  4.00
      233    436  2.00
      233    496  5.00
      233    541  1.00
      234    138  3.00
      234    306  4.00
      234    540  2.00
      234    549  4.00
      235     83  1.00
      235    183  6.00
      235    224  6.00
      235    376  6.00
      235    450  6.00
      237    121  4.00
      237    391  4.00
      237    393  4.00
      238     82  3.00
      238    616  1.00
      239    141  4.00
      240    619  2.00
      241     79  6.00
      241     87  3.00
      241    618  6.00
      243    262  4.00
      244    131  6.00
      245     62  5.00
      245    136  6.00
      245    237  2.00
      245    343  5.00
      245    391  2.00
      245    393  2.00
      245    405  5.00
      245    430  5.00
      246    284  5.00
      246    364  2.00
      248    305  1.00
      251    175  2.00
      251    323  3.00
      251    365  3.00
      251    404  2.00
      251    499  1.00
      251    556  1.00
      253      8  3.00
      253    159  3.00
      253    237  3.00
      253    245  3.00
      253    391  4.00
      253    393  4.00
      253    406  3.00
      253    409  3.00
      253    430  4.00
      254    215  2.00
      254    239  6.00
      254    269  6.00
      254    379  3.00
      254    447  5.00
      254    512  2.00
      255    170  4.00
      255    192  2.00
      255    542  5.00
      255    549  4.00
      255    550  4.00
      255    566  4.00
      255    604  4.00
      257    139  1.00
      257    202  2.00
      257    204  1.00
      257    363  4.00
      257    560  3.00
      258     70  4.00
      258    453  3.00
      262     89  6.00
      262    206  3.00
      262    243  4.00
      262    473  4.00
      263    100  4.00
      263    115  5.00
      263    214  3.00
      263    509  4.00
      264     98  6.00
      264    155  5.00
      264    201  1.00
      264    265  2.00
      264    310  3.00
      264    378  3.00
      264    584  1.00
      264    619  3.00
      265    192  1.00
      265    264  1.00
      265    281  1.00
      265    346  1.00
      265    549  1.00
      265    584  2.00
      265    598  1.00
      266    150  3.00
      266    278  1.00
      266    294  3.00
      266    486  2.00
      267     12  5.00
      267    336  3.00
      267    383  5.00
      267    526  3.00
      267    585  5.00
      269     40  2.00
      269    447  2.00
      269    583  2.00
      270    518  6.00
      270    545  1.00
      272    181  5.00
      272    274  5.00
      272    275  3.00
      272    413  5.00
      272    546  2.00
      273     51  3.00
      273     75  4.00
      273    232  4.00
      273    346  6.00
      273    368  3.00
      273    372  3.00
      273    383  2.00
      273    548  4.00
      273    551  4.00
      276    227  2.00
      276    273  2.00
      276    352  4.00
      276    465  6.00
      276    527  2.00
      276    548  1.00
      276    600  5.00
      276    604  3.00
      277     71  1.00
      277    319  1.00
      278    289  1.00
      278    350  6.00
      278    371  4.00
      278    524  6.00
      279     31  4.00
      279    333  3.00
      279    500  6.00
      279    589  3.00
      280     37  6.00
      280    109  3.00
      280    166  6.00
      280    379  6.00
      281     52  2.00
      281     56  6.00
      281    386  2.00
      281    417  4.00
      281    451  5.00
      281    462  2.00
      285      5  2.00
      285    139  1.00
      285    377  3.00
      285    407  1.00
      285    477  2.00
      285    499  2.00
      286     71  2.00
      286    520  4.00
      286    612  3.00
      287     35  1.00
      287    120  1.00
      287    232  2.00
      287    386  1.00
      287    460  5.00
      287    495  1.00
      287    528  1.00
      287    534  1.00
      287    603  6.00
      287    604  3.00
      288     86  3.00
      288    358  2.00
      289    390  1.00
      289    535  1.00
      289    571  3.00
      290    351  1.00
      290    602  2.00
      291     46  4.00
      291    186  3.00
      291    201  1.00
      291    386  1.00
      291    451  1.00
      291    462  4.00
      291    526  1.00
      291    534  1.00
      291    619  4.00
      293    300  3.00
      293    582  4.00
      295     12  2.00
      295    279  2.00
      295    334  3.00
      295    417  2.00
      295    430  2.00
      295    498  3.00
      295    500  3.00
      295    551  2.00
      295    584  2.00
      296     30  4.00
      296    192  3.00
      296    356  2.00
      296    462  2.00
      297    149  4.00
      297    205  4.00
      297    269  5.00
      297    338  5.00
      297    456  5.00
      298    269  6.00
      298    338  6.00
      298    456  6.00
      299      6  4.00
      299     17  6.00
      299     22  6.00
      299    188  6.00
      299    274  3.00
      299    316  2.00
      300    135  4.00
      300    317  1.00
      300    573  3.00
      300    576  1.00
      301     37  6.00
      301    478  4.00
      301    481  4.00
      302    250  1.00
      302    578  1.00
      303    181  1.00
      303    274  1.00
      303    289  2.00
      303    395  1.00
      303    439  2.00
      304     92  5.00
      304     96  3.00
      305    308  1.00
      305    365  1.00
      305    404  2.00
      306     38  2.00
      306     62  2.00
      306    212  2.00
      306    234  2.00
      306    255  2.00
      307     32  4.00
      307     34  6.00
      307    199  4.00
      307    372  6.00
      309     63  3.00
      309     73  3.00
      309    247  3.00
      310    549  2.00
      310    552  3.00
      311      2  1.00
      311     61  1.00
      311     76  1.00
      311    117  6.00
      311    421  1.00
      311    610  2.00
      313     94  4.00
      313    203  2.00
      313    251  4.00
      313    344  3.00
      313    406  5.00
      313    556  2.00
      313    572  2.00
      314    161  4.00
      314    357  5.00
      314    378  6.00
      314    488  4.00
      314    526  5.00
      315     33  5.00
      315    232  5.00
      315    245  3.00
      315    392  5.00
      315    514  2.00
      315    516  4.00
      315    560  6.00
      316      6  6.00
      316    166  1.00
      316    188  6.00
      316    299  3.00
      316    478  6.00
      316    481  6.00
      316    522  1.00
      317    107  3.00
      317    117  6.00
      317    122  2.00
      317    300  3.00
      317    576  2.00
      318    323  2.00
      318    363  3.00
      318    556  2.00
      319     63  1.00
      319     73  1.00
      319    375  1.00
      319    436  2.00
      319    561  4.00
      320    108  4.00
      320    122  1.00
      320    130  4.00
      320    138  2.00
      320    357  1.00
      320    508  4.00
      320    604  1.00
      320    609  1.00
      320    619  1.00
      321    136  1.00
      321    391  1.00
      321    393  1.00
      322    323  1.00
      322    363  1.00
      322    556  2.00
      323    203  1.00
      324    204  5.00
      325     66  2.00
      325    280  1.00
      325    328  4.00
      325    370  2.00
      325    419  1.00
      325    482  3.00
      325    512  6.00
      326     42  4.00
      326     51  2.00
      326    129  2.00
      326    386  2.00
      326    417  1.00
      326    462  2.00
      326    548  2.00
      326    551  1.00
      326    570  2.00
      327     75  2.00
      327    106  4.00
      327    386  1.00
      327    491  3.00
      327    563  6.00
      327    584  1.00
      328    325  4.00
      328    370  6.00
      328    419  5.00
      330     27  4.00
      330    211  2.00
      330    213  3.00
      331     69  1.00
      331    367  5.00
      331    533  2.00
      334    295  3.00
      334    345  6.00
      334    357  6.00
      334    604  5.00
      335    137  3.00
      335    402  5.00
      335    490  1.00
      337    388  5.00
      341     61  3.00
      344     94  1.00
      344    203  3.00
      344    323  3.00
      344    404  1.00
      344    406  4.00
      345     52  4.00
      345    106  5.00
      345    327  2.00
      345    334  6.00
      346    273  6.00
      346    278  1.00
      346    361  1.00
      346    517  5.00
      347    391  2.00
      347    408  1.00
      348     35  1.00
      348     77  2.00
      348    113  2.00
      348    211  1.00
      348    399  2.00
      348    551  1.00
      348    621  1.00
      349    195  6.00
      349    355  3.00
      350    271  1.00
      350    278  3.00
      350    398  6.00
      350    403  6.00
      350    413  4.00
      350    522  4.00
      351     15  1.00
      351    116  1.00
      351    395  1.00
      351    518  1.00
      351    602  1.00
      352    287  2.00
      352    295  2.00
      354     13  6.00
      354     54  6.00
      354    170  5.00
      354    423  6.00
      354    433  4.00
      354    457  2.00
      354    500  4.00
      357    156  3.00
      357    314  6.00
      357    334  6.00
      357    378  4.00
      357    434  3.00
      358     49  5.00
      358     83  5.00
      358    168  5.00
      358    288  5.00
      359    312  3.00
      359    384  3.00
      359    541  3.00
      360    188  6.00
      360    299  6.00
      361    346  1.00
      361    517  6.00
      364    202  1.00
      364    204  1.00
      364    246  1.00
      367    331  5.00
      368     84  1.00
      368    154  3.00
      368    167  3.00
      368    217  3.00
      368    482  5.00
      368    553  1.00
      369     34  2.00
      369     49  2.00
      369    154  3.00
      369    372  2.00
      369    399  6.00
      369    524  4.00
      369    591  5.00
      370    325  3.00
      370    328  6.00
      370    419  1.00
      371     83  4.00
      371     84  4.00
      371    278  6.00
      371    514  6.00
      371    553  4.00
      372     32  6.00
      372     34  6.00
      372    102  2.00
      372    307  6.00
      372    484  4.00
      374    120  4.00
      374    161  4.00
      374    327  2.00
      374    434  1.00
      374    485  2.00
      374    487  1.00
      374    495  2.00
      375    220  3.00
      375    436  2.00
      375    459  3.00
      375    547  1.00
      376     67  4.00
      376     83  5.00
      376    153  5.00
      376    235  6.00
      376    288  3.00
      376    450  6.00
      376    527  5.00
      376    553  2.00
      378     54  1.00
      378     66  2.00
      378    201  2.00
      378    314  6.00
      378    357  4.00
      378    591  3.00
      379     37  6.00
      379    106  4.00
      379    166  6.00
      379    167  4.00
      379    280  6.00
      379    368  4.00
      379    483  4.00
      379    484  4.00
      380     66  2.00
      380     87  5.00
      380    225  2.00
      380    428  3.00
      380    453  2.00
      380    483  2.00
      381    290  5.00
      381    375  2.00
      381    400  1.00
      381    459  3.00
      383     12  5.00
      383     35  4.00
      383     51  4.00
      383    158  4.00
      383    267  4.00
      383    384  2.00
      383    534  6.00
      383    548  4.00
      383    551  2.00
      383    585  4.00
      385     97  2.00
      385    102  2.00
      385    104  4.00
      385    157  1.00
      385    166  1.00
      388     25  4.00
      388    157  3.00
      388    169  3.00
      388    211  3.00
      388    337  4.00
      390     10  1.00
      390    289  2.00
      390    427  4.00
      390    489  2.00
      391     62  3.00
      391    237  4.00
      391    333  2.00
      391    393  6.00
      391    589  2.00
      392    250  1.00
      392    292  5.00
      392    315  5.00
      392    430  3.00
      392    516  6.00
      392    560  5.00
      393     26  3.00
      393     47  3.00
      393    237  6.00
      393    333  1.00
      393    391  6.00
      393    405  5.00
      393    479  2.00
      393    589  1.00
      394    213  1.00
      395    289  3.00
      395    303  2.00
      395    371  3.00
      395    571  4.00
      397    611  1.00
      400    233  3.00
      400    524  2.00
      400    590  3.00
      401     67  3.00
      401     85  4.00
      401    102  3.00
      401    104  4.00
      401    157  5.00
      401    166  2.00
      401    169  6.00
      401    207  6.00
      401    268  6.00
      405    136  4.00
      405    245  2.00
      405    391  3.00
      405    393  3.00
      405    430  5.00
      405    460  2.00
      405    462  1.00
      405    479  1.00
      405    528  1.00
      405    607  1.00
      406     94  4.00
      406    253  1.00
      406    313  5.00
      406    323  3.00
      406    344  5.00
      406    409  3.00
      407    121  1.00
      407    175  3.00
      407    382  4.00
      407    404  3.00
      407    499  1.00
      408      8  1.00
      408    130  1.00
      408    159  1.00
      408    198  1.00
      408    232  1.00
      408    237  1.00
      408    259  1.00
      408    391  1.00
      408    393  1.00
      408    410  1.00
      409    175  5.00
      409    407  3.00
      410      8  1.00
      410    172  1.00
      410    237  1.00
      410    259  1.00
      410    393  1.00
      410    408  1.00
      410    499  1.00
      410    556  1.00
      411     54  2.00
      411    122  2.00
      411    320  1.00
      412     98  1.00
      412    122  1.00
      412    128  2.00
      412    133  4.00
      412    265  2.00
      412    296  2.00
      412    386  2.00
      412    417  3.00
      412    607  1.00
      413    199  6.00
      413    271  3.00
      413    274  5.00
      413    350  6.00
      413    398  5.00
      413    403  6.00
      414     41  2.00
      414     45  3.00
      414     63  2.00
      414     73  1.00
      414     90  4.00
      416     95  5.00
      416    425  2.00
      416    515  3.00
      417     52  6.00
      417     75  5.00
      417    336  4.00
      417    343  4.00
      417    430  4.00
      417    451  6.00
      417    462  6.00
      417    537  5.00
      417    585  5.00
      418    125  4.00
      418    459  1.00
      419    328  5.00
      419    370  2.00
      419    490  1.00
      419    583  6.00
      419    588  4.00
      420    119  1.00
      420    354  2.00
      420    423  2.00
      420    433  1.00
      420    566  2.00
      420    604  2.00
      420    619  1.00
      421     20  3.00
      421     21  3.00
      421     54  3.00
      421    117  2.00
      421    191  3.00
      421    469  3.00
      421    485  5.00
      421    594  6.00
      421    622  6.00
      423     13  6.00
      423     54  5.00
      423    119  5.00
      423    354  6.00
      423    433  6.00
      423    542  3.00
      423    549  4.00
      423    619  1.00
      424    116  3.00
      424    143  1.00
      424    216  6.00
      424    603  2.00
      425      3  1.00
      425    199  1.00
      425    275  4.00
      425    440  3.00
      425    442  6.00
      425    519  3.00
      425    523  6.00
      429     37  2.00
      429    137  2.00
      429    229  3.00
      429    335  4.00
      429    402  3.00
      429    490  4.00
      429    554  2.00
      430     62  3.00
      430    136  5.00
      430    237  3.00
      430    245  4.00
      430    385  2.00
      430    386  1.00
      430    405  4.00
      430    417  3.00
      430    537  2.00
      431     69  1.00
      431    278  1.00
      431    371  1.00
      431    395  1.00
      434     46  2.00
      434    133  5.00
      434    158  2.00
      434    334  3.00
      434    563  5.00
      434    570  3.00
      435    127  3.00
      435    469  2.00
      436     41  1.00
      436     63  6.00
      436    134  2.00
      436    233  3.00
      436    247  1.00
      436    375  3.00
      436    459  5.00
      436    496  1.00
      437    369  6.00
      437    399  6.00
      437    591  5.00
      438     86  2.00
      438     92  4.00
      438    494  2.00
      439     39  6.00
      439    303  2.00
      440    181  5.00
      440    274  5.00
      440    275  5.00
      440    425  5.00
      440    533  4.00
      444     77  2.00
      444    113  5.00
      444    301  5.00
      444    329  4.00
      444    514  4.00
      444    621  3.00
      445     31  2.00
      445     53  1.00
      445     57  1.00
      445    144  2.00
      445    279  1.00
      445    378  1.00
      445    469  1.00
      445    528  2.00
      445    550  1.00
      445    622  1.00
      447     49  5.00
      447    168  5.00
      447    254  4.00
      447    358  2.00
      449     59  1.00
      449    151  1.00
      449    412  1.00
      449    434  1.00
      449    517  1.00
      450    183  5.00
      450    235  5.00
      450    376  6.00
      451     42  3.00
      451     51  3.00
      451     52  4.00
      451    136  1.00
      451    417  5.00
      451    430  2.00
      451    457  3.00
      451    462  6.00
      451    537  6.00
      451    585  3.00
      452     71  4.00
      453     70  5.00
      453    126  5.00
      453    258  6.00
      453    505  3.00
      454     23  3.00
      454     46  3.00
      454     91  5.00
      454    155  3.00
      454    201  3.00
      454    487  5.00
      454    622  3.00
      455     82  1.00
      455    495  3.00
      455    497  2.00
      455    545  5.00
      455    624  1.00
      457     30  3.00
      457    354  2.00
      457    383  2.00
      457    451  4.00
      457    462  6.00
      457    485  3.00
      457    506  6.00
      457    570  2.00
      458     54  2.00
      458    170  5.00
      458    354  2.00
      458    423  3.00
      458    610  1.00
      460    232  5.00
      460    287  5.00
      460    479  4.00
      462     35  1.00
      462     42  3.00
      462     51  3.00
      462    386  3.00
      462    451  6.00
      462    457  1.00
      462    526  3.00
      462    537  1.00
      462    548  3.00
      462    563  1.00
      465    276  6.00
      465    600  3.00
      466    114  4.00
      468    496  1.00
      469     31  2.00
      469    191  5.00
      470    197  3.00
      470    219  6.00
      470    574  3.00
      472    194  1.00
      472    253  1.00
      472    408  1.00
      472    410  1.00
      473    206  4.00
      473    262  4.00
      474    110  1.00
      474    422  6.00
      474    476  6.00
      475    412  3.00
      476     45  3.00
      476    134  3.00
      476    459  3.00
      476    474  5.00
      476    492  1.00
      477    490  2.00
      479    460  2.00
      480     65  2.00
      480     94  4.00
      480    313  4.00
      480    406  6.00
      480    572  6.00
      482     84  5.00
      482    154  6.00
      482    166  5.00
      482    167  5.00
      482    217  4.00
      482    278  6.00
      482    368  6.00
      482    483  1.00
      483     66  4.00
      483    137  5.00
      483    328  2.00
      483    379  3.00
      483    510  3.00
      483    586  4.00
      484     67  6.00
      484     85  4.00
      484    102  4.00
      484    109  5.00
      484    166  4.00
      484    169  2.00
      484    207  2.00
      484    401  4.00
      484    527  6.00
      485     46  1.00
      485    191  5.00
      485    201  4.00
      485    287  4.00
      485    352  1.00
      485    445  4.00
      485    454  5.00
      485    462  4.00
      485    594  6.00
      486     28  5.00
      486    216  3.00
      486    497  1.00
      486    620  2.00
      487     91  4.00
      487    454  5.00
      488     52  2.00
      488     75  1.00
      488    417  2.00
      488    491  4.00
      488    526  3.00
      488    607  4.00
      489    143  2.00
      489    216  3.00
      489    289  1.00
      489    390  2.00
      489    567  2.00
      491     75  4.00
      491    106  5.00
      491    327  5.00
      491    384  3.00
      491    488  4.00
      493    205  5.00
      493    224  5.00
      493    446  2.00
      493    592  2.00
      493    614  1.00
      494    298  3.00
      494    338  1.00
      494    456  3.00
      495    120  1.00
      495    287  1.00
      495    527  1.00
      496      7  3.00
      496     45  1.00
      496     63  3.00
      496    233  5.00
      496    341  1.00
      496    402  3.00
      497     82  3.00
      497    238  1.00
      497    294  6.00
      497    455  2.00
      497    545  1.00
      497    597  2.00
      501     49  5.00
      501    263  4.00
      501    448  2.00
      502    165  1.00
      502    197  3.00
      502    260  1.00
      502    284  1.00
      502    396  1.00
      502    525  2.00
      502    574  1.00
      503    231  3.00
      505     24  1.00
      505     27  3.00
      505    129  1.00
      505    258  1.00
      505    394  3.00
      505    453  3.00
      505    516  1.00
      505    536  4.00
      506     42  3.00
      506     46  6.00
      506     51  4.00
      506    383  2.00
      506    386  2.00
      506    457  6.00
      506    462  6.00
      506    570  5.00
      506    619  6.00
      507     38  1.00
      507    306  1.00
      507    606  1.00
      508     81  6.00
      508    108  5.00
      508    138  3.00
      508    145  6.00
      508    208  2.00
      508    320  5.00
      509     82  5.00
      509    132  2.00
      509    171  1.00
      509    214  3.00
      509    263  5.00
      509    501  1.00
      510     37  3.00
      510    137  6.00
      510    141  4.00
      510    239  6.00
      510    483  6.00
      510    577  3.00
      512    166  3.00
      512    254  4.00
      512    325  5.00
      512    447  3.00
      512    482  4.00
      512    577  2.00
      512    588  4.00
      513    176  3.00
      513    182  2.00
      513    570  2.00
      514    113  2.00
      514    223  2.00
      514    315  2.00
      514    329  3.00
      514    371  6.00
      514    444  4.00
      514    621  5.00
      515     25  6.00
      515    271  2.00
      515    379  2.00
      515    388  1.00
      515    416  2.00
      515    425  2.00
      516     29  5.00
      516     33  5.00
      516    315  2.00
      516    392  5.00
      517    346  3.00
      517    361  5.00
      518    270  6.00
      518    615  2.00
      519    425  3.00
      519    442  5.00
      519    523  2.00
      520     36  2.00
      520    173  3.00
      520    231  6.00
      520    286  5.00
      520    448  2.00
      520    612  2.00
      524    256  2.00
      524    278  6.00
      524    353  1.00
      524    399  4.00
      525     36  2.00
      525    197  4.00
      525    536  2.00
      525    574  3.00
      526     31  5.00
      526     35  3.00
      526    267  5.00
      526    279  2.00
      526    314  4.00
      526    336  5.00
      526    488  3.00
      526    506  3.00
      526    585  5.00
      529    163  2.00
      529    191  2.00
      529    435  2.00
      529    566  2.00
      530    366  1.00
      530    377  1.00
      531     78  4.00
      531    132  4.00
      531    250  4.00
      531    377  5.00
      531    530  3.00
      531    587  5.00
      533      3  2.00
      533    181  4.00
      533    268  6.00
      533    331  4.00
      533    425  5.00
      533    523  4.00
      533    535  3.00
      534     25  5.00
      534     35  5.00
      534     47  4.00
      534     51  2.00
      534    158  5.00
      534    383  5.00
      534    551  6.00
      534    591  4.00
      535    160  2.00
      535    416  6.00
      535    533  1.00
      537     42  4.00
      537     52  5.00
      537    144  5.00
      537    267  4.00
      537    417  4.00
      537    451  5.00
      537    462  3.00
      537    548  4.00
      539     80  1.00
      539    182  1.00
      539    409  1.00
      540    135  1.00
      540    212  1.00
      540    234  2.00
      541     52  3.00
      541    233  3.00
      541    359  3.00
      542    354  2.00
      542    423  2.00
      542    488  2.00
      544     49  3.00
      544     84  3.00
      544    167  3.00
      544    225  5.00
      544    368  3.00
      544    369  5.00
      544    482  3.00
      545    238  2.00
      545    497  2.00
      545    620  4.00
      545    624  3.00
      547     48  5.00
      547     73  5.00
      547    375  1.00
      548     35  1.00
      548     42  5.00
      548     51  4.00
      548     52  1.00
      548     75  1.00
      548    113  3.00
      548    383  3.00
      548    386  1.00
      548    462  3.00
      548    551  1.00
      549     13  5.00
      549     89  4.00
      549    119  4.00
      549    234  3.00
      549    265  2.00
      549    552  2.00
      550     35  3.00
      550     75  2.00
      550    177  5.00
      550    267  3.00
      550    279  3.00
      550    336  2.00
      550    383  5.00
      550    454  1.00
      550    551  2.00
      550    585  5.00
      552    208  4.00
      552    234  4.00
      552    310  4.00
      552    549  4.00
      553     58  3.00
      553     67  5.00
      553    102  3.00
      553    207  5.00
      553    368  5.00
      553    376  3.00
      553    401  6.00
      554    141  1.00
      554    269  1.00
      554    447  1.00
      554    510  3.00
      554    549  6.00
      554    581  3.00
      556     94  1.00
      556    257  1.00
      556    318  1.00
      556    322  1.00
      556    323  1.00
      556    558  2.00
      558    337  2.00
      560    257  3.00
      560    315  4.00
      561    159  3.00
      561    319  5.00
      561    375  3.00
      561    555  3.00
      563    129  4.00
      563    327  5.00
      563    352  3.00
      563    462  5.00
      563    570  4.00
      564    122  1.00
      564    212  1.00
      564    293  1.00
      564    306  1.00
      564    317  1.00
      564    386  1.00
      564    573  1.00
      564    584  1.00
      565     14  4.00
      565     42  3.00
      565     75  3.00
      565    158  2.00
      565    386  3.00
      565    462  1.00
      565    488  3.00
      565    607  2.00
      566    255  3.00
      566    291  4.00
      566    354  4.00
      566    420  4.00
      566    433  3.00
      566    565  2.00
      566    570  3.00
      567     10  2.00
      567    263  1.00
      567    398  1.00
      567    403  1.00
      567    478  1.00
      567    489  2.00
      567    546  1.00
      568     39  3.00
      568    303  1.00
      568    395  1.00
      568    439  4.00
      569      7  1.00
      569    621  4.00
      570     30  6.00
      570     42  3.00
      570     99  5.00
      570    356  4.00
      570    384  4.00
      570    457  6.00
      570    462  6.00
      570    506  6.00
      570    537  3.00
      571     37  3.00
      571     66  5.00
      571    215  5.00
      571    303  2.00
      571    395  3.00
      571    428  5.00
      571    450  3.00
      571    568  4.00
      573    619  2.00
      574    195  2.00
      574    197  6.00
      574    298  3.00
      574    470  2.00
      574    525  4.00
      576    221  3.00
      576    300  2.00
      576    317  1.00
      580     19  3.00
      580    619  2.00
      582     38  5.00
      582    201  2.00
      582    293  5.00
      582    306  3.00
      583    419  6.00
      583    588  5.00
      584     12  5.00
      584     35  1.00
      584     42  1.00
      584     75  3.00
      584    158  2.00
      584    192  1.00
      584    265  2.00
      584    273  1.00
      584    327  1.00
      585     26  1.00
      585     75  2.00
      585    144  4.00
      585    158  4.00
      585    267  3.00
      585    336  4.00
      585    383  4.00
      585    417  6.00
      585    451  3.00
      585    526  3.00
      586     67  3.00
      586    102  3.00
      586    225  2.00
      586    402  4.00
      586    482  4.00
      586    483  4.00
      586    523  3.00
      586    608  3.00
      587     60  4.00
      587     78  4.00
      587    250  4.00
      587    366  4.00
      587    528  2.00
      587    559  4.00
      588    419  5.00
      588    512  2.00
      588    583  6.00
      589     23  6.00
      589    279  6.00
      590    145  6.00
      590    242  6.00
      592    446  2.00
      592    527  3.00
      594     54  4.00
      594    126  3.00
      594    264  5.00
      594    287  4.00
      594    421  6.00
      594    465  3.00
      594    485  5.00
      594    604  5.00
      594    622  5.00
      595     79  2.00
      595    146  5.00
      595    148  2.00
      595    149  6.00
      595    355  3.00
      595    419  5.00
      595    532  2.00
      596     39  6.00
      596    142  6.00
      596    490  1.00
      596    592  6.00
      597    105  4.00
      597    497  1.00
      598      7  2.00
      598     35  2.00
      598     75  2.00
      598    557  2.00
      598    584  2.00
      600    170  1.00
      600    276  3.00
      600    402  2.00
      600    465  3.00
      600    594  2.00
      602     28  2.00
      602    290  2.00
      602    351  2.00
      604    179  2.00
      604    276  4.00
      604    287  2.00
      604    352  4.00
      604    420  3.00
      604    594  6.00
      605    456  3.00
      605    592  3.00
      605    614  2.00
      606     40  1.00
      606    196  5.00
      607    158  5.00
      607    209  4.00
      607    267  2.00
      607    336  2.00
      607    384  3.00
      607    488  4.00
      607    598  3.00
      608     37  2.00
      608    254  3.00
      608    402  4.00
      608    577  2.00
      609    118  4.00
      609    206  2.00
      610     54  2.00
      610    119  1.00
      610    201  2.00
      610    228  5.00
      610    352  1.00
      610    354  1.00
      611    397  6.00
      611    528  5.00
      611    531  3.00
      612    286  4.00
      612    520  3.00
      613    157  5.00
      614    325  6.00
      615    337  3.00
      615    518  3.00
      615    559  3.00
      616    205  2.00
      616    238  5.00
      618     79  2.00
      618    100  4.00
      618    241  4.00
      619     42  4.00
      619     46  6.00
      619    506  5.00
      620     28  3.00
      620     82  1.00
      620    486  2.00
      620    597  1.00
      621     33  2.00
      621    211  4.00
      621    223  4.00
      621    514  5.00
      621    524  3.00
      621    569  4.00
      622    155  3.00
      622    170  4.00
      622    421  6.00
      622    454  6.00
      622    485  5.00
      622    487  3.00
      622    594  6.00
      624     15  6.00
      624    455  3.00
      624    545  3.00
      624    614  3.00