DL
N=795
FORMAT=EDGELIST1
DATA:
        1    666  1.00
        2     35  6.00
        2    300  1.00
        2    402  1.00
        2    447  3.00
        2    468  1.00
        3     35  4.00
        3     38  2.00
        3    172  2.00
        3    190  2.00
        3    300  1.00
        3    335  6.00
        3    353  1.00
        3    424  1.00
        6    260  1.00
        6    346  1.00
        6    380  3.00
        6    385  2.00
        6    420  1.00
        6    432  3.00
        6    447  3.00
        8    230  3.00
        8    256  5.00
        8    373  2.00
        9     88  6.00
        9     90  4.00
        9    218  4.00
        9    301  1.00
        9    397  6.00
        9    400  4.00
        9    427  2.00
        9    455  5.00
       10     63  3.00
       10     90  1.00
       10    218  2.00
       10    220  1.00
       10    236  3.00
       10    239  2.00
       10    468  1.00
       11     96  6.00
       11    117  1.00
       11    192  1.00
       11    358  1.00
       12      2  1.00
       12     35  1.00
       12     90  1.00
       12    190  1.00
       12    231  2.00
       12    252  1.00
       12    297  1.00
       12    370  1.00
       12    373  1.00
       13     62  1.00
       13    168  1.00
       13    306  1.00
       13    470  6.00
       13    484  1.00
       15     56  3.00
       15    315  3.00
       15    324  6.00
       15    475  1.00
       16    101  1.00
       16    149  1.00
       16    172  1.00
       16    213  4.00
       16    355  2.00
       16    434  1.00
       16    475  1.00
       17    139  6.00
       17    185  3.00
       17    394  5.00
       18     53  6.00
       18    199  1.00
       18    222  1.00
       18    244  1.00
       18    391  1.00
       18    425  2.00
       18    449  2.00
       18    455  3.00
       19     69  1.00
       19    146  1.00
       19    326  1.00
       19    328  1.00
       20     33  1.00
       20     48  2.00
       20    158  1.00
       20    174  1.00
       20    242  2.00
       20    246  2.00
       20    281  1.00
       20    356  1.00
       21    107  4.00
       21    328  5.00
       21    360  3.00
       22     46  4.00
       22     80  5.00
       22     82  2.00
       22    194  5.00
       22    258  2.00
       22    476  3.00
       23     85  1.00
       23    349  2.00
       24    227  2.00
       24    239  4.00
       24    267  1.00
       25     51  5.00
       25     89  1.00
       25    197  1.00
       25    323  1.00
       25    358  1.00
       25    369  3.00
       26     93  5.00
       26    172  1.00
       26    275  3.00
       26    295  2.00
       26    337  3.00
       26    370  3.00
       26    433  6.00
       28      7  1.00
       28     27  1.00
       28    159  2.00
       28    192  1.00
       28    217  1.00
       28    375  4.00
       28    418  1.00
       28    450  1.00
       28    456  1.00
       29    284  4.00
       29    358  4.00
       30    114  5.00
       30    158  4.00
       30    223  1.00
       30    311  1.00
       31    104  3.00
       31    220  1.00
       31    302  2.00
       33     51  2.00
       33     96  3.00
       33    258  4.00
       33    281  1.00
       33    419  1.00
       34     15  3.00
       34    164  6.00
       34    474  5.00
       35    132  3.00
       35    222  1.00
       35    286  1.00
       35    295  1.00
       35    337  1.00
       35    353  1.00
       35    370  1.00
       35    429  3.00
       36     69  5.00
       36    115  6.00
       36    163  1.00
       36    167  1.00
       36    191  1.00
       36    360  1.00
       36    381  2.00
       36    415  1.00
       37    116  4.00
       37    405  3.00
       38     90  4.00
       38    220  1.00
       38    400  6.00
       38    420  1.00
       38    427  1.00
       38    455  1.00
       38    485  2.00
       39    185  1.00
       39    235  1.00
       39    277  1.00
       39    287  4.00
       39    332  1.00
       40    152  1.00
       40    186  1.00
       40    235  4.00
       40    264  1.00
       40    274  3.00
       40    298  3.00
       40    427  1.00
       41      4  1.00
       41    161  3.00
       41    329  2.00
       41    438  1.00
       42    123  1.00
       42    265  1.00
       42    486  1.00
       43    223  2.00
       43    242  4.00
       43    365  4.00
       43    442  6.00
       43    478  2.00
       44    228  2.00
       44    348  3.00
       44    387  1.00
       44    424  2.00
       44    446  1.00
       45     77  1.00
       45    145  1.00
       46    213  3.00
       46    369  1.00
       46    423  1.00
       48    356  1.00
       49     85  4.00
       49    189  4.00
       49    215  4.00
       49    335  5.00
       49    376  2.00
       49    467  4.00
       50    168  3.00
       50    171  1.00
       50    172  4.00
       50    266  6.00
       50    347  3.00
       50    399  3.00
       50    416  2.00
       50    470  1.00
       50    484  1.00
       52    100  2.00
       52    103  4.00
       52    237  5.00
       52    303  5.00
       52    339  3.00
       52    340  2.00
       52    400  1.00
       52    485  1.00
       53     18  6.00
       53    134  2.00
       53    350  2.00
       53    425  2.00
       54    404  1.00
       55    251  1.00
       55    261  3.00
       55    276  2.00
       55    393  1.00
       55    467  1.00
       56     15  3.00
       56    171  2.00
       56    390  1.00
       56    444  3.00
       57    122  1.00
       57    165  3.00
       57    216  1.00
       58     63  3.00
       58     88  1.00
       58    170  1.00
       58    179  3.00
       58    289  1.00
       58    295  1.00
       58    305  2.00
       58    371  2.00
       58    441  1.00
       59      9  3.00
       59     86  1.00
       59     90  1.00
       59    259  1.00
       59    301  1.00
       59    397  1.00
       59    400  1.00
       59    420  2.00
       59    427  3.00
       59    455  5.00
       60    179  2.00
       60    222  2.00
       60    231  3.00
       60    295  1.00
       60    337  1.00
       60    440  3.00
       60    452  3.00
       62     13  3.00
       62    168  3.00
       62    265  4.00
       62    335  3.00
       63     10  2.00
       63     58  3.00
       63     90  1.00
       63    140  1.00
       63    170  3.00
       63    239  1.00
       63    289  3.00
       63    291  1.00
       63    305  1.00
       63    371  1.00
       64    226  1.00
       64    339  4.00
       64    347  2.00
       64    385  2.00
       65     63  2.00
       65     90  1.00
       65    126  3.00
       65    142  4.00
       65    170  2.00
       65    222  1.00
       65    289  2.00
       65    306  4.00
       65    370  2.00
       65    400  3.00
       67     59  2.00
       67    171  4.00
       67    301  1.00
       67    420  1.00
       67    427  1.00
       67    455  2.00
       68     32  2.00
       68    117  2.00
       68    195  3.00
       68    292  4.00
       68    359  5.00
       70     15  3.00
       70     26  1.00
       70    140  6.00
       70    300  3.00
       70    337  1.00
       70    353  1.00
       70    370  4.00
       70    440  3.00
       70    475  3.00
       71    449  2.00
       72      2  4.00
       72      3  4.00
       72    157  4.00
       72    172  1.00
       72    248  3.00
       72    376  2.00
       72    455  3.00
       72    475  1.00
       73    132  1.00
       73    155  3.00
       73    157  2.00
       73    179  1.00
       73    181  2.00
       73    268  3.00
       73    413  2.00
       73    433  1.00
       73    465  2.00
       74    106  1.00
       74    150  1.00
       74    407  1.00
       76     93  1.00
       76    169  2.00
       76    238  1.00
       76    333  1.00
       76    417  2.00
       76    451  1.00
       78      6  1.00
       78    122  1.00
       78    216  1.00
       78    342  1.00
       78    382  1.00
       78    410  2.00
       78    472  1.00
       78    485  2.00
       79     69  4.00
       79     94  2.00
       79    115  1.00
       79    240  4.00
       79    243  4.00
       79    346  3.00
       79    359  2.00
       79    444  2.00
       79    471  1.00
       80     22  3.00
       80     68  3.00
       80    101  3.00
       80    144  3.00
       80    219  3.00
       80    359  3.00
       80    450  3.00
       81    392  1.00
       82      7  1.00
       82     99  1.00
       82    117  1.00
       82    210  1.00
       82    269  1.00
       82    361  1.00
       82    434  1.00
       83     76  1.00
       83     95  5.00
       83    106  4.00
       83    108  2.00
       83    155  1.00
       83    173  1.00
       83    202  2.00
       83    330  1.00
       83    344  1.00
       84    229  1.00
       85     49  2.00
       85    147  1.00
       85    215  6.00
       85    349  4.00
       85    354  1.00
       86     87  2.00
       86    129  2.00
       86    232  2.00
       86    303  2.00
       86    354  2.00
       86    371  1.00
       86    414  2.00
       87     31  2.00
       87    298  1.00
       87    348  1.00
       87    373  1.00
       88      9  4.00
       88     38  2.00
       88    218  3.00
       88    220  1.00
       88    236  1.00
       88    352  1.00
       88    397  2.00
       88    441  3.00
       88    455  1.00
       89     32  1.00
       89    423  1.00
       89    444  1.00
       90      9  2.00
       90     38  3.00
       90    306  3.00
       90    397  2.00
       90    400  3.00
       91     96  3.00
       91    117  1.00
       91    197  1.00
       91    296  4.00
       91    323  4.00
       91    444  2.00
       91    456  1.00
       92     87  2.00
       92    104  4.00
       92    271  2.00
       92    338  5.00
       92    366  1.00
       92    458  2.00
       93      2  2.00
       93     31  4.00
       93     35  2.00
       93     50  2.00
       93    104  3.00
       93    129  5.00
       93    135  2.00
       93    172  3.00
       93    186  1.00
       93    297  6.00
       94    101  1.00
       94    149  1.00
       94    197  1.00
       94    211  1.00
       94    221  1.00
       94    240  1.00
       94    243  1.00
       94    346  1.00
       94    359  1.00
       95    130  2.00
       95    268  2.00
       95    309  2.00
       95    337  2.00
       95    367  2.00
       95    393  2.00
       95    443  2.00
       95    452  2.00
       96    117  3.00
       96    192  6.00
       96    456  1.00
       97      4  1.00
       97     48  1.00
       97     51  1.00
       97    120  1.00
       97    144  2.00
       97    194  1.00
       97    209  2.00
       97    312  2.00
       97    432  1.00
       98     38  1.00
       98     93  3.00
       98    163  2.00
       98    305  1.00
       98    340  4.00
       98    404  1.00
      100     52  3.00
      100    103  6.00
      100    139  1.00
      100    171  2.00
      100    286  3.00
      100    303  2.00
      100    422  1.00
      100    468  4.00
      100    485  1.00
      102     15  1.00
      102    111  1.00
      102    116  2.00
      102    125  1.00
      102    145  2.00
      102    213  2.00
      102    260  3.00
      102    403  1.00
      102    444  2.00
      104     31  2.00
      104     92  4.00
      104    178  2.00
      104    235  6.00
      104    338  5.00
      104    458  5.00
      105    190  1.00
      105    252  1.00
      105    265  2.00
      105    302  2.00
      105    427  1.00
      106     27  2.00
      106     74  3.00
      106     75  1.00
      106     83  1.00
      106    249  2.00
      106    441  1.00
      107    146  2.00
      108     29  1.00
      108    139  1.00
      108    204  1.00
      108    226  2.00
      108    298  1.00
      108    334  4.00
      108    403  1.00
      108    465  1.00
      108    486  1.00
      109    178  3.00
      109    271  2.00
      110    165  2.00
      110    225  2.00
      110    314  2.00
      110    322  2.00
      110    374  2.00
      110    402  2.00
      110    410  2.00
      111     82  1.00
      111    117  1.00
      111    262  4.00
      112     15  1.00
      112    211  1.00
      112    330  6.00
      114     30  5.00
      114    158  6.00
      114    188  1.00
      114    217  2.00
      114    223  3.00
      114    311  2.00
      114    412  1.00
      114    456  1.00
      116    182  1.00
      116    258  1.00
      116    284  1.00
      116    375  2.00
      116    385  2.00
      116    423  2.00
      116    476  1.00
      117     82  1.00
      117     89  4.00
      117     96  3.00
      117     99  2.00
      117    192  5.00
      117    217  1.00
      117    269  1.00
      118     10  2.00
      118     62  3.00
      118    138  5.00
      118    275  3.00
      118    314  2.00
      118    321  4.00
      118    401  3.00
      119     93  1.00
      119    140  1.00
      119    259  1.00
      119    371  1.00
      119    376  1.00
      119    377  6.00
      119    424  1.00
      119    440  1.00
      120    158  1.00
      120    161  1.00
      120    260  2.00
      120    431  2.00
      120    432  2.00
      121     67  4.00
      121    190  5.00
      121    270  3.00
      121    397  3.00
      121    420  4.00
      121    427  4.00
      121    447  4.00
      121    455  6.00
      121    468  5.00
      122     78  1.00
      122    165  2.00
      122    199  2.00
      122    216  3.00
      122    341  1.00
      122    411  1.00
      122    482  1.00
      123     14  1.00
      123    105  1.00
      123    141  5.00
      123    264  2.00
      124    118  1.00
      124    132  1.00
      124    151  1.00
      124    246  1.00
      124    313  2.00
      124    321  1.00
      124    425  2.00
      124    437  1.00
      124    443  3.00
      125    194  5.00
      125    209  3.00
      126     14  3.00
      126     58  2.00
      126     63  2.00
      126     65  4.00
      126    140  2.00
      126    142  5.00
      126    170  2.00
      126    289  2.00
      127    131  3.00
      128    147  2.00
      128    261  1.00
      128    373  1.00
      128    462  5.00
      130     95  3.00
      131    127  2.00
      131    155  1.00
      131    340  1.00
      132     26  2.00
      132     95  1.00
      132    212  1.00
      132    353  1.00
      132    433  1.00
      132    452  1.00
      133     27  1.00
      133     42  2.00
      133    264  6.00
      133    306  2.00
      133    484  1.00
      134     53  1.00
      134    136  3.00
      134    179  1.00
      134    199  2.00
      134    244  1.00
      134    350  2.00
      134    404  5.00
      134    425  2.00
      134    441  1.00
      135     93  3.00
      135    171  3.00
      135    172  3.00
      135    186  4.00
      135    203  2.00
      135    424  2.00
      135    426  4.00
      135    475  3.00
      136     62  2.00
      136    134  6.00
      136    359  2.00
      136    373  1.00
      136    404  3.00
      138    118  3.00
      138    275  2.00
      138    321  2.00
      139     11  6.00
      139     17  6.00
      139    185  6.00
      139    306  6.00
      139    385  2.00
      139    394  6.00
      139    485  3.00
      140      2  2.00
      140     93  1.00
      140    119  1.00
      140    135  1.00
      140    289  5.00
      140    291  1.00
      140    371  1.00
      140    376  1.00
      140    487  2.00
      141    123  4.00
      141    484  6.00
      142     65  4.00
      142    301  3.00
      142    316  2.00
      142    380  1.00
      143     14  1.00
      143    237  1.00
      143    252  2.00
      143    318  1.00
      143    347  1.00
      146    107  3.00
      146    115  1.00
      146    184  3.00
      146    211  1.00
      146    243  2.00
      146    343  1.00
      146    360  3.00
      146    444  2.00
      147    252  1.00
      147    267  1.00
      147    297  1.00
      147    298  1.00
      147    347  1.00
      147    373  1.00
      148     43  6.00
      148     46  2.00
      148    182  3.00
      148    242  1.00
      148    258  2.00
      148    284  2.00
      148    418  1.00
      148    423  1.00
      148    450  1.00
      149     16  3.00
      149    101  3.00
      149    164  4.00
      149    355  4.00
      149    359  3.00
      149    440  2.00
      150    227  2.00
      150    298  4.00
      150    403  2.00
      150    407  3.00
      151    337  2.00
      151    354  1.00
      151    474  3.00
      152     39  1.00
      152    186  6.00
      152    274  5.00
      153     26  1.00
      153    231  2.00
      153    295  2.00
      153    337  1.00
      153    370  2.00
      153    433  2.00
      153    452  1.00
      154    180  1.00
      154    195  1.00
      154    211  1.00
      154    243  1.00
      154    246  1.00
      154    257  1.00
      154    319  1.00
      154    326  1.00
      154    346  5.00
      154    444  4.00
      155    141  1.00
      155    306  4.00
      155    331  4.00
      155    388  5.00
      155    448  4.00
      155    465  6.00
      157     72  5.00
      157    155  6.00
      157    181  3.00
      157    190  3.00
      157    248  3.00
      157    331  4.00
      157    370  4.00
      157    465  6.00
      157    475  3.00
      158     30  5.00
      158    114  5.00
      158    292  3.00
      161     41  6.00
      161     89  3.00
      161    428  4.00
      162    161  1.00
      162    209  1.00
      163     36  6.00
      163     79  1.00
      163    115  4.00
      163    164  6.00
      163    191  2.00
      163    355  4.00
      163    444  3.00
      164     15  5.00
      164     35  2.00
      164    149  3.00
      164    163  3.00
      164    213  2.00
      164    315  4.00
      164    408  3.00
      164    428  2.00
      164    487  3.00
      165     57  3.00
      165    122  2.00
      165    225  2.00
      165    314  3.00
      165    320  2.00
      165    402  2.00
      165    466  3.00
      166     26  3.00
      166     95  2.00
      166    261  1.00
      166    268  2.00
      166    337  3.00
      166    363  2.00
      166    393  1.00
      166    424  2.00
      167     32  2.00
      167    471  2.00
      167    473  2.00
      167    480  2.00
      168     31  4.00
      168    141  2.00
      168    171  6.00
      168    247  5.00
      168    264  2.00
      168    265  5.00
      168    422  6.00
      168    470  1.00
      170     10  1.00
      170     58  2.00
      170     63  3.00
      170     65  3.00
      170    126  2.00
      170    140  2.00
      170    289  4.00
      170    291  3.00
      170    305  2.00
      170    404  2.00
      171    168  5.00
      171    220  6.00
      171    265  6.00
      171    408  1.00
      171    420  2.00
      172      2  1.00
      172     31  3.00
      172     93  3.00
      172    203  1.00
      172    266  5.00
      172    385  4.00
      172    416  3.00
      172    424  2.00
      172    447  4.00
      172    483  1.00
      173     27  2.00
      173     41  2.00
      173    106  1.00
      173    364  1.00
      173    463  2.00
      174     20  3.00
      174    120  1.00
      174    224  1.00
      174    242  2.00
      176     77  2.00
      177     15  1.00
      177    170  1.00
      177    181  1.00
      177    286  3.00
      177    289  3.00
      177    324  2.00
      177    371  1.00
      177    388  2.00
      177    406  5.00
      177    465  2.00
      178     40  3.00
      178     92  2.00
      178    103  2.00
      178    104  4.00
      178    237  2.00
      178    252  4.00
      178    338  6.00
      178    339  2.00
      178    458  1.00
      179      9  3.00
      179     58  4.00
      179    218  2.00
      179    220  1.00
      179    222  3.00
      179    259  2.00
      179    289  1.00
      179    305  2.00
      179    400  2.00
      180    101  1.00
      180    149  1.00
      180    163  5.00
      180    197  5.00
      180    355  3.00
      180    372  4.00
      180    444  1.00
      180    480  3.00
      181    155  3.00
      181    358  1.00
      181    465  6.00
      181    470  1.00
      182     99  3.00
      182    195  4.00
      182    284  5.00
      182    380  3.00
      182    423  2.00
      182    436  4.00
      183      2  2.00
      183    157  2.00
      183    190  1.00
      183    248  2.00
      183    300  4.00
      183    371  1.00
      183    475  1.00
      183    483  2.00
      185     17  5.00
      185    139  6.00
      185    186  2.00
      185    274  3.00
      185    332  2.00
      185    394  4.00
      186     40  1.00
      186    152  5.00
      186    247  5.00
      186    274  6.00
      187     13  5.00
      187    189  2.00
      188     89  5.00
      188    423  5.00
      189     43  6.00
      189     49  1.00
      190      3  3.00
      190     72  1.00
      190    157  2.00
      190    248  3.00
      190    266  2.00
      190    422  2.00
      190    440  5.00
      190    475  5.00
      192     82  1.00
      192    117  6.00
      192    434  4.00
      192    456  1.00
      193    192  1.00
      193    197  4.00
      193    269  1.00
      193    323  3.00
      193    361  1.00
      193    436  6.00
      193    439  3.00
      194     22  3.00
      194    209  2.00
      194    344  3.00
      195     89  1.00
      195    144  4.00
      195    182  3.00
      195    396  3.00
      195    423  4.00
      195    436  5.00
      196     94  3.00
      196    219  3.00
      196    245  3.00
      196    288  3.00
      196    478  5.00
      197     89  2.00
      197    188  2.00
      197    193  3.00
      197    196  4.00
      197    281  4.00
      198      6  3.00
      198     40  3.00
      198    131  2.00
      198    304  2.00
      198    335  2.00
      199     58  2.00
      199     78  3.00
      199    122  3.00
      199    134  2.00
      199    216  3.00
      199    404  2.00
      199    410  1.00
      199    460  1.00
      200     14  1.00
      200    150  3.00
      200    155  1.00
      200    220  1.00
      200    227  1.00
      200    298  1.00
      200    468  2.00
      202    105  1.00
      202    225  4.00
      202    314  2.00
      202    402  6.00
      202    404  1.00
      202    415  2.00
      202    445  1.00
      203    135  1.00
      203    266  1.00
      203    353  2.00
      203    424  3.00
      203    426  2.00
      203    453  3.00
      204    155  4.00
      204    181  3.00
      204    286  1.00
      204    331  4.00
      204    403  2.00
      204    422  5.00
      204    465  5.00
      204    470  6.00
      204    484  4.00
      204    486  1.00
      205    153  3.00
      205    154  3.00
      205    207  5.00
      205    222  3.00
      205    226  2.00
      205    317  2.00
      205    446  3.00
      205    453  2.00
      206    237  1.00
      206    255  1.00
      206    299  1.00
      206    313  1.00
      206    333  6.00
      206    449  1.00
      207    205  4.00
      207    212  1.00
      207    250  1.00
      207    473  2.00
      209    111  3.00
      209    162  3.00
      209    362  4.00
      210      7  4.00
      210     99  2.00
      211     94  2.00
      211    101  1.00
      211    180  1.00
      211    279  2.00
      211    288  2.00
      211    355  2.00
      211    364  1.00
      211    436  2.00
      212     52  4.00
      212     93  2.00
      212    250  4.00
      212    259  2.00
      212    273  1.00
      212    337  2.00
      212    424  2.00
      215     85  2.00
      215     86  2.00
      215    387  1.00
      215    414  1.00
      215    472  6.00
      216     18  2.00
      216     78  1.00
      216    122  5.00
      216    136  1.00
      216    165  2.00
      216    199  1.00
      216    391  1.00
      216    411  1.00
      216    425  1.00
      217    114  1.00
      217    223  2.00
      217    381  3.00
      218     10  2.00
      218     67  3.00
      218     88  5.00
      218     90  4.00
      218    220  5.00
      218    236  2.00
      218    301  3.00
      219     28  2.00
      219     46  1.00
      219    159  1.00
      219    188  1.00
      219    196  2.00
      219    245  2.00
      219    316  2.00
      219    380  2.00
      219    438  2.00
      220     10  2.00
      220    171  6.00
      220    218  6.00
      220    236  2.00
      220    376  5.00
      220    408  3.00
      221    115  5.00
      221    217  3.00
      221    359  5.00
      221    381  5.00
      222    179  5.00
      222    188  2.00
      222    400  4.00
      222    426  3.00
      223     32  2.00
      223     46  3.00
      223    148  2.00
      223    242  2.00
      223    311  5.00
      223    365  2.00
      224     20  2.00
      224     90  3.00
      224    174  1.00
      224    195  1.00
      224    269  2.00
      224    380  2.00
      224    436  3.00
      225    165  1.00
      225    172  1.00
      225    250  1.00
      225    313  1.00
      225    314  1.00
      225    322  2.00
      225    399  5.00
      225    411  1.00
      225    466  1.00
      226     72  1.00
      226     93  1.00
      226    106  1.00
      226    129  4.00
      226    315  1.00
      226    317  6.00
      226    393  1.00
      226    424  4.00
      226    446  4.00
      227     24  2.00
      227    128  6.00
      227    256  2.00
      227    352  1.00
      228     65  3.00
      228    170  3.00
      228    222  4.00
      228    289  4.00
      228    376  4.00
      228    404  3.00
      229    466  1.00
      230     54  4.00
      230    256  3.00
      230    297  2.00
      230    354  3.00
      230    426  1.00
      230    462  3.00
      231    132  3.00
      231    157  1.00
      231    255  2.00
      231    370  3.00
      231    401  1.00
      231    440  4.00
      231    452  4.00
      231    453  1.00
      232     86  5.00
      232    237  2.00
      232    339  2.00
      232    468  2.00
      233    151  2.00
      233    166  1.00
      233    225  1.00
      233    322  3.00
      234    289  1.00
      234    389  1.00
      234    420  1.00
      234    422  1.00
      234    424  1.00
      234    446  1.00
      234    453  1.00
      234    484  1.00
      236     10  2.00
      236    234  1.00
      236    239  1.00
      236    261  4.00
      236    263  4.00
      236    321  1.00
      236    395  1.00
      237     40  6.00
      237     52  4.00
      237    103  4.00
      237    189  4.00
      237    271  5.00
      237    303  4.00
      237    338  4.00
      237    339  6.00
      237    347  2.00
      237    385  5.00
      238    137  2.00
      239      2  1.00
      239      6  2.00
      239     10  2.00
      239     63  2.00
      239    236  3.00
      239    340  1.00
      239    397  1.00
      239    400  1.00
      239    455  1.00
      240     68  3.00
      240     79  4.00
      240     94  2.00
      240    101  4.00
      240    346  2.00
      240    359  3.00
      240    375  3.00
      240    469  6.00
      241     93  1.00
      241    172  1.00
      241    183  1.00
      241    248  1.00
      241    300  1.00
      241    353  1.00
      241    371  1.00
      241    483  1.00
      242     46  1.00
      242    148  2.00
      242    182  2.00
      242    365  4.00
      242    418  4.00
      242    459  1.00
      243     79  3.00
      243    213  4.00
      243    223  2.00
      243    240  6.00
      243    372  2.00
      244    289  1.00
      244    391  4.00
      244    425  1.00
      245    194  4.00
      245    196  3.00
      245    323  4.00
      246     19  1.00
      246     69  1.00
      246    107  2.00
      246    343  2.00
      246    359  1.00
      246    360  1.00
      246    444  2.00
      247     39  2.00
      247    105  3.00
      247    186  5.00
      247    258  3.00
      247    264  4.00
      247    269  2.00
      248     72  2.00
      248    140  1.00
      248    157  2.00
      248    190  2.00
      248    241  1.00
      248    300  3.00
      248    370  1.00
      248    440  1.00
      248    475  2.00
      249    106  3.00
      249    253  2.00
      249    264  2.00
      249    334  2.00
      249    445  4.00
      249    482  2.00
      249    483  1.00
      249    484  2.00
      250     21  1.00
      250    172  1.00
      250    207  3.00
      250    212  1.00
      250    225  2.00
      251    104  6.00
      251    151  6.00
      251    340  2.00
      251    373  5.00
      251    414  1.00
      252     12  1.00
      252     31  1.00
      252    143  3.00
      252    178  5.00
      252    237  3.00
      252    297  2.00
      252    339  3.00
      253    165  1.00
      253    267  1.00
      253    341  3.00
      254    295  1.00
      254    299  2.00
      254    317  4.00
      254    353  4.00
      254    378  2.00
      255    198  1.00
      255    299  2.00
      255    304  2.00
      256      8  6.00
      256    252  3.00
      256    373  3.00
      256    470  3.00
      257      2  6.00
      257      3  4.00
      257    190  3.00
      257    300  2.00
      257    475  4.00
      259     59  5.00
      259    376  5.00
      259    400  2.00
      259    420  1.00
      259    427  1.00
      259    455  2.00
      259    468  1.00
      260    102  1.00
      260    158  1.00
      260    221  1.00
      260    262  1.00
      260    325  4.00
      260    431  2.00
      260    432  3.00
      260    471  3.00
      261    236  5.00
      261    237  1.00
      261    263  4.00
      261    297  2.00
      261    458  3.00
      262     32  1.00
      262     68  1.00
      262     89  1.00
      262     99  1.00
      262    111  4.00
      262    380  1.00
      262    421  1.00
      262    432  1.00
      262    459  1.00
      263     86  3.00
      263    236  4.00
      263    261  2.00
      263    347  2.00
      263    348  1.00
      263    373  1.00
      263    399  2.00
      264     42  6.00
      264    133  5.00
      264    168  4.00
      264    247  3.00
      264    306  5.00
      264    386  3.00
      264    484  4.00
      265     62  4.00
      265    168  6.00
      265    171  5.00
      265    448  4.00
      265    484  1.00
      266     31  1.00
      266     50  5.00
      266    154  1.00
      266    172  4.00
      266    190  1.00
      266    222  1.00
      266    353  3.00
      266    376  1.00
      266    416  5.00
      266    440  1.00
      267     87  4.00
      267    104  3.00
      267    252  3.00
      267    256  4.00
      267    273  3.00
      267    373  6.00
      267    386  3.00
      267    388  5.00
      268     73  1.00
      268    119  2.00
      268    149  1.00
      268    367  4.00
      268    393  1.00
      268    429  5.00
      268    435  3.00
      268    452  1.00
      268    486  2.00
      269     96  3.00
      269    117  2.00
      269    196  3.00
      269    316  1.00
      269    361  6.00
      269    380  3.00
      269    456  3.00
      271    303  3.00
      271    339  4.00
      272      2  1.00
      272     10  3.00
      272     72  1.00
      272     90  1.00
      272    228  1.00
      272    400  1.00
      273     93  3.00
      273    151  2.00
      273    239  1.00
      273    373  6.00
      274    155  4.00
      274    376  5.00
      275     12  2.00
      275     27  2.00
      275     90  3.00
      275     93  1.00
      275    132  1.00
      275    151  1.00
      275    241  1.00
      275    377  4.00
      275    401  5.00
      276     55  1.00
      276    157  1.00
      276    189  1.00
      276    222  3.00
      276    363  1.00
      276    367  4.00
      276    467  2.00
      276    468  1.00
      277     39  5.00
      277    235  1.00
      277    247  1.00
      277    287  5.00
      277    306  1.00
      277    380  1.00
      278    207  3.00
      278    230  5.00
      280    122  1.00
      280    136  4.00
      280    216  1.00
      280    314  1.00
      280    441  1.00
      281     51  3.00
      282     50  1.00
      282    252  1.00
      282    264  1.00
      282    334  3.00
      282    408  1.00
      282    422  1.00
      282    426  2.00
      282    484  1.00
      283    230  4.00
      283    232  2.00
      283    298  2.00
      283    341  2.00
      283    426  2.00
      283    462  2.00
      284    148  4.00
      284    182  6.00
      284    380  4.00
      284    423  3.00
      284    459  1.00
      284    478  3.00
      285    136  3.00
      285    165  1.00
      285    250  2.00
      285    253  1.00
      285    445  1.00
      286    100  2.00
      286    181  4.00
      286    271  1.00
      286    298  1.00
      286    373  1.00
      286    388  2.00
      286    465  6.00
      286    468  1.00
      287     39  5.00
      287    185  3.00
      287    186  4.00
      287    189  2.00
      287    235  2.00
      287    286  4.00
      287    332  2.00
      287    464  5.00
      289     58  2.00
      289     63  2.00
      289     65  2.00
      289    140  5.00
      289    170  3.00
      289    335  2.00
      289    371  2.00
      289    384  1.00
      289    440  4.00
      289    475  3.00
      290     73  1.00
      290    291  1.00
      290    334  1.00
      290    389  1.00
      290    440  1.00
      291     67  2.00
      291    135  2.00
      291    140  2.00
      291    151  2.00
      291    487  2.00
      292     32  4.00
      292     68  3.00
      292    158  3.00
      292    161  2.00
      292    428  2.00
      292    444  2.00
      293     15  2.00
      295     26  1.00
      295    132  1.00
      295    157  1.00
      295    231  1.00
      295    337  1.00
      295    370  4.00
      295    378  2.00
      295    401  1.00
      295    433  1.00
      295    452  3.00
      296     89  3.00
      296     91  6.00
      296    325  5.00
      296    420  3.00
      296    456  6.00
      297     40  2.00
      297     93  6.00
      297    136  2.00
      297    252  3.00
      297    261  2.00
      297    302  2.00
      297    373  6.00
      298     40  5.00
      298     42  1.00
      298     87  1.00
      298    237  3.00
      298    348  6.00
      298    373  1.00
      298    399  4.00
      298    403  2.00
      299     26  2.00
      299    132  2.00
      299    254  2.00
      299    259  2.00
      299    294  2.00
      299    317  2.00
      299    337  2.00
      299    393  2.00
      300      2  2.00
      300      3  2.00
      300     15  2.00
      300     35  2.00
      300    172  2.00
      300    183  2.00
      300    248  2.00
      300    353  2.00
      300    371  2.00
      301     59  3.00
      301     90  1.00
      301    129  2.00
      301    222  1.00
      301    236  3.00
      301    420  2.00
      301    455  3.00
      301    485  1.00
      302     31  2.00
      302    105  2.00
      302    287  2.00
      302    297  2.00
      302    331  3.00
      302    332  2.00
      302    458  3.00
      303     40  3.00
      303     52  5.00
      303    100  2.00
      303    103  4.00
      303    237  4.00
      303    271  3.00
      303    339  6.00
      304    198  2.00
      304    206  1.00
      304    250  2.00
      304    255  2.00
      304    335  1.00
      304    376  1.00
      304    429  1.00
      304    433  1.00
      304    435  1.00
      305     10  2.00
      305     58  4.00
      305     65  1.00
      305    170  3.00
      305    179  5.00
      305    259  2.00
      305    289  3.00
      305    397  1.00
      306     13  3.00
      306    139  6.00
      306    185  2.00
      306    264  5.00
      306    400  4.00
      308    252  2.00
      309     73  2.00
      309     95  3.00
      309    222  1.00
      309    363  3.00
      309    367  2.00
      309    383  6.00
      309    452  1.00
      313    225  2.00
      313    250  1.00
      313    314  3.00
      313    320  2.00
      313    322  3.00
      313    402  2.00
      314    165  2.00
      314    225  1.00
      314    313  2.00
      314    320  1.00
      314    462  5.00
      314    466  5.00
      315     15  2.00
      315     35  2.00
      315     93  2.00
      315    135  2.00
      315    300  2.00
      315    335  2.00
      315    337  2.00
      315    371  2.00
      315    415  2.00
      315    433  2.00
      316    117  1.00
      316    142  1.00
      316    213  1.00
      316    380  6.00
      316    456  1.00
      316    458  1.00
      317    254  4.00
      317    452  1.00
      318     14  3.00
      318     87  1.00
      318    236  1.00
      318    267  1.00
      318    373  1.00
      318    403  1.00
      318    486  2.00
      319     20  4.00
      319    257  2.00
      319    351  2.00
      319    419  1.00
      320    165  2.00
      320    225  1.00
      320    230  5.00
      320    313  1.00
      320    402  1.00
      320    462  2.00
      320    466  1.00
      321     12  2.00
      321    118  4.00
      321    138  3.00
      321    231  1.00
      321    248  1.00
      321    275  2.00
      321    370  2.00
      321    401  1.00
      321    475  1.00
      322    225  2.00
      322    304  1.00
      322    313  3.00
      322    314  6.00
      322    374  2.00
      322    379  3.00
      322    402  2.00
      323     32  1.00
      323    193  2.00
      323    197  3.00
      323    439  2.00
      324     15  6.00
      324    177  3.00
      326     31  3.00
      326     35  2.00
      326    190  2.00
      326    203  3.00
      326    237  1.00
      326    266  5.00
      326    339  1.00
      326    475  2.00
      327     66  2.00
      327    159  4.00
      327    380  5.00
      327    470  2.00
      329     32  1.00
      329     41  3.00
      329    101  6.00
      329    161  1.00
      329    323  1.00
      329    432  1.00
      329    438  3.00
      329    439  1.00
      330    112  5.00
      330    381  5.00
      330    432  3.00
      330    476  3.00
      331     31  1.00
      331    274  1.00
      331    297  1.00
      332     39  1.00
      332     40  1.00
      332    185  3.00
      332    186  1.00
      332    454  1.00
      332    458  1.00
      333     54  4.00
      333     55  1.00
      333     76  1.00
      333    206  4.00
      334    108  6.00
      334    155  3.00
      334    173  6.00
      334    227  1.00
      334    282  6.00
      334    298  1.00
      334    422  2.00
      334    426  6.00
      334    484  2.00
      335      2  5.00
      335      3  5.00
      335     15  2.00
      335     35  4.00
      335     62  2.00
      335     72  2.00
      335    289  2.00
      335    376  4.00
      335    424  2.00
      335    475  2.00
      337    153  3.00
      337    295  3.00
      337    370  3.00
      337    483  3.00
      338     92  4.00
      338    104  5.00
      338    178  6.00
      338    237  2.00
      338    394  2.00
      339     40  4.00
      339     52  3.00
      339    189  4.00
      339    237  5.00
      339    271  4.00
      339    298  2.00
      339    303  6.00
      339    338  2.00
      340    103  4.00
      340    171  1.00
      341    139  1.00
      341    152  4.00
      341    185  3.00
      341    186  5.00
      341    394  1.00
      342    387  3.00
      343     19  1.00
      343    115  1.00
      343    146  1.00
      343    167  1.00
      343    345  4.00
      343    359  1.00
      343    372  1.00
      345     69  3.00
      345     89  6.00
      345     91  2.00
      345     99  4.00
      345    399  1.00
      345    411  1.00
      345    431  5.00
      346     68  4.00
      346     79  2.00
      346    243  2.00
      346    359  2.00
      346    371  4.00
      346    444  2.00
      347    147  1.00
      347    236  1.00
      347    348  1.00
      347    373  1.00
      347    399  3.00
      347    403  6.00
      347    420  3.00
      348     87  1.00
      348    251  2.00
      348    252  3.00
      348    298  5.00
      348    347  2.00
      348    373  1.00
      349     85  2.00
      349    215  1.00
      349    251  2.00
      349    263  1.00
      349    472  1.00
      350     53  2.00
      350    134  2.00
      350    199  2.00
      350    354  4.00
      350    391  2.00
      350    460  2.00
      351     16  2.00
      351     79  1.00
      351    107  1.00
      351    149  2.00
      351    246  1.00
      351    346  2.00
      351    369  1.00
      351    419  2.00
      351    444  3.00
      353      2  2.00
      353     35  2.00
      353    183  2.00
      353    190  1.00
      353    300  2.00
      353    371  2.00
      353    424  2.00
      354    151  2.00
      354    215  1.00
      354    408  1.00
      355     69  3.00
      355    149  2.00
      355    211  1.00
      355    358  4.00
      355    372  2.00
      355    444  2.00
      355    471  1.00
      355    480  1.00
      356     48  6.00
      357    242  2.00
      357    311  4.00
      357    398  3.00
      358     11  5.00
      358     25  2.00
      358     96  3.00
      358    188  2.00
      358    192  5.00
      358    423  2.00
      358    470  3.00
      360     25  1.00
      360     69  3.00
      360     79  1.00
      360    180  6.00
      360    355  1.00
      360    372  1.00
      361    168  1.00
      361    182  2.00
      361    269  5.00
      361    456  1.00
      361    459  1.00
      362     32  1.00
      362     69  1.00
      362     99  5.00
      362    162  5.00
      362    209  2.00
      362    325  4.00
      362    365  3.00
      363    268  3.00
      363    291  2.00
      363    367  3.00
      363    413  1.00
      364    125  2.00
      365     32  4.00
      365    242  5.00
      366    103  2.00
      366    340  3.00
      366    462  6.00
      367    155  2.00
      367    181  2.00
      367    186  4.00
      367    187  3.00
      367    309  3.00
      367    363  3.00
      367    386  3.00
      367    452  2.00
      368    410  1.00
      369     25  4.00
      369     32  1.00
      369    221  4.00
      369    323  1.00
      370     26  1.00
      370     58  1.00
      370     65  3.00
      370     70  1.00
      370    157  2.00
      370    231  3.00
      370    289  3.00
      370    337  1.00
      371      2  1.00
      371      3  2.00
      371     15  2.00
      371     93  3.00
      371    140  2.00
      371    248  1.00
      371    315  2.00
      371    440  3.00
      371    452  3.00
      371    475  3.00
      372    163  4.00
      372    180  6.00
      372    243  1.00
      372    355  2.00
      373    256  2.00
      373    297  3.00
      374     75  2.00
      374     85  1.00
      374    124  1.00
      374    173  2.00
      374    249  1.00
      374    251  1.00
      374    349  3.00
      374    373  3.00
      374    446  3.00
      374    463  4.00
      375     28  4.00
      375     99  3.00
      375    456  6.00
      376     94  1.00
      376    119  4.00
      376    228  2.00
      376    331  6.00
      376    359  1.00
      376    371  2.00
      376    373  2.00
      376    484  2.00
      377      2  2.00
      377     12  2.00
      377    119  5.00
      377    183  2.00
      377    275  3.00
      377    300  2.00
      377    346  2.00
      378    157  1.00
      378    231  2.00
      378    254  4.00
      378    275  1.00
      378    295  3.00
      378    370  3.00
      378    376  1.00
      378    415  2.00
      378    433  2.00
      378    452  3.00
      380      6  4.00
      380    117  2.00
      380    142  3.00
      380    316  4.00
      380    327  6.00
      381    115  4.00
      381    182  4.00
      381    217  1.00
      381    221  5.00
      381    284  1.00
      381    330  4.00
      381    418  1.00
      382     10  1.00
      382     52  3.00
      382    149  1.00
      382    220  1.00
      382    222  1.00
      382    259  2.00
      382    289  1.00
      382    468  2.00
      383     76  4.00
      383     95  2.00
      383    309  6.00
      383    363  1.00
      383    446  1.00
      384      6  2.00
      384     90  2.00
      384    220  2.00
      384    289  2.00
      384    447  2.00
      385     10  3.00
      385    172  6.00
      385    303  1.00
      385    339  2.00
      385    340  1.00
      385    447  6.00
      386     31  3.00
      386    168  6.00
      386    265  1.00
      386    339  1.00
      387      6  2.00
      387    259  1.00
      387    340  1.00
      387    342  4.00
      387    446  2.00
      387    472  1.00
      388     39  1.00
      388    155  1.00
      388    157  3.00
      388    181  5.00
      388    204  2.00
      388    267  5.00
      388    286  4.00
      388    297  1.00
      388    465  5.00
      388    470  1.00
      390     56  2.00
      390    123  1.00
      390    306  1.00
      390    352  1.00
      390    370  1.00
      390    403  1.00
      390    486  1.00
      391    177  3.00
      391    199  4.00
      391    244  6.00
      391    272  3.00
      391    379  4.00
      391    382  3.00
      391    396  3.00
      391    413  5.00
      391    425  5.00
      391    460  3.00
      392    409  1.00
      393     95  1.00
      393    121  1.00
      393    150  1.00
      393    170  1.00
      393    392  1.00
      393    413  1.00
      393    435  1.00
      393    443  1.00
      394    186  1.00
      394    274  1.00
      396     89  5.00
      396    125  5.00
      396    182  2.00
      396    191  1.00
      396    195  6.00
      396    197  2.00
      396    258  3.00
      396    364  2.00
      396    423  4.00
      396    439  3.00
      397      9  2.00
      397     90  2.00
      397    400  3.00
      398     99  1.00
      398    182  1.00
      398    188  1.00
      398    284  1.00
      398    436  5.00
      398    473  3.00
      398    478  1.00
      399     14  1.00
      399    143  3.00
      399    150  1.00
      399    264  1.00
      399    298  6.00
      399    347  1.00
      399    348  1.00
      399    403  1.00
      399    486  3.00
      400     38  5.00
      400    218  1.00
      400    239  1.00
      400    259  1.00
      400    397  4.00
      400    420  1.00
      400    455  1.00
      400    485  2.00
      401    118  1.00
      401    231  1.00
      401    241  1.00
      401    248  1.00
      401    275  3.00
      401    295  1.00
      401    321  1.00
      401    363  1.00
      401    370  1.00
      401    416  1.00
      402    110  2.00
      402    165  2.00
      402    225  4.00
      402    314  2.00
      402    413  2.00
      402    451  2.00
      403     42  2.00
      403    105  2.00
      403    141  2.00
      403    204  2.00
      403    298  3.00
      403    352  2.00
      403    390  3.00
      404     54  2.00
      404    134  1.00
      404    136  1.00
      404    199  2.00
      404    272  1.00
      404    425  1.00
      404    441  1.00
      404    460  5.00
      405     37  3.00
      405    117  1.00
      406    177  5.00
      406    298  3.00
      406    338  2.00
      407     50  2.00
      407    150  3.00
      407    155  2.00
      407    199  2.00
      407    200  2.00
      407    358  2.00
      407    486  1.00
      408     88  1.00
      408    222  1.00
      408    301  1.00
      408    472  1.00
      411    122  5.00
      411    216  5.00
      411    250  1.00
      411    322  1.00
      411    466  1.00
      413     52  1.00
      413     63  1.00
      413     95  1.00
      413    170  1.00
      413    306  1.00
      413    392  1.00
      413    393  1.00
      413    403  1.00
      413    408  1.00
      413    443  1.00
      414     86  4.00
      414    172  3.00
      414    190  5.00
      414    251  4.00
      414    252  2.00
      414    280  2.00
      414    285  2.00
      414    440  5.00
      415    202  4.00
      415    393  1.00
      416      2  1.00
      416     50  2.00
      416     72  1.00
      416    172  3.00
      416    190  1.00
      416    266  5.00
      416    424  1.00
      416    433  1.00
      416    468  1.00
      418     28  2.00
      418    106  2.00
      418    148  1.00
      418    202  1.00
      418    223  1.00
      418    242  4.00
      418    321  1.00
      418    364  1.00
      418    365  1.00
      419     22  1.00
      419     34  3.00
      419     69  2.00
      419    246  2.00
      419    319  1.00
      419    424  2.00
      419    479  1.00
      420     59  2.00
      420     90  2.00
      420    190  3.00
      420    400  2.00
      420    447  1.00
      420    455  2.00
      422     62  5.00
      422    168  3.00
      422    265  3.00
      422    448  6.00
      422    470  5.00
      422    484  4.00
      423     56  2.00
      423     89  5.00
      423    116  3.00
      423    182  3.00
      423    185  3.00
      423    188  4.00
      423    195  5.00
      423    284  1.00
      423    375  2.00
      423    396  2.00
      424    172  6.00
      424    203  5.00
      424    266  3.00
      424    371  3.00
      424    416  3.00
      424    447  2.00
      424    453  2.00
      424    468  3.00
      425     18  2.00
      425     53  2.00
      425     54  5.00
      425    199  3.00
      425    244  2.00
      425    404  5.00
      426    135  4.00
      426    203  4.00
      426    453  4.00
      427     38  1.00
      427     59  5.00
      427    171  1.00
      427    259  3.00
      427    400  1.00
      427    420  4.00
      427    447  3.00
      427    455  6.00
      430    105  2.00
      430    185  3.00
      430    235  2.00
      430    274  1.00
      431     32  1.00
      431     48  6.00
      431     51  4.00
      431    356  4.00
      431    375  1.00
      431    398  2.00
      431    432  2.00
      433      2  1.00
      433    129  1.00
      433    151  1.00
      434     94  2.00
      434     96  5.00
      434    192  5.00
      434    193  1.00
      434    196  4.00
      434    197  3.00
      434    412  4.00
      436    182  3.00
      436    195  5.00
      436    284  2.00
      436    358  2.00
      436    486  2.00
      437     81  2.00
      437    124  1.00
      437    255  3.00
      437    258  2.00
      437    313  1.00
      437    346  1.00
      437    393  1.00
      437    443  2.00
      438     25  2.00
      438     82  1.00
      438    329  3.00
      438    375  1.00
      438    439  4.00
      439     32  5.00
      439    193  3.00
      439    323  6.00
      440     35  1.00
      440    190  2.00
      440    231  3.00
      440    248  1.00
      440    266  2.00
      440    300  1.00
      440    453  5.00
      440    475  2.00
      440    487  3.00
      441     88  4.00
      441    136  4.00
      441    218  3.00
      441    280  3.00
      441    285  3.00
      441    289  2.00
      441    308  1.00
      442     32  1.00
      442     41  1.00
      442    161  1.00
      442    194  1.00
      442    260  1.00
      442    421  1.00
      442    431  1.00
      443     81  1.00
      443    392  1.00
      443    393  2.00
      443    413  1.00
      443    435  2.00
      444     56  5.00
      444     91  4.00
      444    144  3.00
      444    164  3.00
      444    398  2.00
      445    165  1.00
      445    341  1.00
      446    234  1.00
      446    236  1.00
      446    354  1.00
      446    424  1.00
      446    427  1.00
      446    440  1.00
      446    453  1.00
      446    472  1.00
      447    220  4.00
      447    335  6.00
      447    385  6.00
      447    420  3.00
      447    424  5.00
      448     62  4.00
      448    155  2.00
      448    168  5.00
      448    171  2.00
      448    235  3.00
      448    265  5.00
      448    422  6.00
      448    470  2.00
      449    307  1.00
      450     25  6.00
      450     96  2.00
      450    346  4.00
      450    421  3.00
      450    431  3.00
      451    110  4.00
      451    225  1.00
      451    294  1.00
      451    314  1.00
      451    322  2.00
      451    402  1.00
      451    411  1.00
      451    421  1.00
      452     15  5.00
      452     60  5.00
      452    183  4.00
      452    222  2.00
      452    248  4.00
      452    300  5.00
      452    315  4.00
      452    337  3.00
      452    371  5.00
      452    475  4.00
      453     35  2.00
      453    164  1.00
      453    234  1.00
      453    300  1.00
      453    353  1.00
      453    424  2.00
      453    440  5.00
      453    446  3.00
      454    204  1.00
      454    331  2.00
      455     38  2.00
      455     59  4.00
      455     67  5.00
      455     90  3.00
      455    239  2.00
      455    340  2.00
      455    397  1.00
      455    420  4.00
      455    468  1.00
      456      7  1.00
      456     99  1.00
      456    117  1.00
      456    361  1.00
      456    375  1.00
      456    380  1.00
      458     92  4.00
      458    104  6.00
      458    186  1.00
      458    208  1.00
      458    338  2.00
      458    430  2.00
      458    464  3.00
      459    125  2.00
      459    196  1.00
      459    262  3.00
      459    265  1.00
      459    365  1.00
      459    375  1.00
      459    434  2.00
      459    484  1.00
      460     58  1.00
      460     63  1.00
      460     90  1.00
      460    134  1.00
      460    199  1.00
      460    228  1.00
      460    272  1.00
      460    400  1.00
      460    404  2.00
      462    136  4.00
      462    314  3.00
      462    320  2.00
      462    366  6.00
      463    374  4.00
      465     39  1.00
      465    155  5.00
      465    157  5.00
      465    181  5.00
      465    204  3.00
      465    267  1.00
      465    286  4.00
      465    297  1.00
      465    388  4.00
      465    470  1.00
      466    110  3.00
      466    165  6.00
      466    202  3.00
      466    225  3.00
      466    314  3.00
      466    320  1.00
      466    402  4.00
      467    151  3.00
      467    215  2.00
      467    366  2.00
      467    472  2.00
      468    200  3.00
      469     34  1.00
      469     37  2.00
      469     46  2.00
      469    101  2.00
      469    240  4.00
      470     62  6.00
      470    168  2.00
      470    358  1.00
      470    422  3.00
      470    484  6.00
      471    167  5.00
      471    243  1.00
      471    260  2.00
      471    355  3.00
      471    432  4.00
      472    151  1.00
      472    342  2.00
      472    399  2.00
      473     82  3.00
      473     89  2.00
      473     99  4.00
      473    149  2.00
      473    192  5.00
      473    292  5.00
      473    362  4.00
      474    101  2.00
      474    151  3.00
      474    384  1.00
      475     15  1.00
      475     35  3.00
      475     72  1.00
      475    157  2.00
      475    190  4.00
      475    248  3.00
      475    289  3.00
      475    376  3.00
      475    440  4.00
      476     22  2.00
      476    125  2.00
      477     96  1.00
      477    115  1.00
      477    269  5.00
      477    281  1.00
      477    284  1.00
      477    359  1.00
      477    361  1.00
      477    456  1.00
      478     43  2.00
      478    148  2.00
      478    196  5.00
      478    197  2.00
      481    449  1.00
      482    102  1.00
      482    156  1.00
      483      2  1.00
      483     14  1.00
      483    172  2.00
      483    183  2.00
      483    190  1.00
      483    266  2.00
      483    300  3.00
      483    475  2.00
      484     62  6.00
      484    141  6.00
      484    168  1.00
      484    247  1.00
      484    264  2.00
      484    265  3.00
      484    422  2.00
      484    470  6.00
      485     38  3.00
      485    100  1.00
      485    400  2.00
      485    420  2.00
      485    422  2.00
      485    447  2.00
      485    455  2.00
      486     14  5.00
      486    200  1.00
      486    298  2.00
      486    318  3.00
      486    399  3.00
      486    403  1.00
      486    470  2.00
      487      2  2.00
      487     35  5.00
      487    140  1.00
      487    149  1.00
      487    180  1.00
      487    300  1.00
      487    353  1.00
      487    424  1.00
      488    494  1.00
      488    504  2.00
      488    544  2.00
      488    624  2.00
      488    625  4.00
      488    678  5.00
      488    700  1.00
      488    709  1.00
      488    720  1.00
      488    773  1.00
      489    720  4.00
      489    757  3.00
      490    525  2.00
      490    644  5.00
      490    648  3.00
      490    661  4.00
      490    671  1.00
      490    714  1.00
      490    784  1.00
      491    525  1.00
      491    566  1.00
      491    611  2.00
      491    661  2.00
      491    725  2.00
      491    779  2.00
      492     39  1.00
      492    155  1.00
      492    157  2.00
      492    525  1.00
      492    644  1.00
      492    666  1.00
      492    714  1.00
      492    746  2.00
      492    766  2.00
      493    585  1.00
      493    649  2.00
      493    726  1.00
      494    157  3.00
      494    544  3.00
      494    608  3.00
      494    660  4.00
      494    678  3.00
      494    700  5.00
      494    773  3.00
      495    489  1.00
      495    496  1.00
      495    542  1.00
      495    556  2.00
      495    585  1.00
      495    605  1.00
      495    671  1.00
      495    757  1.00
      496    446  5.00
      496    612  3.00
      496    720  3.00
      496    721  2.00
      496    742  4.00
      496    744  2.00
      496    769  5.00
      497    239  4.00
      497    488  2.00
      497    506  3.00
      497    655  3.00
      497    667  3.00
      499    212  4.00
      499    468  3.00
      499    502  4.00
      499    628  4.00
      499    720  5.00
      499    725  3.00
      499    782  5.00
      500    543  2.00
      500    766  4.00
      501    568  1.00
      501    587  1.00
      501    589  1.00
      501    794  1.00
      502    499  4.00
      502    782  3.00
      503    225  1.00
      503    365  1.00
      503    565  1.00
      503    599  3.00
      503    674  1.00
      503    777  1.00
      504    509  4.00
      504    510  2.00
      504    570  3.00
      504    574  2.00
      504    580  2.00
      504    734  1.00
      504    791  3.00
      506    526  4.00
      506    720  3.00
      507    520  1.00
      507    634  1.00
      507    638  2.00
      507    666  1.00
      507    703  1.00
      507    714  1.00
      507    722  1.00
      507    725  1.00
      507    788  1.00
      508     82  6.00
      508    343  1.00
      508    405  6.00
      508    553  1.00
      508    565  1.00
      508    646  1.00
      508    650  5.00
      508    711  1.00
      508    791  1.00
      509    517  3.00
      509    523  2.00
      509    602  3.00
      509    646  2.00
      509    748  2.00
      509    756  1.00
      509    789  1.00
      510    504  1.00
      510    580  1.00
      510    682  6.00
      510    696  5.00
      510    741  3.00
      510    756  4.00
      510    789  2.00
      511    520  1.00
      511    537  3.00
      511    540  3.00
      511    549  1.00
      511    574  1.00
      511    634  2.00
      511    652  3.00
      511    691  1.00
      511    707  1.00
      513    539  1.00
      513    550  1.00
      513    747  1.00
      513    754  1.00
      514    515  3.00
      514    519  5.00
      514    687  5.00
      515    519  6.00
      515    596  5.00
      515    608  3.00
      515    624  5.00
      515    667  3.00
      515    678  3.00
      515    700  3.00
      515    738  4.00
      515    783  3.00
      516     73  1.00
      516     95  1.00
      516     98  3.00
      516    233  2.00
      516    268  1.00
      516    363  1.00
      516    367  1.00
      516    437  1.00
      516    618  1.00
      518    591  1.00
      518    592  4.00
      518    614  4.00
      518    775  1.00
      519    468  2.00
      519    515  4.00
      519    624  4.00
      519    667  1.00
      519    670  1.00
      519    700  3.00
      519    720  4.00
      520    634  2.00
      520    685  3.00
      520    707  2.00
      520    711  2.00
      521    546  2.00
      521    585  1.00
      521    594  1.00
      521    598  2.00
      521    669  1.00
      522     23  5.00
      522     85  1.00
      522    225  1.00
      522    528  1.00
      522    542  1.00
      522    554  3.00
      522    621  1.00
      523    351  4.00
      523    509  2.00
      523    510  1.00
      523    517  1.00
      523    570  1.00
      523    602  1.00
      523    603  1.00
      523    696  1.00
      523    703  1.00
      523    741  1.00
      524    606  2.00
      524    667  1.00
      524    678  2.00
      524    687  3.00
      524    700  2.00
      524    720  1.00
      524    738  1.00
      524    750  1.00
      525    490  3.00
      525    638  4.00
      525    644  3.00
      525    661  3.00
      525    666  5.00
      525    714  3.00
      525    716  5.00
      525    784  2.00
      526    496  2.00
      526    506  2.00
      526    536  2.00
      526    582  2.00
      526    587  1.00
      526    679  1.00
      526    731  1.00
      526    744  1.00
      527    586  2.00
      527    605  2.00
      527    607  2.00
      527    676  1.00
      527    762  2.00
      527    768  1.00
      528     59  1.00
      528     85  4.00
      528    373  3.00
      528    542  3.00
      529    490  5.00
      529    492  4.00
      529    525  4.00
      529    648  4.00
      529    661  4.00
      529    666  1.00
      529    714  4.00
      529    746  5.00
      530    598  1.00
      530    669  3.00
      531    260  4.00
      531    432  4.00
      531    558  3.00
      531    631  2.00
      531    682  4.00
      531    770  3.00
      532    567  1.00
      532    580  1.00
      532    717  1.00
      532    791  1.00
      534    533  3.00
      534    545  2.00
      534    629  1.00
      534    680  2.00
      534    787  2.00
      534    788  2.00
      535    504  1.00
      535    523  1.00
      535    531  1.00
      535    703  1.00
      535    734  1.00
      535    741  1.00
      535    752  1.00
      535    756  1.00
      535    791  1.00
      536    506  1.00
      536    526  3.00
      536    582  3.00
      536    587  3.00
      536    679  2.00
      536    744  1.00
      537    539  1.00
      537    540  1.00
      537    572  1.00
      537    634  1.00
      537    635  1.00
      537    689  3.00
      537    691  3.00
      537    707  3.00
      537    729  2.00
      537    792  1.00
      538    496  3.00
      538    580  2.00
      538    600  2.00
      538    694  1.00
      538    696  4.00
      538    699  2.00
      538    703  4.00
      538    736  2.00
      538    789  2.00
      539     85  2.00
      539    526  2.00
      539    645  4.00
      539    754  3.00
      539    771  2.00
      539    792  2.00
      540    520  1.00
      540    532  2.00
      540    574  4.00
      540    580  3.00
      540    637  4.00
      540    735  3.00
      540    761  3.00
      542    496  6.00
      542    526  2.00
      542    591  2.00
      542    612  4.00
      542    614  2.00
      542    742  1.00
      542    743  1.00
      543    608  2.00
      543    636  2.00
      543    642  2.00
      543    722  2.00
      543    739  2.00
      544    488  2.00
      544    494  3.00
      544    504  1.00
      544    659  4.00
      544    660  2.00
      544    700  2.00
      544    709  1.00
      544    713  1.00
      544    773  2.00
      545    240  1.00
      545    243  2.00
      545    398  1.00
      545    532  5.00
      545    567  3.00
      545    600  4.00
      545    696  3.00
      545    703  2.00
      545    717  3.00
      546    593  1.00
      546    610  3.00
      546    613  1.00
      546    614  1.00
      546    673  1.00
      546    740  1.00
      546    763  1.00
      546    771  1.00
      547    499  1.00
      547    515  1.00
      547    633  1.00
      547    786  4.00
      548    236  3.00
      548    261  5.00
      548    263  2.00
      548    491  2.00
      548    564  2.00
      549    115  2.00
      549    191  2.00
      549    359  1.00
      549    622  3.00
      549    681  4.00
      549    758  4.00
      550    500  6.00
      550    563  3.00
      550    566  2.00
      550    596  2.00
      551    548  3.00
      553    508  4.00
      553    633  1.00
      553    643  1.00
      553    761  4.00
      554    233  3.00
      554    518  1.00
      554    614  1.00
      554    745  1.00
      554    776  2.00
      555    577  1.00
      555    628  1.00
      555    658  1.00
      555    661  1.00
      555    706  1.00
      555    725  1.00
      555    727  1.00
      555    730  2.00
      555    745  2.00
      556    495  2.00
      556    713  1.00
      556    731  1.00
      556    794  4.00
      557     37  1.00
      557     82  5.00
      557    789  3.00
      558     34  5.00
      558    145  4.00
      558    360  4.00
      558    531  1.00
      558    540  1.00
      559    500  1.00
      559    595  2.00
      559    605  2.00
      559    636  2.00
      559    667  1.00
      559    696  1.00
      559    766  1.00
      560    602  2.00
      560    764  2.00
      561    123  2.00
      561    220  3.00
      561    494  2.00
      561    695  1.00
      561    739  2.00
      561    773  2.00
      561    792  4.00
      563    566  3.00
      563    596  5.00
      564    154  5.00
      564    236  2.00
      564    261  5.00
      564    263  3.00
      564    548  5.00
      564    569  3.00
      564    587  2.00
      564    589  2.00
      564    744  2.00
      564    750  2.00
      565    496  2.00
      565    515  2.00
      565    542  2.00
      565    596  1.00
      565    599  5.00
      565    674  2.00
      565    679  1.00
      565    680  2.00
      567    580  1.00
      568    244  4.00
      568    353  1.00
      568    582  1.00
      568    592  1.00
      568    656  4.00
      568    679  1.00
      568    767  1.00
      569    515  1.00
      569    660  4.00
      569    667  1.00
      569    670  3.00
      569    687  2.00
      569    720  3.00
      569    738  3.00
      570     69  3.00
      570    243  2.00
      570    504  5.00
      570    509  2.00
      570    580  3.00
      570    696  1.00
      570    764  2.00
      570    791  4.00
      571    144  1.00
      571    523  1.00
      571    569  1.00
      571    570  1.00
      571    588  1.00
      571    728  1.00
      571    761  1.00
      571    764  1.00
      572    442  6.00
      572    459  4.00
      572    537  1.00
      572    540  2.00
      572    574  2.00
      572    637  1.00
      572    665  1.00
      572    691  1.00
      572    711  5.00
      572    761  1.00
      573    511  1.00
      573    537  1.00
      573    601  1.00
      573    626  1.00
      573    631  1.00
      573    707  1.00
      573    778  1.00
      574    520  2.00
      574    532  2.00
      574    540  5.00
      574    580  2.00
      574    703  2.00
      574    735  4.00
      574    761  5.00
      574    791  2.00
      575    584  2.00
      575    631  5.00
      575    633  2.00
      575    652  5.00
      575    788  5.00
      575    790  2.00
      577    496  1.00
      577    506  1.00
      577    582  4.00
      577    628  5.00
      577    684  5.00
      577    730  4.00
      577    744  4.00
      578    566  1.00
      578    683  2.00
      578    689  1.00
      578    719  2.00
      578    737  3.00
      578    785  1.00
      579    521  1.00
      579    598  1.00
      579    630  1.00
      579    633  1.00
      579    639  1.00
      579    669  1.00
      581    461  1.00
      581    681  1.00
      582    348  3.00
      582    458  2.00
      582    518  2.00
      582    534  3.00
      582    536  1.00
      582    684  1.00
      582    744  2.00
      582    775  5.00
      583    508  2.00
      583    520  2.00
      583    553  1.00
      583    643  1.00
      583    672  2.00
      583    707  3.00
      583    753  1.00
      583    770  3.00
      584     44  5.00
      584    499  2.00
      584    578  1.00
      584    633  1.00
      584    718  1.00
      585    503  1.00
      585    539  1.00
      585    561  1.00
      585    565  1.00
      585    588  1.00
      585    618  1.00
      585    669  3.00
      585    730  1.00
      586    488  2.00
      586    506  1.00
      586    515  1.00
      586    624  1.00
      586    625  1.00
      586    655  2.00
      586    678  2.00
      586    700  1.00
      586    710  1.00
      586    738  1.00
      588    542  1.00
      588    565  2.00
      588    570  1.00
      588    576  1.00
      588    602  1.00
      588    699  1.00
      588    741  1.00
      588    764  1.00
      588    791  1.00
      589    564  1.00
      589    587  1.00
      589    730  2.00
      589    744  4.00
      590    101  2.00
      590    180  3.00
      590    279  5.00
      590    372  2.00
      590    557  4.00
      590    741  1.00
      590    761  2.00
      591    563  1.00
      591    582  1.00
      591    679  3.00
      591    744  1.00
      592    505  1.00
      592    518  5.00
      592    582  1.00
      592    614  6.00
      592    742  1.00
      593    614  6.00
      593    654  4.00
      593    656  1.00
      593    740  2.00
      594    521  1.00
      594    578  1.00
      594    611  1.00
      594    621  1.00
      595    559  2.00
      595    591  3.00
      595    624  1.00
      595    675  1.00
      595    679  3.00
      595    695  3.00
      595    777  1.00
      596     72  2.00
      596    154  4.00
      596    371  2.00
      596    515  4.00
      598    521  2.00
      598    530  1.00
      598    572  1.00
      598    578  1.00
      598    579  1.00
      598    647  1.00
      598    669  3.00
      598    759  2.00
      599    202  3.00
      599    225  4.00
      599    402  6.00
      599    503  6.00
      599    565  4.00
      599    674  4.00
      599    777  5.00
      600    545  3.00
      600    567  1.00
      600    696  3.00
      601    573  1.00
      602    517  4.00
      602    570  4.00
      602    748  4.00
      602    791  4.00
      603    192  6.00
      603    434  6.00
      603    538  2.00
      603    545  4.00
      603    650  4.00
      603    789  4.00
      604    531  6.00
      604    632  2.00
      604    682  1.00
      604    685  1.00
      604    712  4.00
      604    735  1.00
      604    770  6.00
      604    788  2.00
      605    559  3.00
      605    585  3.00
      605    627  5.00
      605    781  1.00
      606    720  1.00
      607    506  1.00
      607    527  2.00
      607    676  3.00
      607    730  1.00
      607    768  4.00
      608    488  2.00
      608    494  2.00
      608    515  2.00
      608    659  4.00
      608    660  1.00
      608    678  4.00
      608    700  1.00
      608    710  1.00
      608    716  2.00
      608    720  1.00
      609    599  1.00
      609    654  2.00
      609    658  1.00
      609    674  1.00
      610    539  1.00
      610    546  2.00
      610    593  1.00
      610    614  2.00
      610    708  2.00
      610    722  3.00
      610    763  1.00
      611     55  3.00
      611    620  1.00
      611    645  4.00
      611    754  4.00
      612    496  3.00
      612    542  2.00
      612    582  1.00
      612    720  2.00
      612    744  1.00
      612    769  3.00
      613    490  1.00
      613    525  1.00
      613    614  1.00
      613    661  1.00
      613    714  1.00
      613    722  1.00
      613    746  1.00
      613    774  1.00
      613    776  1.00
      614     60  1.00
      614    499  2.00
      614    518  3.00
      614    592  3.00
      614    656  2.00
      614    782  2.00
      615    499  2.00
      615    718  2.00
      615    725  2.00
      616    667  1.00
      616    698  1.00
      616    786  2.00
      617    517  2.00
      617    576  2.00
      617    580  2.00
      617    651  2.00
      617    699  2.00
      617    762  2.00
      618    640  1.00
      618    671  3.00
      619    492  1.00
      619    525  1.00
      619    613  1.00
      619    648  1.00
      619    654  1.00
      619    661  1.00
      619    666  1.00
      619    714  1.00
      619    784  1.00
      620    582  3.00
      620    595  5.00
      620    611  1.00
      620    706  4.00
      620    774  1.00
      621    522  1.00
      621    539  4.00
      621    645  5.00
      621    653  1.00
      621    754  5.00
      621    765  1.00
      621    785  1.00
      622    101  1.00
      622    191  1.00
      622    213  1.00
      622    243  2.00
      622    257  1.00
      622    326  6.00
      622    359  1.00
      622    574  5.00
      622    733  1.00
      622    789  4.00
      623    551  2.00
      623    620  1.00
      623    645  4.00
      624    488  2.00
      624    515  3.00
      624    519  2.00
      624    608  1.00
      624    667  1.00
      624    678  1.00
      624    700  2.00
      624    738  1.00
      625    190  4.00
      625    422  2.00
      625    475  3.00
      625    608  1.00
      625    659  2.00
      625    660  1.00
      625    678  3.00
      625    710  6.00
      626    545  1.00
      626    549  1.00
      626    560  2.00
      626    573  1.00
      626    629  4.00
      626    637  1.00
      626    707  1.00
      626    729  5.00
      627    527  1.00
      627    556  1.00
      627    605  5.00
      627    713  1.00
      627    773  1.00
      628    446  1.00
      629    112  1.00
      629    162  5.00
      629    450  1.00
      629    520  2.00
      629    631  2.00
      629    637  2.00
      630    490  1.00
      630    579  2.00
      630    633  2.00
      630    647  2.00
      630    662  2.00
      630    669  1.00
      630    725  1.00
      630    763  2.00
      631     25  1.00
      631    101  1.00
      631    450  2.00
      631    682  2.00
      631    735  2.00
      631    778  2.00
      632    531  2.00
      632    572  1.00
      632    573  1.00
      632    574  1.00
      632    643  2.00
      632    672  1.00
      632    712  2.00
      632    770  2.00
      633    537  1.00
      633    662  1.00
      633    691  1.00
      634    511  2.00
      634    537  2.00
      634    573  1.00
      634    583  2.00
      634    626  2.00
      634    637  1.00
      634    649  1.00
      634    707  3.00
      634    729  2.00
      635    136  5.00
      635    641  2.00
      635    647  3.00
      635    718  3.00
      635    755  5.00
      636    488  2.00
      636    494  1.00
      636    625  2.00
      636    700  2.00
      636    713  2.00
      636    739  1.00
      636    755  4.00
      636    766  1.00
      636    773  1.00
      638    644  2.00
      639    368  2.00
      639    511  1.00
      639    572  1.00
      639    633  2.00
      639    643  1.00
      639    658  1.00
      639    691  1.00
      639    711  1.00
      639    759  1.00
      639    782  1.00
      640    527  1.00
      640    563  1.00
      640    618  1.00
      640    686  2.00
      640    695  1.00
      640    701  1.00
      641    403  1.00
      641    578  1.00
      641    635  1.00
      641    636  2.00
      641    679  1.00
      641    706  2.00
      641    718  1.00
      641    749  1.00
      641    774  2.00
      642    488  1.00
      642    515  2.00
      642    569  1.00
      642    586  4.00
      642    624  2.00
      643    632  2.00
      643    647  2.00
      643    649  2.00
      643    712  2.00
      644    490  6.00
      644    494  5.00
      644    497  3.00
      644    525  4.00
      644    638  4.00
      644    642  2.00
      644    667  4.00
      644    738  4.00
      644    773  4.00
      644    784  3.00
      645    611  1.00
      645    754  1.00
      646    509  3.00
      646    517  4.00
      646    580  4.00
      646    590  2.00
      646    699  2.00
      646    717  2.00
      646    741  2.00
      647    119  1.00
      647    550  1.00
      647    566  2.00
      647    725  2.00
      647    736  2.00
      647    740  2.00
      647    746  1.00
      647    784  2.00
      647    792  2.00
      649    129  6.00
      649    491  3.00
      649    566  3.00
      649    628  3.00
      649    647  3.00
      649    669  1.00
      649    763  3.00
      649    785  3.00
      650    580  3.00
      650    603  2.00
      650    717  3.00
      650    789  2.00
      651    524  2.00
      651    569  2.00
      651    720  2.00
      651    749  2.00
      651    750  2.00
      652    511  1.00
      652    537  1.00
      652    637  1.00
      652    680  1.00
      652    681  1.00
      652    682  1.00
      652    787  1.00
      653    293  3.00
      653    520  2.00
      653    683  2.00
      653    712  1.00
      653    770  1.00
      654    521  2.00
      654    546  2.00
      654    593  4.00
      654    614  2.00
      654    656  2.00
      654    658  3.00
      654    673  4.00
      654    740  4.00
      655    488  2.00
      655    494  2.00
      655    515  2.00
      655    586  2.00
      655    660  2.00
      655    667  2.00
      655    678  2.00
      655    700  2.00
      655    709  2.00
      655    773  2.00
      656    491  5.00
      656    496  3.00
      656    547  3.00
      656    614  4.00
      656    745  2.00
      656    750  1.00
      658    614  1.00
      658    654  2.00
      658    673  4.00
      658    674  2.00
      658    771  2.00
      659    488  1.00
      659    494  1.00
      659    515  1.00
      659    608  2.00
      659    625  1.00
      659    655  1.00
      659    660  1.00
      659    700  1.00
      659    710  1.00
      659    773  1.00
      660    494  6.00
      660    569  4.00
      660    608  4.00
      660    625  1.00
      660    667  5.00
      660    678  4.00
      660    700  6.00
      660    710  4.00
      660    738  4.00
      660    773  3.00
      661    490  3.00
      661    525  1.00
      661    614  2.00
      661    648  3.00
      661    744  1.00
      661    746  1.00
      661    784  3.00
      662    723  3.00
      663    518  1.00
      663    569  1.00
      663    596  2.00
      663    694  4.00
      663    709  2.00
      663    742  5.00
      663    750  2.00
      663    772  1.00
      663    775  2.00
      663    795  2.00
      664    597  1.00
      664    749  2.00
      666    490  1.00
      666    492  1.00
      666    525  3.00
      666    638  3.00
      666    661  1.00
      666    714  2.00
      666    716  5.00
      666    746  1.00
      666    784  1.00
      667    660  2.00
      667    710  1.00
      667    713  5.00
      668    504  2.00
      668    605  2.00
      668    625  1.00
      668    710  1.00
      669    521  1.00
      669    530  1.00
      669    585  5.00
      669    598  5.00
      669    647  1.00
      669    658  1.00
      669    759  2.00
      670    488  3.00
      670    569  4.00
      670    651  4.00
      670    710  3.00
      670    738  2.00
      670    750  3.00
      671    618  1.00
      671    621  2.00
      672    785  2.00
      673    546  1.00
      673    614  1.00
      673    658  4.00
      673    674  2.00
      673    763  2.00
      673    771  3.00
      674    216  3.00
      674    503  2.00
      674    599  2.00
      674    777  1.00
      675    155  5.00
      675    181  4.00
      675    218  2.00
      675    220  4.00
      675    259  3.00
      675    331  3.00
      675    376  3.00
      675    465  3.00
      676    489  2.00
      676    526  1.00
      676    591  2.00
      676    607  2.00
      676    679  2.00
      677    578  1.00
      677    584  1.00
      677    623  1.00
      677    649  2.00
      677    737  1.00
      678    488  3.00
      678    494  1.00
      678    515  1.00
      678    524  1.00
      678    608  4.00
      678    625  3.00
      678    660  2.00
      678    700  2.00
      678    709  1.00
      678    710  2.00
      679    582  4.00
      679    591  6.00
      679    595  5.00
      679    648  1.00
      679    692  5.00
      679    706  4.00
      679    750  1.00
      679    774  2.00
      680    650  1.00
      680    685  1.00
      680    748  1.00
      680    787  1.00
      680    788  1.00
      681    581  5.00
      681    758  3.00
      681    787  1.00
      682     32  1.00
      682    149  5.00
      682    193  1.00
      682    444  1.00
      682    450  1.00
      682    510  5.00
      682    696  5.00
      682    756  5.00
      682    789  5.00
      683    520  2.00
      683    531  3.00
      683    570  5.00
      683    761  1.00
      683    788  1.00
      684    628  5.00
      684    760  5.00
      685     36  1.00
      685    195  3.00
      685    355  1.00
      685    450  1.00
      686    587  1.00
      686    590  1.00
      686    594  2.00
      686    701  6.00
      686    705  4.00
      686    725  2.00
      686    741  1.00
      687    376  3.00
      687    524  4.00
      687    569  2.00
      687    667  3.00
      687    720  4.00
      687    744  3.00
      687    779  2.00
      688    535  4.00
      688    567  5.00
      688    580  2.00
      688    600  3.00
      688    696  2.00
      688    703  1.00
      688    735  4.00
      688    791  4.00
      690    136  3.00
      690    314  1.00
      690    565  1.00
      690    679  2.00
      690    701  3.00
      692     65  1.00
      692    554  2.00
      692    622  1.00
      692    667  3.00
      692    679  3.00
      692    725  2.00
      694    518  1.00
      694    596  2.00
      694    663  5.00
      694    742  4.00
      694    757  1.00
      694    769  1.00
      694    795  1.00
      695    563  1.00
      695    591  1.00
      695    595  2.00
      695    596  1.00
      695    686  1.00
      696    510  4.00
      696    538  2.00
      696    545  2.00
      696    600  2.00
      696    703  2.00
      696    741  4.00
      696    757  4.00
      697    560  5.00
      697    786  5.00
      699    509  2.00
      699    582  4.00
      699    646  4.00
      699    696  3.00
      699    741  5.00
      699    756  2.00
      699    789  3.00
      699    791  3.00
      700    488  1.00
      700    494  5.00
      700    515  2.00
      700    519  1.00
      700    608  1.00
      700    624  1.00
      700    660  6.00
      700    667  2.00
      700    670  1.00
      700    678  3.00
      701     53  4.00
      701    268  1.00
      701    561  1.00
      701    587  1.00
      701    686  1.00
      701    690  1.00
      702    494  1.00
      702    660  1.00
      702    700  1.00
      702    773  1.00
      702    781  1.00
      703    101  1.00
      703    520  3.00
      703    696  4.00
      703    764  1.00
      703    789  4.00
      704    752  4.00
      704    758  4.00
      705    491  1.00
      705    628  1.00
      705    725  2.00
      706    620  3.00
      706    648  2.00
      706    661  3.00
      706    679  4.00
      706    774  5.00
      706    784  3.00
      707    583  2.00
      707    626  2.00
      707    634  3.00
      707    711  2.00
      708    135  1.00
      708    137  1.00
      708    539  1.00
      708    610  4.00
      708    749  1.00
      709    488  2.00
      709    494  2.00
      709    519  2.00
      709    608  2.00
      709    625  2.00
      709    655  2.00
      709    660  2.00
      709    678  2.00
      709    700  2.00
      709    773  2.00
      710    190  1.00
      710    475  1.00
      710    488  2.00
      710    608  1.00
      710    625  6.00
      710    659  1.00
      710    660  3.00
      710    678  2.00
      710    700  2.00
      710    738  1.00
      711    508  1.00
      711    511  1.00
      711    520  1.00
      711    540  1.00
      711    553  1.00
      711    572  1.00
      711    637  1.00
      711    643  1.00
      712    643  1.00
      712    753  4.00
      712    770  2.00
      713    667  5.00
      713    773  1.00
      714    490  1.00
      714    525  3.00
      714    529  1.00
      714    613  2.00
      714    638  2.00
      714    666  2.00
      714    746  1.00
      714    747  2.00
      715    679  2.00
      716    525  1.00
      716    638  3.00
      716    666  1.00
      717     82  4.00
      717     87  4.00
      717    156  1.00
      717    287  3.00
      717    388  2.00
      717    470  1.00
      718    623  3.00
      718    641  3.00
      719    539  2.00
      719    645  2.00
      719    754  4.00
      720    446  1.00
      720    499  6.00
      720    569  3.00
      720    687  5.00
      720    736  4.00
      720    744  1.00
      720    750  4.00
      721     55  5.00
      721    502  3.00
      721    591  1.00
      721    645  5.00
      722    546  1.00
      722    593  2.00
      722    610  4.00
      722    613  2.00
      722    638  1.00
      722    658  2.00
      722    716  1.00
      722    740  2.00
      722    763  2.00
      722    771  2.00
      723     52  5.00
      723    413  1.00
      724    630  1.00
      725    491  3.00
      725    499  2.00
      725    628  1.00
      725    647  1.00
      725    716  1.00
      725    740  2.00
      725    746  4.00
      725    784  5.00
      726    493  5.00
      726    516  4.00
      726    595  5.00
      726    750  3.00
      726    767  3.00
      727    606  3.00
      727    636  1.00
      727    755  5.00
      728    120  1.00
      728    510  1.00
      728    567  3.00
      728    600  1.00
      728    696  2.00
      728    733  5.00
      729    626  1.00
      729    634  1.00
      729    707  1.00
      731    506  2.00
      731    526  1.00
      731    556  1.00
      731    577  2.00
      731    702  4.00
      732    656  3.00
      733    603  4.00
      733    789  5.00
      735    279  3.00
      735    312  2.00
      735    532  3.00
      735    540  4.00
      735    574  5.00
      735    696  2.00
      735    741  2.00
      735    761  4.00
      735    791  3.00
      736    489  2.00
      736    687  1.00
      736    739  2.00
      737    490  3.00
      737    499  2.00
      737    525  4.00
      737    593  2.00
      737    638  4.00
      737    644  3.00
      737    666  3.00
      737    714  2.00
      737    740  2.00
      738     72  3.00
      738    670  1.00
      739    543  3.00
      739    559  1.00
      739    624  1.00
      739    636  1.00
      739    670  1.00
      739    736  1.00
      739    779  5.00
      740    118  4.00
      740    190  3.00
      740    475  2.00
      740    608  2.00
      740    667  1.00
      740    725  4.00
      740    784  4.00
      741    510  2.00
      741    540  1.00
      741    545  3.00
      741    567  1.00
      741    646  2.00
      741    696  3.00
      741    789  2.00
      741    791  2.00
      742    518  2.00
      742    592  3.00
      742    596  3.00
      742    663  6.00
      742    694  6.00
      742    709  3.00
      742    769  6.00
      743    767  3.00
      744    587  1.00
      744    589  5.00
      744    591  1.00
      744    684  1.00
      744    720  2.00
      744    750  4.00
      745    499  6.00
      745    529  2.00
      745    596  2.00
      745    606  2.00
      745    648  2.00
      745    661  3.00
      745    714  2.00
      745    716  1.00
      745    776  2.00
      745    782  6.00
      746    490  2.00
      746    492  4.00
      746    525  2.00
      746    529  5.00
      746    661  2.00
      746    666  2.00
      746    714  3.00
      746    725  5.00
      747    234  2.00
      747    420  3.00
      747    499  1.00
      747    666  1.00
      747    714  5.00
      747    737  2.00
      747    745  1.00
      749    597  1.00
      749    664  1.00
      750    453  4.00
      750    591  1.00
      750    670  4.00
      750    744  4.00
      752    704  2.00
      752    758  2.00
      753    520  1.00
      753    534  1.00
      753    629  1.00
      753    654  1.00
      753    683  1.00
      753    711  1.00
      753    712  1.00
      753    770  1.00
      754    526  2.00
      754    539  4.00
      754    542  4.00
      754    555  1.00
      754    645  5.00
      754    669  3.00
      754    684  4.00
      754    769  5.00
      755    569  2.00
      755    606  2.00
      755    720  2.00
      755    727  3.00
      755    738  3.00
      756    432  1.00
      756    510  2.00
      756    567  1.00
      756    580  3.00
      756    650  1.00
      756    682  2.00
      756    696  3.00
      756    789  1.00
      757    446  2.00
      757    489  1.00
      757    496  2.00
      757    612  2.00
      757    744  1.00
      757    769  6.00
      757    779  1.00
      759    589  6.00
      759    598  1.00
      759    669  4.00
      759    725  1.00
      760    567  4.00
      760    645  5.00
      760    669  3.00
      760    679  5.00
      760    684  6.00
      761    193  4.00
      761    197  2.00
      761    567  4.00
      761    574  6.00
      761    696  4.00
      761    735  4.00
      761    741  2.00
      761    791  6.00
      762    326  2.00
      762    444  2.00
      762    510  2.00
      762    780  2.00
      763    105  1.00
      763    606  3.00
      763    630  1.00
      763    634  1.00
      763    658  1.00
      763    673  1.00
      763    679  2.00
      763    767  3.00
      763    771  2.00
      764    560  4.00
      764    570  4.00
      764    700  2.00
      764    703  4.00
      766    155  3.00
      766    157  2.00
      766    204  1.00
      766    376  4.00
      766    492  4.00
      766    500  4.00
      766    543  2.00
      766    636  3.00
      766    647  2.00
      766    660  4.00
      767    501  1.00
      767    568  1.00
      767    606  1.00
      767    679  1.00
      767    743  4.00
      767    763  3.00
      767    777  1.00
      768    506  3.00
      768    527  1.00
      768    586  1.00
      768    607  6.00
      769    446  5.00
      769    496  4.00
      769    612  2.00
      769    663  2.00
      769    694  2.00
      769    742  6.00
      769    744  3.00
      769    757  5.00
      770    520  4.00
      770    531  3.00
      770    604  4.00
      770    682  1.00
      770    712  1.00
      770    771  1.00
      770    778  1.00
      771    546  1.00
      771    616  2.00
      771    658  3.00
      771    673  4.00
      771    674  1.00
      771    763  4.00
      772    261  3.00
      772    620  2.00
      772    621  2.00
      772    628  3.00
      772    684  4.00
      772    769  5.00
      773    488  1.00
      773    494  2.00
      773    525  2.00
      773    544  1.00
      773    660  2.00
      773    667  1.00
      773    700  1.00
      773    702  2.00
      773    710  1.00
      773    781  1.00
      774    490  1.00
      774    525  1.00
      774    644  1.00
      774    647  1.00
      774    648  1.00
      774    661  2.00
      774    666  1.00
      774    679  1.00
      774    706  5.00
      777    225  1.00
      777    503  2.00
      777    599  4.00
      778    515  1.00
      778    520  1.00
      778    531  1.00
      778    570  1.00
      778    604  1.00
      778    631  1.00
      778    711  4.00
      778    770  1.00
      779    376  3.00
      779    606  3.00
      779    614  4.00
      779    636  2.00
      779    667  1.00
      779    687  5.00
      779    720  2.00
      779    739  6.00
      779    745  6.00
      779    750  1.00
      780    360  6.00
      780    545  2.00
      780    567  1.00
      780    583  4.00
      780    600  1.00
      780    733  1.00
      780    734  1.00
      780    762  1.00
      780    788  1.00
      781    370  2.00
      781    597  1.00
      781    605  2.00
      781    660  1.00
      781    773  1.00
      782    198  4.00
      782    499  6.00
      782    595  3.00
      782    628  2.00
      782    745  3.00
      783    490  2.00
      783    524  2.00
      783    605  3.00
      783    625  2.00
      783    647  3.00
      783    667  3.00
      783    678  2.00
      783    700  2.00
      783    738  1.00
      783    773  1.00
      784    490  1.00
      784    525  1.00
      784    614  1.00
      784    628  1.00
      784    648  1.00
      784    661  3.00
      784    714  1.00
      784    725  3.00
      785    202  3.00
      785    250  4.00
      785    393  3.00
      785    415  5.00
      785    499  3.00
      785    593  4.00
      785    599  4.00
      785    672  4.00
      786    538  1.00
      786    557  1.00
      786    590  1.00
      786    646  2.00
      786    650  2.00
      786    741  1.00
      787    450  1.00
      787    545  1.00
      787    581  2.00
      787    681  3.00
      787    758  2.00
      787    764  1.00
      788    144  5.00
      788    196  4.00
      788    434  2.00
      788    567  2.00
      788    574  6.00
      788    735  3.00
      788    789  4.00
      788    791  3.00
      789    116  2.00
      789    310  1.00
      789    428  1.00
      789    580  2.00
      789    696  1.00
      789    707  3.00
      789    733  4.00
      789    741  1.00
      790    601  1.00
      792    561  6.00
      792    647  1.00
      792    739  3.00
      793    495  2.00
      793    585  2.00
      793    674  1.00
      793    679  2.00
      793    690  2.00
      793    757  1.00
      793    769  1.00
      794    501  1.00
      794    556  5.00
      794    743  1.00
      795    498  5.00
      795    515  2.00
      795    519  2.00
      795    563  3.00
      795    569  6.00
      795    592  3.00
      795    596  5.00
      795    736  5.00
      795    738  6.00