DL
N=685
FORMAT=EDGELIST1
DATA:
        2    485  2.00
        3     49  3.00
        3    227  3.00
        3    260  2.00
        3    485  4.00
        3    526  2.00
        4     79  1.00
        4    344  1.00
        5     34  1.00
        5    227  4.00
        5    444  1.00
        5    485  4.00
        6     74  5.00
        6    204  4.00
        6    259  5.00
        6    264  2.00
        6    309  1.00
        6    371  4.00
        6    377  2.00
        6    544  1.00
        7     26  2.00
        7    172  2.00
        7    178  2.00
        7    250  2.00
        7    371  2.00
        8    215  1.00
        8    491  1.00
        9     43  4.00
        9    135  6.00
        9    264  4.00
        9    269  4.00
        9    328  2.00
        9    497  4.00
        9    589  5.00
        9    611  4.00
        9    618  2.00
       10    113  3.00
       10    146  2.00
       10    155  2.00
       10    191  3.00
       10    333  2.00
       10    369  1.00
       10    407  3.00
       11    219  1.00
       11    251  3.00
       11    276  2.00
       11    280  3.00
       11    339  3.00
       11    382  2.00
       11    474  3.00
       13    222  3.00
       13    285  1.00
       13    345  3.00
       13    611  2.00
       14    156  1.00
       14    273  1.00
       14    342  1.00
       14    405  1.00
       14    438  1.00
       15     74  4.00
       15    204  4.00
       15    312  5.00
       15    320  6.00
       15    325  5.00
       15    371  4.00
       15    380  5.00
       15    381  6.00
       15    484  6.00
       15    606  4.00
       16    134  6.00
       16    374  2.00
       16    412  5.00
       16    477  4.00
       16    553  5.00
       16    635  1.00
       16    684  4.00
       17    439  1.00
       17    440  1.00
       17    509  1.00
       17    613  1.00
       17    641  4.00
       17    650  1.00
       18     90  1.00
       18    229  1.00
       18    372  3.00
       18    457  3.00
       18    548  3.00
       18    574  5.00
       18    633  1.00
       18    653  3.00
       19    121  2.00
       19    137  4.00
       19    142  2.00
       19    417  2.00
       19    494  5.00
       20    253  3.00
       20    462  6.00
       21      1  2.00
       21    158  2.00
       21    320  2.00
       21    326  6.00
       21    609  3.00
       22      7  1.00
       22    229  2.00
       22    245  6.00
       22    313  1.00
       22    356  1.00
       22    419  2.00
       22    480  4.00
       22    623  1.00
       22    679  1.00
       23    233  2.00
       23    306  2.00
       23    357  2.00
       23    391  2.00
       23    430  1.00
       23    574  3.00
       23    613  1.00
       23    666  2.00
       24     31  2.00
       24    152  1.00
       24    375  1.00
       24    510  4.00
       24    633  5.00
       25      6  1.00
       25     16  1.00
       25     64  1.00
       25    284  3.00
       25    312  1.00
       25    371  1.00
       25    473  2.00
       25    544  4.00
       26     62  5.00
       26    105  2.00
       26    198  2.00
       26    387  2.00
       26    450  1.00
       26    568  5.00
       27    243  4.00
       27    317  2.00
       27    350  4.00
       27    457  3.00
       27    572  2.00
       27    619  2.00
       28    253  2.00
       28    522  1.00
       29    428  1.00
       29    549  3.00
       29    607  1.00
       29    660  2.00
       29    683  2.00
       31    415  1.00
       31    510  3.00
       31    633  2.00
       31    659  3.00
       32    217  4.00
       32    465  6.00
       32    629  6.00
       33     35  2.00
       33     37  1.00
       33    105  1.00
       33    400  1.00
       33    623  1.00
       34    227  3.00
       34    445  1.00
       35     33  4.00
       35     37  1.00
       36    105  4.00
       36    107  3.00
       36    181  3.00
       36    208  6.00
       36    401  2.00
       36    411  6.00
       37    518  1.00
       38     19  3.00
       38    121  4.00
       38    137  3.00
       38    142  3.00
       38    164  2.00
       38    316  2.00
       38    494  6.00
       40    612  6.00
       41    394  3.00
       41    415  3.00
       41    441  2.00
       41    532  2.00
       42     56  1.00
       42     93  1.00
       42    147  1.00
       42    173  1.00
       42    234  2.00
       42    290  2.00
       42    333  2.00
       42    476  2.00
       42    543  1.00
       43      9  2.00
       43     48  2.00
       43    338  1.00
       43    367  2.00
       43    422  1.00
       43    611  2.00
       43    631  3.00
       43    665  2.00
       45     90  6.00
       45    100  4.00
       45    138  4.00
       45    141  4.00
       45    152  6.00
       45    184  6.00
       45    250  5.00
       45    335  6.00
       45    375  6.00
       45    457  5.00
       46     41  2.00
       46    324  1.00
       46    375  1.00
       46    386  3.00
       46    415  5.00
       46    572  1.00
       46    636  2.00
       47      8  1.00
       47     31  1.00
       47    419  1.00
       47    457  2.00
       47    616  3.00
       48    477  3.00
       49      3  3.00
       49      5  4.00
       49    126  2.00
       49    260  4.00
       49    269  3.00
       49    316  2.00
       49    485  3.00
       49    574  5.00
       50    353  4.00
       50    606  4.00
       50    612  4.00
       51     47  4.00
       51     75  3.00
       51    116  3.00
       51    141  5.00
       51    330  4.00
       51    400  1.00
       51    552  5.00
       51    645  6.00
       53     52  2.00
       53    162  1.00
       53    277  1.00
       53    322  2.00
       53    448  2.00
       53    664  2.00
       54    114  5.00
       54    130  6.00
       54    214  5.00
       55     13  1.00
       55     86  1.00
       55    125  5.00
       55    345  3.00
       55    484  4.00
       55    502  6.00
       57      8  2.00
       57    324  2.00
       57    616  3.00
       58    322  5.00
       58    416  5.00
       58    682  5.00
       60     95  5.00
       60     97  6.00
       60    130  6.00
       60    214  6.00
       60    265  6.00
       60    398  3.00
       60    421  6.00
       60    450  5.00
       60    634  6.00
       61    418  2.00
       62     78  2.00
       62     80  2.00
       62    118  2.00
       62    120  2.00
       62    146  2.00
       62    180  2.00
       62    504  2.00
       62    621  1.00
       62    683  1.00
       63    105  1.00
       63    518  1.00
       63    673  1.00
       65    190  1.00
       65    199  1.00
       65    329  1.00
       65    417  1.00
       65    489  1.00
       65    568  1.00
       65    577  1.00
       65    623  1.00
       66     68  2.00
       66    166  2.00
       67    243  3.00
       67    335  4.00
       67    479  6.00
       67    518  2.00
       67    619  4.00
       68     53  6.00
       68    417  2.00
       68    620  1.00
       70    252  1.00
       70    256  2.00
       70    299  3.00
       70    321  5.00
       70    685  2.00
       72     12  2.00
       72     14  1.00
       72    158  2.00
       72    170  2.00
       72    272  2.00
       72    520  2.00
       72    573  1.00
       73     84  4.00
       73    104  3.00
       73    169  6.00
       73    251  4.00
       73    280  1.00
       73    339  6.00
       73    379  3.00
       73    382  6.00
       73    557  6.00
       74      6  4.00
       74    112  2.00
       74    133  2.00
       74    204  3.00
       74    210  2.00
       74    268  2.00
       74    371  5.00
       74    381  2.00
       74    473  2.00
       75      8  5.00
       75     51  2.00
       75    141  1.00
       75    313  2.00
       75    335  2.00
       75    419  2.00
       75    491  6.00
       75    616  5.00
       76    112  3.00
       76    220  2.00
       76    268  3.00
       76    284  3.00
       76    312  5.00
       76    378  2.00
       76    453  5.00
       76    473  2.00
       76    500  4.00
       76    661  3.00
       77     99  3.00
       77    161  4.00
       77    218  2.00
       77    412  3.00
       77    421  3.00
       77    573  2.00
       78     80  1.00
       78    120  6.00
       78    146  2.00
       78    147  1.00
       78    440  2.00
       78    451  3.00
       78    469  2.00
       78    476  2.00
       78    504  2.00
       78    621  1.00
       79     33  3.00
       79     35  2.00
       79     65  2.00
       79    518  4.00
       79    633  3.00
       80     78  3.00
       80    120  3.00
       80    146  3.00
       80    246  4.00
       80    290  3.00
       80    333  2.00
       80    440  2.00
       80    621  1.00
       81    145  2.00
       81    181  2.00
       81    197  2.00
       81    366  2.00
       81    429  2.00
       81    439  1.00
       81    561  3.00
       82     78  3.00
       82    120  4.00
       82    146  3.00
       82    290  6.00
       82    447  3.00
       82    451  1.00
       82    476  4.00
       82    541  1.00
       83     31  3.00
       83    118  6.00
       83    120  1.00
       83    183  3.00
       83    290  1.00
       83    475  1.00
       83    621  1.00
       83    659  4.00
       84     96  1.00
       84    169  3.00
       84    280  6.00
       84    328  2.00
       84    339  2.00
       84    382  2.00
       84    474  4.00
       84    610  1.00
       85    307  1.00
       85    316  1.00
       85    551  4.00
       85    631  2.00
       86    247  4.00
       86    370  5.00
       86    471  4.00
       86    612  6.00
       87    100  3.00
       87    109  4.00
       87    111  5.00
       87    237  4.00
       87    250  3.00
       87    291  5.00
       87    311  2.00
       87    375  1.00
       87    419  2.00
       87    615  2.00
       88    410  2.00
       88    673  2.00
       89     74  1.00
       89    112  2.00
       89    140  2.00
       89    235  2.00
       89    312  1.00
       89    473  3.00
       89    477  1.00
       89    526  1.00
       90     45  6.00
       90    152  5.00
       90    182  1.00
       90    229  6.00
       90    237  1.00
       90    238  4.00
       90    245  6.00
       90    375  3.00
       90    548  2.00
       90    577  5.00
       91    243  1.00
       91    581  1.00
       91    617  1.00
       92    182  2.00
       92    238  2.00
       93     29  2.00
       93     42  2.00
       93    147  1.00
       93    476  1.00
       94     14  1.00
       94    156  1.00
       94    270  1.00
       94    273  1.00
       94    405  1.00
       95    114  3.00
       95    265  5.00
       95    318  3.00
       95    503  3.00
       95    535  6.00
       95    642  4.00
       97     69  1.00
       97    139  1.00
       97    218  4.00
       97    226  4.00
       97    413  1.00
       97    503  3.00
       97    640  1.00
       99    262  1.00
       99    337  2.00
       99    396  2.00
      100     87  2.00
      100    111  2.00
      100    131  2.00
      100    237  2.00
      100    291  2.00
      100    375  2.00
      100    400  2.00
      100    415  2.00
      100    419  1.00
      101    656  2.00
      102    135  1.00
      102    260  1.00
      102    269  1.00
      102    349  1.00
      102    358  3.00
      102    435  1.00
      103    358  1.00
      103    503  1.00
      103    579  3.00
      104    156  5.00
      104    196  2.00
      104    292  2.00
      104    339  1.00
      104    382  1.00
      104    472  1.00
      104    557  1.00
      104    624  3.00
      105    510  1.00
      106    101  3.00
      106    162  2.00
      106    172  2.00
      106    187  3.00
      106    274  2.00
      106    595  1.00
      106    637  3.00
      107    588  1.00
      108    194  1.00
      108    327  1.00
      108    373  2.00
      108    475  1.00
      108    627  1.00
      110     30  2.00
      110    134  2.00
      110    303  5.00
      110    450  4.00
      110    654  4.00
      111     87  5.00
      111    100  4.00
      111    105  4.00
      111    109  3.00
      111    250  3.00
      111    287  4.00
      111    291  3.00
      111    311  2.00
      111    324  2.00
      111    419  3.00
      113    194  1.00
      113    387  1.00
      113    429  2.00
      113    451  1.00
      113    623  3.00
      113    683  1.00
      114     54  3.00
      114     95  1.00
      114    214  3.00
      114    302  1.00
      114    450  3.00
      114    566  1.00
      115     43  1.00
      115    129  1.00
      115    160  4.00
      115    261  1.00
      115    367  1.00
      115    442  2.00
      115    675  1.00
      117    130  1.00
      117    310  5.00
      117    443  4.00
      117    566  1.00
      118     62  4.00
      118     80  4.00
      118     83  5.00
      118    120  3.00
      118    146  4.00
      118    234  3.00
      118    621  1.00
      119     45  1.00
      119    182  1.00
      119    256  1.00
      119    287  1.00
      119    335  1.00
      119    368  1.00
      119    419  1.00
      119    446  2.00
      119    547  1.00
      119    568  1.00
      120     78  6.00
      120    146  2.00
      120    234  3.00
      120    290  4.00
      120    333  3.00
      120    447  2.00
      120    451  3.00
      120    476  3.00
      120    583  2.00
      120    621  1.00
      122     14  2.00
      122    106  2.00
      122    146  4.00
      122    164  2.00
      122    187  2.00
      122    445  6.00
      122    494  3.00
      123    271  2.00
      123    373  1.00
      123    581  2.00
      123    663  1.00
      124    326  2.00
      124    471  2.00
      124    550  2.00
      125     55  6.00
      125    212  3.00
      125    345  1.00
      125    502  3.00
      126     49  2.00
      126    257  6.00
      126    260  2.00
      126    265  3.00
      126    468  4.00
      127     13  3.00
      127     55  6.00
      127    212  6.00
      127    471  6.00
      127    502  4.00
      128      9  3.00
      128    135  4.00
      128    149  3.00
      128    151  2.00
      128    267  3.00
      128    456  3.00
      128    611  3.00
      128    640  3.00
      128    675  4.00
      129     71  3.00
      129     77  1.00
      129    151  1.00
      129    210  2.00
      129    218  3.00
      129    334  5.00
      129    420  5.00
      129    422  3.00
      129    496  3.00
      130     54  6.00
      130    566  2.00
      130    579  2.00
      131    245  1.00
      131    400  4.00
      131    435  1.00
      132    112  2.00
      132    162  1.00
      132    453  2.00
      132    500  3.00
      132    664  6.00
      133      6  1.00
      133     74  1.00
      133    112  4.00
      133    210  6.00
      133    235  1.00
      133    268  3.00
      133    361  3.00
      133    371  2.00
      133    536  3.00
      134     16  5.00
      134     30  4.00
      134    214  2.00
      134    450  5.00
      135      9  6.00
      135     60  3.00
      135     95  4.00
      135    128  2.00
      135    165  1.00
      135    269  4.00
      135    611  4.00
      135    630  2.00
      136    165  1.00
      136    675  1.00
      137     12  2.00
      137     19  5.00
      137     38  6.00
      137     72  2.00
      137    136  1.00
      138    152  3.00
      138    238  3.00
      138    250  3.00
      138    324  1.00
      138    394  6.00
      138    415  5.00
      138    431  1.00
      138    548  6.00
      139    294  2.00
      139    301  2.00
      139    302  3.00
      139    314  2.00
      139    315  2.00
      139    318  4.00
      139    376  3.00
      139    535  5.00
      139    564  4.00
      139    671  3.00
      140     89  2.00
      140    112  2.00
      140    268  2.00
      140    279  6.00
      140    361  4.00
      140    363  2.00
      140    377  3.00
      140    380  5.00
      140    499  2.00
      140    630  6.00
      141     51  3.00
      141    330  3.00
      141    492  1.00
      141    518  3.00
      141    552  2.00
      141    563  5.00
      141    645  5.00
      142     19  5.00
      142    121  5.00
      142    136  1.00
      142    137  5.00
      142    177  1.00
      142    494  4.00
      142    533  2.00
      142    551  2.00
      143     56  1.00
      143    145  2.00
      143    150  1.00
      143    353  2.00
      143    429  1.00
      143    648  3.00
      143    650  1.00
      144    429  4.00
      144    597  3.00
      145     81  2.00
      145    143  3.00
      145    155  3.00
      145    648  2.00
      146    234  2.00
      146    387  2.00
      146    504  2.00
      146    607  1.00
      146    621  1.00
      147     78  3.00
      147    109  2.00
      147    146  1.00
      147    246  2.00
      147    290  1.00
      147    440  6.00
      147    451  1.00
      147    476  5.00
      147    583  2.00
      148      6  1.00
      148     74  1.00
      148     99  1.00
      148    149  1.00
      148    220  2.00
      148    377  1.00
      148    453  1.00
      149    112  2.00
      149    128  4.00
      149    268  2.00
      149    312  4.00
      149    500  3.00
      150    143  2.00
      150    439  2.00
      150    648  2.00
      151     71  3.00
      151    331  6.00
      151    595  1.00
      152     45  4.00
      152     90  1.00
      152    138  4.00
      152    238  1.00
      152    250  1.00
      152    335  1.00
      152    386  4.00
      152    431  1.00
      152    548  4.00
      153    384  1.00
      153    612  3.00
      154    326  3.00
      154    354  4.00
      154    423  4.00
      155    197  1.00
      155    221  1.00
      155    401  2.00
      155    559  1.00
      155    596  3.00
      155    667  1.00
      156     14  2.00
      156    104  3.00
      156    249  1.00
      156    273  1.00
      156    405  2.00
      156    438  2.00
      156    601  2.00
      156    622  1.00
      156    670  1.00
      157    207  4.00
      157    348  2.00
      157    362  4.00
      157    403  3.00
      158     12  5.00
      158    132  5.00
      158    136  2.00
      158    170  5.00
      158    272  2.00
      158    293  3.00
      159    128  3.00
      159    215  3.00
      159    264  3.00
      159    269  4.00
      159    474  2.00
      159    490  2.00
      159    573  2.00
      159    614  4.00
      159    639  2.00
      160    115  3.00
      160    151  6.00
      160    208  3.00
      160    227  2.00
      160    442  2.00
      160    445  6.00
      161    318  3.00
      161    337  2.00
      161    376  3.00
      161    389  4.00
      162    106  3.00
      162    172  5.00
      162    296  3.00
      162    528  5.00
      162    637  5.00
      163     33  1.00
      163     75  2.00
      163    491  4.00
      163    616  2.00
      164     53  1.00
      164     76  2.00
      164    220  2.00
      164    241  5.00
      164    277  3.00
      164    378  2.00
      164    448  2.00
      164    528  5.00
      166    329  2.00
      166    434  3.00
      166    461  1.00
      166    489  6.00
      166    537  2.00
      166    542  1.00
      167    146  2.00
      167    451  1.00
      167    476  2.00
      167    556  3.00
      167    596  2.00
      167    659  2.00
      167    667  2.00
      167    683  2.00
      168    217  1.00
      168    218  2.00
      168    283  1.00
      168    346  6.00
      168    412  1.00
      168    474  2.00
      168    493  2.00
      168    573  1.00
      169     44  1.00
      169     84  2.00
      169    165  4.00
      169    339  3.00
      169    379  2.00
      169    382  2.00
      169    557  4.00
      170    158  3.00
      170    172  4.00
      170    530  2.00
      170    632  2.00
      171     59  2.00
      171    125  1.00
      171    203  4.00
      171    360  2.00
      171    651  2.00
      172    162  4.00
      172    528  1.00
      172    637  2.00
      174    176  5.00
      174    452  1.00
      174    554  2.00
      175    116  3.00
      175    329  4.00
      175    375  1.00
      175    492  3.00
      175    643  3.00
      176    171  5.00
      176    174  4.00
      176    359  1.00
      176    591  3.00
      177     81  1.00
      177    171  2.00
      177    176  1.00
      177    580  1.00
      177    620  1.00
      177    626  2.00
      178     18  6.00
      178    189  3.00
      178    275  1.00
      178    636  3.00
      179    184  1.00
      179    317  1.00
      180     29  1.00
      180     56  2.00
      180     62  3.00
      180    146  2.00
      180    147  2.00
      180    290  4.00
      180    451  2.00
      180    476  5.00
      180    644  6.00
      180    683  1.00
      181     36  1.00
      181     81  1.00
      181    107  1.00
      181    519  2.00
      181    585  2.00
      181    674  4.00
      182     45  3.00
      182     92  3.00
      182    119  2.00
      182    241  2.00
      182    287  5.00
      182    324  1.00
      182    335  1.00
      182    548  1.00
      182    615  1.00
      183     26  5.00
      183     82  4.00
      183     83  6.00
      183    327  5.00
      183    387  5.00
      184     41  4.00
      184     45  3.00
      184    138  2.00
      184    152  1.00
      184    229  4.00
      184    335  2.00
      184    633  4.00
      185     34  1.00
      185    280  2.00
      186    244  1.00
      186    263  1.00
      186    366  1.00
      186    585  1.00
      187    106  3.00
      187    122  2.00
      187    454  4.00
      187    539  3.00
      188    137  3.00
      188    142  1.00
      188    174  1.00
      188    390  1.00
      188    410  1.00
      191     26  3.00
      191    369  1.00
      191    407  6.00
      191    429  1.00
      191    451  1.00
      191    471  1.00
      191    487  1.00
      192    164  2.00
      192    236  4.00
      192    316  5.00
      192    378  3.00
      192    529  2.00
      192    596  2.00
      192    667  2.00
      193    265  3.00
      193    318  1.00
      193    398  1.00
      193    498  5.00
      193    535  2.00
      193    545  5.00
      193    582  6.00
      193    625  5.00
      195     77  4.00
      195    217  3.00
      195    293  3.00
      195    305  2.00
      195    346  2.00
      195    374  3.00
      195    474  3.00
      195    493  3.00
      195    505  3.00
      195    558  6.00
      196     14  1.00
      196    104  1.00
      196    273  1.00
      196    405  1.00
      197     81  1.00
      197    155  1.00
      197    429  1.00
      197    439  1.00
      197    644  1.00
      197    650  1.00
      199    245  3.00
      199    287  1.00
      199    577  3.00
      199    643  2.00
      199    676  2.00
      199    685  2.00
      200     77  2.00
      200    213  1.00
      200    218  3.00
      200    276  1.00
      200    422  3.00
      200    505  3.00
      200    538  2.00
      200    573  5.00
      200    635  2.00
      201     98  2.00
      201    324  3.00
      201    335  2.00
      201    406  3.00
      201    615  2.00
      202    489  1.00
      202    685  1.00
      203    162  3.00
      203    171  6.00
      203    206  5.00
      203    296  3.00
      203    501  1.00
      204      6  6.00
      204     74  6.00
      204    133  3.00
      204    210  5.00
      204    268  3.00
      204    371  6.00
      204    381  1.00
      204    484  1.00
      204    490  3.00
      204    499  3.00
      205    550  5.00
      206      9  2.00
      206     13  1.00
      206    222  3.00
      206    452  6.00
      206    589  6.00
      206    591  3.00
      209      6  4.00
      209     74  5.00
      209    112  1.00
      209    133  4.00
      209    140  1.00
      209    204  4.00
      209    268  1.00
      209    284  1.00
      209    484  1.00
      209    499  1.00
      210      6  2.00
      210    112  1.00
      210    133  6.00
      210    204  4.00
      210    268  1.00
      210    371  4.00
      210    377  4.00
      210    381  1.00
      210    499  1.00
      210    536  1.00
      211      9  3.00
      211     32  1.00
      211    135  2.00
      211    160  4.00
      211    165  1.00
      211    218  1.00
      212    127  6.00
      212    162  3.00
      212    172  4.00
      213    168  4.00
      213    217  1.00
      213    218  6.00
      213    283  5.00
      213    293  2.00
      213    474  2.00
      213    493  1.00
      213    573  4.00
      213    639  2.00
      214     30  3.00
      214     54  5.00
      214    134  4.00
      214    265  6.00
      214    295  2.00
      214    345  5.00
      214    398  6.00
      214    421  2.00
      214    566  5.00
      215      8  3.00
      215     75  2.00
      215    491  5.00
      215    612  2.00
      217     32  4.00
      217    168  1.00
      217    218  1.00
      217    276  1.00
      217    374  4.00
      217    465  1.00
      217    493  6.00
      217    631  2.00
      217    635  2.00
      218     77  2.00
      218    135  1.00
      218    217  1.00
      218    226  3.00
      218    280  5.00
      218    283  1.00
      218    422  3.00
      218    474  1.00
      218    493  1.00
      218    573  1.00
      219    631  1.00
      220     76  3.00
      220    241  2.00
      220    378  3.00
      220    432  2.00
      222     13  5.00
      222    405  3.00
      222    531  2.00
      224     14  2.00
      224     44  2.00
      224    139  1.00
      224    230  3.00
      224    249  2.00
      224    292  6.00
      224    302  6.00
      224    342  1.00
      224    438  6.00
      225     99  3.00
      225    314  5.00
      225    318  2.00
      225    320  3.00
      225    337  4.00
      225    376  3.00
      225    396  5.00
      225    464  1.00
      225    529  5.00
      225    533  2.00
      226     97  5.00
      226     99  6.00
      226    218  5.00
      226    295  5.00
      226    318  3.00
      226    436  1.00
      226    503  4.00
      227      5  4.00
      227     34  6.00
      227     44  3.00
      227    126  1.00
      227    367  2.00
      227    445  5.00
      227    485  5.00
      227    668  2.00
      228    413  2.00
      228    464  1.00
      228    527  2.00
      228    593  6.00
      228    654  1.00
      229    245  4.00
      229    311  2.00
      229    324  1.00
      229    335  2.00
      229    419  5.00
      229    615  1.00
      230     44  6.00
      230    249  4.00
      230    273  4.00
      230    342  2.00
      230    347  1.00
      230    438  6.00
      230    531  4.00
      230    670  6.00
      231     99  3.00
      231    293  4.00
      231    374  2.00
      231    505  6.00
      231    573  1.00
      231    639  4.00
      232    184  5.00
      232    317  5.00
      232    415  1.00
      232    518  5.00
      232    576  6.00
      232    577  1.00
      232    645  1.00
      232    653  1.00
      232    676  5.00
      233     23  3.00
      233    144  4.00
      233    357  6.00
      233    430  2.00
      233    613  5.00
      233    666  4.00
      233    682  2.00
      234    109  1.00
      234    118  3.00
      234    120  3.00
      234    146  4.00
      234    290  3.00
      234    333  3.00
      234    447  5.00
      234    476  5.00
      236     26  1.00
      236    147  1.00
      236    192  3.00
      236    447  2.00
      236    659  1.00
      237     87  3.00
      237    100  3.00
      237    109  1.00
      237    238  2.00
      237    250  2.00
      237    291  2.00
      237    311  1.00
      237    419  1.00
      237    615  1.00
      237    636  2.00
      238    138  6.00
      239      7  1.00
      239     22  1.00
      239     41  1.00
      239     63  1.00
      239    278  1.00
      239    313  1.00
      239    617  2.00
      239    673  1.00
      240    210  1.00
      240    312  1.00
      240    331  1.00
      240    371  1.00
      240    395  1.00
      241     74  1.00
      241    164  2.00
      241    371  1.00
      241    378  3.00
      241    432  1.00
      241    500  2.00
      242    112  3.00
      242    133  1.00
      242    204  1.00
      242    210  2.00
      242    235  4.00
      242    268  3.00
      242    312  1.00
      242    371  2.00
      242    381  5.00
      242    553  2.00
      243     67  1.00
      243    216  2.00
      243    239  1.00
      243    576  2.00
      245     22  4.00
      245    229  3.00
      245    252  1.00
      245    256  1.00
      245    287  2.00
      245    335  2.00
      245    375  2.00
      245    386  2.00
      245    570  2.00
      245    636  2.00
      246     78  1.00
      246     80  5.00
      246    132  1.00
      246    146  1.00
      246    147  2.00
      246    180  2.00
      246    333  2.00
      246    440  1.00
      246    583  1.00
      247     59  4.00
      247    618  3.00
      247    629  4.00
      248     26  2.00
      249     44  3.00
      249    273  3.00
      249    292  3.00
      249    342  2.00
      249    438  6.00
      249    622  5.00
      249    670  4.00
      250     87  2.00
      250     92  2.00
      250    138  3.00
      250    152  2.00
      250    237  3.00
      250    238  2.00
      250    291  2.00
      250    324  2.00
      250    375  2.00
      250    548  5.00
      251     11  4.00
      251     43  5.00
      251    211  5.00
      251    586  4.00
      252     45  2.00
      252    152  2.00
      252    324  1.00
      252    513  1.00
      252    615  1.00
      253    540  1.00
      254     32  1.00
      254    157  2.00
      254    214  1.00
      254    265  2.00
      254    281  3.00
      254    362  4.00
      254    593  1.00
      254    634  4.00
      255     86  1.00
      255    575  3.00
      255    612  1.00
      255    682  1.00
      256     45  4.00
      256     87  1.00
      256    138  2.00
      256    238  2.00
      256    250  1.00
      256    311  2.00
      256    324  2.00
      256    415  1.00
      256    548  3.00
      256    615  2.00
      257     71  4.00
      257     95  1.00
      257    130  2.00
      257    265  1.00
      257    288  2.00
      257    345  2.00
      257    502  1.00
      257    536  2.00
      257    607  1.00
      258    295  1.00
      258    389  2.00
      258    449  3.00
      258    503  1.00
      258    671  2.00
      259      6  6.00
      259    223  5.00
      259    295  2.00
      259    312  2.00
      259    343  6.00
      259    413  2.00
      259    536  2.00
      259    557  3.00
      260     32  1.00
      260     49  2.00
      260    102  1.00
      260    165  1.00
      260    358  1.00
      260    465  1.00
      261    651  1.00
      265     60  1.00
      265     95  2.00
      265    193  1.00
      265    214  6.00
      265    254  1.00
      265    421  1.00
      265    579  1.00
      266     14  1.00
      266    283  3.00
      266    293  3.00
      266    493  1.00
      266    530  3.00
      266    639  3.00
      267    128  3.00
      267    149  2.00
      267    384  1.00
      267    675  6.00
      268     74  2.00
      268    112  5.00
      268    151  5.00
      268    204  3.00
      268    235  2.00
      268    331  1.00
      268    340  3.00
      268    371  4.00
      268    499  4.00
      268    536  3.00
      269      9  3.00
      269    135  4.00
      269    159  4.00
      269    264  2.00
      269    611  3.00
      269    614  3.00
      269    636  2.00
      270    177  1.00
      270    402  1.00
      270    410  1.00
      270    438  1.00
      270    458  1.00
      270    463  3.00
      270    626  2.00
      271    581  1.00
      272     12  3.00
      272     72  3.00
      272    158  3.00
      272    472  3.00
      272    520  3.00
      273     14  3.00
      273    196  3.00
      273    405  3.00
      273    531  2.00
      275     41  3.00
      275     47  2.00
      275    178  2.00
      275    394  3.00
      275    457  2.00
      276     77  2.00
      276    217  1.00
      276    218  5.00
      276    450  4.00
      276    474  1.00
      276    514  2.00
      276    558  2.00
      276    573  1.00
      277      6  3.00
      277     53  4.00
      277     74  3.00
      277    148  2.00
      277    241  2.00
      277    499  2.00
      277    569  2.00
      278    239  3.00
      279     74  1.00
      279    140  6.00
      279    264  5.00
      279    268  2.00
      279    380  5.00
      279    381  5.00
      279    395  4.00
      279    468  2.00
      279    553  4.00
      279    630  3.00
      280     84  6.00
      280    114  4.00
      280    134  5.00
      280    214  2.00
      280    423  4.00
      280    450  5.00
      280    566  4.00
      280    610  3.00
      281     54  1.00
      281    133  1.00
      281    210  1.00
      281    408  3.00
      281    420  2.00
      281    450  1.00
      281    566  2.00
      282     87  1.00
      282    105  1.00
      282    109  1.00
      282    256  1.00
      282    350  2.00
      282    351  2.00
      282    356  3.00
      282    419  1.00
      282    547  1.00
      282    685  1.00
      283    168  2.00
      283    213  6.00
      283    217  2.00
      283    266  5.00
      283    293  3.00
      283    474  1.00
      283    493  1.00
      283    573  2.00
      283    639  4.00
      285     13  2.00
      285    204  3.00
      285    247  1.00
      285    404  2.00
      286      6  1.00
      286     89  2.00
      286    204  1.00
      286    210  1.00
      286    268  2.00
      286    284  2.00
      286    312  1.00
      286    363  1.00
      286    473  3.00
      286    526  4.00
      287     45  2.00
      287    111  3.00
      287    182  3.00
      287    245  2.00
      287    256  2.00
      287    335  2.00
      287    386  3.00
      287    446  4.00
      287    507  2.00
      288    336  4.00
      288    502  1.00
      290     78  4.00
      290     80  3.00
      290    120  4.00
      290    333  3.00
      290    440  2.00
      290    447  4.00
      290    451  3.00
      290    541  4.00
      290    543  2.00
      291     87  5.00
      291    109  1.00
      291    138  3.00
      291    250  4.00
      291    415  2.00
      291    419  1.00
      291    548  3.00
      292    104  3.00
      292    230  3.00
      292    249  2.00
      292    273  3.00
      292    342  3.00
      292    405  3.00
      292    438  6.00
      292    531  5.00
      292    622  3.00
      292    654  2.00
      293    217  1.00
      293    231  2.00
      293    266  2.00
      293    283  2.00
      293    374  1.00
      293    422  1.00
      293    474  1.00
      293    505  3.00
      293    639  5.00
      294     69  1.00
      294    103  3.00
      294    139  1.00
      294    359  3.00
      294    427  2.00
      294    535  1.00
      294    564  1.00
      295    226  1.00
      295    274  2.00
      295    398  2.00
      295    436  3.00
      295    456  2.00
      295    595  2.00
      296     76  2.00
      296    112  1.00
      296    124  3.00
      296    268  1.00
      296    535  1.00
      297    129  6.00
      297    420  6.00
      298     76  1.00
      298    268  4.00
      298    306  3.00
      298    378  1.00
      298    391  1.00
      299     70  2.00
      299    321  1.00
      299    592  1.00
      300     95  3.00
      300    130  1.00
      300    301  1.00
      300    302  1.00
      300    318  3.00
      300    535  4.00
      300    608  3.00
      300    644  1.00
      301     69  1.00
      301     97  2.00
      301    139  1.00
      301    226  1.00
      301    300  1.00
      301    308  3.00
      301    503  1.00
      301    640  1.00
      301    647  5.00
      302    139  3.00
      302    274  2.00
      302    308  1.00
      302    456  2.00
      302    503  4.00
      302    515  4.00
      302    642  2.00
      303    110  3.00
      304     50  3.00
      304    409  2.00
      304    632  1.00
      304    651  2.00
      305     32  2.00
      305    168  3.00
      305    195  4.00
      305    218  4.00
      305    334  4.00
      305    346  2.00
      305    374  4.00
      305    490  6.00
      305    538  1.00
      306     23  3.00
      306     39  1.00
      306    164  1.00
      306    239  1.00
      306    241  1.00
      306    298  2.00
      306    384  1.00
      306    662  1.00
      308    139  1.00
      308    161  2.00
      308    302  3.00
      308    318  1.00
      308    376  2.00
      308    498  1.00
      308    508  4.00
      308    638  5.00
      309      6  4.00
      309    112  3.00
      309    210  4.00
      309    312  5.00
      309    468  5.00
      310    117  5.00
      310    130  1.00
      310    214  1.00
      310    443  3.00
      310    545  1.00
      311    131  4.00
      311    229  3.00
      311    419  5.00
      311    507  3.00
      312    422  5.00
      312    661  4.00
      312    669  6.00
      313     36  1.00
      313    105  3.00
      313    107  3.00
      313    244  2.00
      313    327  1.00
      313    350  4.00
      313    375  1.00
      313    457  3.00
      313    568  3.00
      313    673  2.00
      315    214  1.00
      315    228  2.00
      315    436  1.00
      315    593  6.00
      315    642  1.00
      316     77  1.00
      316    225  4.00
      316    307  2.00
      316    314  2.00
      316    338  2.00
      316    396  6.00
      316    520  1.00
      316    601  3.00
      316    631  6.00
      316    672  3.00
      318     95  3.00
      318    161  6.00
      318    225  5.00
      318    226  2.00
      318    300  3.00
      318    337  6.00
      318    498  2.00
      318    608  2.00
      319     24  3.00
      319    105  4.00
      319    335  3.00
      319    510  4.00
      319    633  3.00
      321     70  4.00
      321    299  2.00
      322     39  1.00
      322     52  1.00
      322     53  2.00
      322     58  2.00
      322    448  1.00
      323    168  1.00
      323    283  1.00
      323    307  1.00
      323    497  3.00
      323    535  1.00
      323    538  2.00
      324      7  2.00
      324    140  1.00
      324    252  2.00
      324    320  1.00
      324    335  4.00
      324    375  2.00
      324    386  2.00
      324    387  1.00
      324    630  2.00
      325    204  4.00
      325    264  3.00
      325    369  5.00
      325    484  5.00
      325    606  5.00
      325    612  4.00
      326     21  6.00
      326    154  3.00
      327     62  3.00
      327    118  4.00
      327    173  1.00
      327    194  3.00
      327    369  1.00
      327    487  4.00
      327    556  2.00
      327    659  2.00
      327    683  1.00
      328     84  3.00
      328    161  1.00
      328    314  1.00
      328    320  1.00
      328    337  2.00
      328    579  2.00
      330     51  3.00
      330     75  1.00
      330    116  2.00
      330    141  3.00
      330    372  3.00
      330    492  2.00
      330    552  3.00
      330    645  5.00
      331     71  6.00
      331     74  1.00
      331    133  5.00
      331    204  1.00
      331    210  5.00
      331    371  3.00
      331    380  1.00
      331    381  1.00
      331    484  1.00
      331    536  4.00
      332    116  1.00
      332    518  1.00
      332    525  1.00
      332    565  1.00
      333     78  2.00
      333     82  2.00
      333    146  3.00
      333    234  2.00
      333    290  2.00
      333    447  2.00
      333    583  3.00
      333    652  3.00
      334     32  1.00
      334    129  4.00
      334    363  6.00
      334    374  2.00
      334    422  4.00
      334    465  1.00
      334    468  4.00
      334    474  1.00
      335     45  4.00
      335    111  2.00
      335    182  2.00
      335    287  3.00
      335    311  3.00
      335    324  5.00
      335    419  3.00
      335    446  4.00
      335    513  5.00
      335    568  2.00
      336     54  1.00
      336     60  4.00
      336     84  1.00
      336    130  4.00
      336    214  1.00
      336    265  1.00
      336    567  3.00
      336    651  2.00
      337    161  2.00
      337    225  4.00
      337    314  2.00
      337    318  4.00
      337    320  2.00
      337    371  3.00
      337    376  3.00
      337    396  2.00
      337    535  1.00
      338     48  1.00
      338    204  1.00
      338    316  2.00
      338    349  4.00
      338    465  1.00
      338    481  4.00
      338    520  2.00
      338    654  5.00
      339     11  4.00
      339     73  6.00
      339     84  2.00
      339    104  1.00
      339    169  4.00
      339    379  1.00
      339    382  5.00
      339    557  6.00
      340    223  1.00
      340    536  1.00
      342     14  4.00
      342    224  4.00
      342    249  3.00
      342    292  5.00
      342    314  3.00
      342    438  5.00
      342    529  5.00
      344      4  2.00
      344     79  2.00
      345    214  6.00
      345    262  4.00
      345    265  4.00
      346    168  6.00
      346    217  4.00
      346    225  6.00
      346    283  3.00
      346    478  3.00
      346    490  4.00
      346    493  2.00
      346    503  5.00
      346    561  6.00
      347    230  3.00
      347    292  2.00
      347    404  3.00
      347    433  5.00
      347    533  4.00
      347    601  4.00
      348    157  2.00
      348    207  2.00
      348    254  2.00
      348    408  2.00
      348    437  2.00
      349     77  2.00
      349    208  3.00
      349    218  3.00
      349    338  4.00
      349    358  2.00
      349    481  4.00
      349    573  3.00
      349    630  2.00
      350     22  4.00
      350     36  5.00
      350    105  4.00
      350    107  5.00
      350    244  4.00
      350    335  2.00
      350    356  6.00
      350    411  4.00
      350    552  2.00
      350    585  3.00
      351    653  2.00
      354      6  1.00
      354     25  2.00
      354     76  1.00
      354    154  3.00
      354    204  1.00
      354    371  1.00
      354    423  2.00
      354    448  4.00
      354    499  1.00
      354    500  1.00
      355     61  1.00
      355    329  2.00
      355    594  2.00
      356     36  3.00
      356    313  1.00
      356    350  6.00
      356    411  3.00
      356    434  1.00
      357     23  2.00
      357    233  4.00
      357    277  2.00
      357    391  5.00
      357    473  2.00
      357    594  2.00
      357    640  1.00
      357    666  3.00
      358    102  1.00
      358    165  1.00
      358    349  1.00
      358    442  1.00
      359    139  2.00
      359    258  2.00
      359    294  4.00
      359    316  1.00
      359    401  5.00
      359    427  5.00
      359    640  3.00
      359    655  4.00
      360    164  1.00
      360    171  2.00
      360    203  1.00
      360    233  1.00
      360    592  2.00
      360    602  1.00
      361      6  4.00
      361    133  5.00
      361    140  4.00
      361    210  4.00
      361    553  4.00
      361    611  3.00
      362    254  6.00
      363    204  1.00
      363    268  1.00
      363    334  4.00
      363    377  5.00
      363    395  1.00
      363    468  5.00
      363    544  1.00
      364    107  1.00
      364    585  1.00
      364    588  1.00
      366      8  1.00
      366    434  1.00
      366    649  2.00
      366    651  1.00
      367     43  2.00
      367     59  1.00
      367    128  2.00
      367    165  1.00
      367    261  1.00
      367    630  2.00
      368    100  2.00
      368    111  2.00
      368    119  5.00
      368    138  1.00
      368    182  1.00
      368    311  1.00
      368    324  1.00
      368    419  1.00
      368    547  1.00
      370     86  6.00
      370    247  5.00
      370    612  6.00
      371      6  3.00
      371     74  6.00
      371    112  3.00
      371    133  6.00
      371    204  4.00
      371    210  5.00
      371    235  2.00
      371    268  4.00
      371    337  3.00
      371    536  2.00
      372     18  1.00
      372    330  1.00
      372    455  2.00
      372    600  4.00
      372    653  1.00
      374     51  3.00
      374     74  4.00
      374    346  2.00
      374    496  2.00
      374    511  3.00
      374    609  3.00
      374    649  3.00
      374    675  3.00
      376    139  2.00
      376    161  4.00
      376    225  5.00
      376    300  2.00
      376    307  3.00
      376    318  5.00
      376    337  3.00
      376    503  3.00
      377      6  3.00
      377     74  3.00
      377    210  5.00
      377    259  1.00
      377    363  3.00
      377    371  2.00
      377    484  1.00
      377    544  1.00
      377    553  2.00
      378     76  4.00
      378    284  3.00
      378    307  1.00
      378    312  3.00
      378    384  1.00
      378    432  3.00
      378    444  6.00
      378    453  4.00
      378    661  4.00
      379    169  3.00
      379    225  2.00
      379    314  1.00
      379    343  3.00
      379    396  2.00
      379    503  3.00
      379    529  2.00
      379    603  2.00
      380     15  2.00
      380    140  5.00
      380    325  2.00
      380    484  2.00
      380    499  2.00
      380    606  2.00
      382     73  4.00
      382     84  2.00
      382    104  3.00
      382    169  1.00
      382    339  6.00
      382    379  1.00
      382    413  2.00
      382    449  4.00
      382    557  3.00
      384     55  1.00
      384     86  1.00
      384    140  1.00
      384    416  1.00
      384    426  2.00
      384    575  2.00
      384    612  4.00
      384    628  2.00
      386    229  1.00
      386    237  2.00
      386    245  1.00
      386    252  1.00
      386    256  1.00
      386    335  1.00
      386    375  1.00
      386    394  2.00
      386    415  2.00
      386    636  1.00
      387    183  6.00
      387    324  1.00
      387    429  2.00
      387    451  1.00
      387    487  2.00
      387    504  3.00
      388     39  1.00
      388    499  1.00
      389    161  4.00
      389    258  3.00
      389    274  2.00
      389    449  6.00
      389    671  2.00
      389    677  2.00
      390     38  4.00
      390    137  2.00
      390    164  1.00
      390    188  4.00
      390    417  2.00
      390    494  2.00
      391     23  2.00
      391    233  2.00
      391    357  4.00
      391    666  2.00
      392    316  1.00
      392    338  1.00
      392    349  1.00
      392    481  1.00
      394     41  6.00
      394    109  1.00
      394    138  5.00
      394    238  2.00
      394    324  2.00
      394    375  2.00
      394    532  2.00
      394    548  2.00
      395     74  6.00
      395    112  2.00
      395    209  5.00
      395    242  4.00
      395    268  2.00
      395    279  3.00
      395    361  3.00
      395    377  6.00
      395    499  3.00
      395    541  2.00
      396     99  2.00
      396    225  5.00
      396    337  2.00
      396    376  2.00
      396    529  1.00
      396    601  1.00
      396    603  1.00
      397     32  1.00
      397     59  5.00
      397    170  2.00
      397    247  4.00
      397    336  5.00
      397    465  3.00
      398     30  3.00
      398    134  5.00
      398    214  6.00
      398    265  2.00
      398    295  1.00
      398    345  4.00
      398    450  3.00
      398    684  4.00
      399     71  1.00
      399    219  1.00
      399    223  5.00
      399    225  1.00
      399    259  1.00
      399    536  1.00
      400    100  1.00
      400    111  1.00
      400    131  4.00
      400    138  1.00
      400    229  2.00
      400    289  1.00
      400    311  2.00
      400    365  4.00
      401    105  1.00
      401    256  2.00
      401    327  3.00
      401    534  2.00
      401    597  3.00
      401    627  2.00
      402    174  1.00
      402    410  4.00
      402    416  1.00
      402    460  1.00
      402    517  1.00
      403    157  1.00
      403    207  1.00
      403    254  1.00
      403    348  1.00
      403    437  1.00
      406     24  4.00
      406     46  1.00
      406    375  4.00
      406    400  5.00
      406    457  1.00
      406    510  4.00
      406    572  4.00
      406    632  1.00
      406    645  1.00
      407    167  3.00
      407    191  6.00
      407    428  2.00
      407    504  1.00
      407    644  2.00
      407    659  3.00
      408    281  2.00
      408    294  2.00
      408    343  2.00
      408    348  2.00
      408    436  2.00
      410    188  2.00
      411     36  6.00
      411    155  1.00
      411    401  1.00
      411    519  1.00
      413    262  2.00
      413    464  6.00
      413    466  6.00
      413    514  3.00
      413    527  5.00
      413    654  4.00
      414     32  2.00
      414    452  2.00
      414    465  2.00
      414    478  1.00
      414    520  2.00
      414    555  1.00
      414    631  1.00
      414    647  2.00
      414    672  1.00
      415    109  1.00
      415    138  5.00
      415    256  2.00
      415    291  4.00
      415    324  1.00
      415    375  1.00
      415    394  5.00
      415    548  4.00
      415    572  1.00
      416     39  1.00
      416     58  1.00
      416    384  1.00
      416    628  1.00
      417     19  5.00
      417    137  4.00
      417    185  4.00
      417    494  4.00
      417    574  3.00
      417    651  3.00
      418    132  1.00
      418    186  1.00
      418    263  1.00
      419    109  4.00
      419    229  4.00
      419    311  4.00
      419    324  2.00
      419    615  3.00
      420    129  6.00
      420    281  5.00
      420    297  6.00
      420    343  4.00
      421    130  5.00
      421    214  3.00
      421    265  4.00
      421    456  2.00
      421    545  4.00
      421    579  5.00
      422    218  3.00
      422    312  5.00
      422    334  2.00
      422    573  3.00
      422    635  1.00
      424    219  5.00
      425     25  3.00
      425     76  1.00
      425     89  2.00
      425    132  2.00
      425    140  1.00
      425    361  1.00
      425    499  1.00
      425    500  2.00
      425    580  2.00
      425    664  5.00
      427     69  1.00
      427    139  1.00
      427    294  4.00
      427    359  2.00
      427    376  1.00
      427    456  1.00
      427    564  1.00
      427    579  3.00
      428    180  1.00
      428    191  3.00
      428    234  4.00
      428    290  1.00
      428    487  1.00
      428    549  2.00
      428    644  1.00
      429     81  2.00
      429    115  2.00
      429    173  1.00
      429    387  2.00
      429    451  1.00
      429    487  1.00
      429    561  2.00
      429    657  4.00
      429    683  2.00
      431     45  4.00
      431    111  1.00
      431    138  1.00
      431    182  3.00
      431    250  2.00
      431    311  2.00
      431    324  2.00
      431    335  3.00
      431    419  2.00
      432     15  1.00
      432    164  1.00
      432    220  3.00
      432    241  2.00
      432    286  1.00
      432    312  3.00
      432    430  1.00
      432    453  1.00
      432    669  5.00
      433    347  6.00
      433    404  6.00
      433    601  4.00
      433    603  1.00
      434      8  5.00
      434    256  2.00
      434    356  2.00
      434    380  1.00
      434    429  4.00
      434    594  2.00
      434    616  2.00
      434    674  3.00
      435    102  3.00
      435    358  2.00
      435    672  1.00
      436    226  1.00
      436    274  1.00
      436    295  4.00
      436    318  1.00
      436    456  6.00
      436    595  2.00
      437    157  3.00
      437    207  5.00
      437    348  3.00
      437    408  2.00
      438     14  3.00
      438    224  6.00
      438    230  5.00
      438    249  5.00
      438    292  5.00
      438    342  5.00
      438    531  2.00
      438    622  4.00
      438    670  4.00
      439     81  2.00
      439    107  1.00
      439    145  1.00
      439    167  1.00
      439    197  2.00
      439    471  1.00
      439    476  1.00
      439    588  1.00
      439    650  1.00
      440     78  3.00
      440    147  6.00
      440    180  3.00
      440    290  3.00
      440    476  5.00
      442    115  6.00
      442    160  6.00
      442    307  6.00
      443     54  1.00
      443    117  5.00
      443    130  2.00
      443    139  1.00
      443    265  2.00
      443    310  3.00
      443    398  2.00
      443    582  2.00
      445    122  6.00
      445    164  3.00
      445    227  3.00
      446    245  3.00
      446    287  6.00
      446    335  3.00
      446    368  4.00
      446    394  3.00
      446    479  4.00
      446    547  5.00
      447     82  4.00
      447    120  5.00
      447    146  5.00
      447    147  3.00
      447    234  6.00
      447    290  6.00
      447    333  3.00
      447    451  4.00
      447    541  3.00
      448     52  3.00
      448     53  4.00
      449    161  2.00
      449    254  2.00
      449    315  1.00
      449    318  1.00
      449    382  4.00
      449    389  4.00
      449    671  1.00
      450     30  5.00
      450    132  3.00
      450    134  5.00
      450    214  4.00
      450    276  4.00
      450    398  5.00
      450    566  3.00
      451     78  3.00
      451    120  3.00
      451    183  1.00
      451    290  1.00
      451    387  1.00
      451    543  3.00
      451    549  3.00
      451    660  3.00
      452    206  4.00
      452    251  3.00
      453     76  3.00
      453    112  3.00
      453    133  2.00
      453    284  5.00
      453    312  4.00
      453    544  3.00
      453    569  3.00
      453    661  1.00
      454    187  3.00
      454    326  3.00
      454    528  3.00
      454    539  5.00
      454    662  3.00
      455    372  2.00
      455    600  1.00
      456     44  5.00
      456    214  2.00
      456    226  3.00
      456    302  3.00
      456    436  6.00
      456    595  5.00
      456    646  4.00
      457     31  6.00
      457     45  6.00
      457     47  5.00
      457    139  6.00
      457    256  6.00
      457    616  5.00
      457    659  5.00
      458    249  1.00
      458    280  2.00
      458    292  1.00
      458    586  3.00
      458    598  4.00
      458    622  2.00
      458    624  2.00
      458    670  1.00
      460    157  6.00
      460    207  6.00
      460    348  6.00
      460    403  6.00
      460    567  6.00
      461    372  2.00
      463    270  3.00
      463    385  1.00
      463    626  1.00
      464    228  1.00
      464    262  1.00
      464    413  6.00
      464    466  4.00
      464    514  5.00
      464    527  1.00
      465     32  3.00
      465    217  3.00
      465    290  6.00
      465    291  6.00
      465    538  2.00
      465    629  4.00
      466    262  1.00
      466    413  4.00
      466    464  2.00
      466    527  6.00
      466    661  1.00
      467     49  4.00
      467    241  4.00
      468    126  4.00
      468    204  4.00
      468    264  3.00
      468    309  4.00
      468    334  5.00
      468    363  6.00
      468    377  6.00
      468    661  6.00
      469     78  2.00
      469    547  4.00
      469    549  5.00
      470     56  1.00
      470    107  3.00
      470    155  1.00
      470    194  2.00
      470    386  1.00
      470    429  1.00
      470    534  2.00
      470    585  1.00
      471    107  1.00
      471    167  3.00
      471    191  3.00
      471    428  1.00
      471    439  2.00
      471    550  5.00
      472    272  1.00
      472    284  2.00
      472    433  2.00
      472    520  3.00
      472    557  3.00
      473     74  1.00
      473     89  3.00
      473    331  1.00
      473    371  1.00
      473    526  4.00
      473    544  4.00
      473    553  2.00
      474    168  2.00
      474    217  3.00
      474    218  2.00
      474    305  2.00
      474    346  1.00
      474    422  1.00
      474    493  3.00
      475     29  3.00
      475    234  1.00
      475    333  1.00
      475    541  2.00
      475    644  1.00
      475    652  1.00
      475    659  1.00
      476     78  3.00
      476    120  3.00
      476    146  2.00
      476    147  4.00
      476    290  3.00
      476    440  4.00
      476    504  1.00
      476    621  1.00
      477    274  3.00
      477    544  3.00
      478      5  1.00
      478    409  2.00
      478    485  2.00
      478    631  2.00
      478    668  2.00
      479     24  2.00
      479     67  6.00
      479    446  3.00
      479    547  6.00
      479    633  2.00
      480     22  6.00
      480     67  2.00
      480    232  3.00
      480    245  5.00
      480    330  4.00
      480    518  1.00
      480    645  5.00
      480    653  4.00
      481     74  2.00
      481     96  2.00
      481    200  3.00
      481    208  2.00
      481    338  4.00
      481    349  4.00
      481    477  2.00
      481    558  1.00
      481    573  3.00
      481    654  3.00
      483     18  3.00
      483    547  1.00
      483    599  2.00
      484     15  4.00
      484     55  5.00
      484     74  1.00
      484    204  1.00
      484    331  1.00
      484    369  5.00
      484    380  5.00
      484    381  5.00
      484    606  3.00
      485      3  3.00
      485      5  4.00
      485    227  3.00
      485    444  2.00
      487    327  1.00
      489     64  2.00
      489     65  6.00
      489     68  6.00
      489    202  6.00
      489    366  2.00
      489    599  2.00
      489    674  6.00
      490    165  1.00
      490    305  5.00
      490    538  1.00
      491      8  4.00
      491     75  5.00
      491    163  3.00
      491    616  3.00
      492    645  4.00
      493     77  2.00
      493    217  6.00
      493    218  3.00
      493    503  2.00
      493    558  2.00
      493    573  3.00
      493    635  3.00
      494     19  4.00
      494     39  1.00
      494    122  2.00
      494    338  1.00
      494    417  2.00
      496     71  6.00
      496    129  1.00
      496    151  4.00
      496    218  1.00
      496    297  1.00
      496    331  3.00
      496    420  1.00
      496    465  1.00
      496    558  1.00
      497    132  1.00
      497    264  1.00
      497    293  1.00
      497    316  1.00
      497    323  3.00
      497    573  1.00
      498    193  5.00
      498    308  1.00
      498    318  1.00
      498    582  6.00
      498    625  3.00
      500      6  4.00
      500     74  5.00
      500     76  6.00
      500    284  3.00
      500    371  5.00
      500    377  4.00
      500    453  4.00
      500    544  3.00
      501    162  1.00
      501    296  1.00
      501    454  1.00
      501    528  1.00
      501    662  1.00
      502     55  6.00
      502     71  3.00
      502     99  2.00
      502    214  5.00
      502    262  3.00
      502    345  5.00
      502    398  4.00
      502    413  3.00
      502    496  4.00
      502    593  1.00
      503     95  2.00
      503    225  6.00
      503    226  3.00
      503    302  2.00
      503    318  3.00
      503    346  6.00
      503    376  3.00
      503    515  2.00
      503    535  1.00
      503    573  1.00
      504    621  6.00
      505    132  2.00
      505    231  5.00
      505    293  5.00
      505    316  1.00
      505    465  4.00
      505    530  2.00
      505    573  1.00
      505    635  2.00
      505    639  5.00
      506    470  4.00
      506    585  1.00
      507     45  2.00
      507    182  1.00
      507    311  2.00
      507    335  2.00
      507    419  5.00
      507    547  4.00
      508    161  1.00
      508    308  3.00
      508    427  2.00
      508    638  1.00
      509     17  1.00
      509     62  1.00
      509    248  2.00
      509    487  1.00
      509    556  1.00
      509    641  2.00
      509    644  1.00
      509    650  2.00
      510     24  4.00
      510     31  4.00
      510     45  3.00
      510    111  2.00
      510    229  3.00
      510    394  2.00
      510    415  2.00
      510    446  2.00
      510    633  5.00
      510    636  2.00
      512    230  1.00
      512    347  3.00
      512    433  2.00
      512    529  5.00
      512    533  4.00
      512    598  1.00
      515    226  3.00
      515    302  3.00
      515    340  2.00
      515    503  3.00
      515    642  6.00
      516    314  5.00
      516    320  5.00
      516    665  3.00
      517      1  2.00
      517    153  3.00
      517    367  6.00
      518     24  2.00
      518     37  2.00
      518    141  1.00
      518    184  1.00
      518    232  5.00
      518    552  1.00
      518    563  1.00
      518    576  3.00
      518    645  1.00
      518    653  1.00
      519     36  3.00
      519    181  2.00
      520     72  2.00
      520    239  1.00
      520    241  1.00
      520    307  1.00
      520    316  1.00
      520    472  3.00
      520    555  3.00
      520    589  1.00
      520    675  3.00
      521     96  2.00
      521    104  2.00
      521    347  2.00
      521    379  2.00
      521    396  2.00
      521    512  2.00
      521    533  2.00
      521    598  2.00
      522     20  3.00
      522    462  2.00
      524     42  2.00
      524    147  1.00
      524    263  2.00
      524    290  1.00
      524    387  1.00
      524    523  2.00
      524    650  2.00
      525    175  4.00
      525    393  3.00
      525    492  2.00
      525    619  2.00
      526     89  1.00
      526    225  2.00
      526    284  1.00
      526    286  4.00
      526    314  4.00
      526    320  2.00
      526    473  2.00
      527     99  2.00
      527    228  3.00
      527    413  5.00
      527    464  2.00
      527    466  6.00
      527    514  2.00
      527    536  1.00
      528    162  5.00
      528    164  3.00
      528    172  3.00
      528    454  4.00
      528    539  2.00
      528    662  3.00
      529    169  1.00
      529    314  5.00
      529    379  2.00
      529    396  1.00
      529    512  5.00
      529    533  5.00
      532     41  3.00
      532    250  3.00
      532    394  2.00
      532    548  3.00
      532    636  1.00
      533     96  4.00
      533    314  3.00
      533    379  3.00
      533    529  5.00
      533    654  2.00
      534    401  2.00
      534    596  2.00
      534    627  2.00
      534    667  2.00
      535     95  3.00
      535    103  1.00
      535    193  2.00
      535    274  2.00
      535    294  2.00
      535    318  2.00
      535    337  2.00
      538     16  1.00
      538    168  2.00
      538    195  1.00
      538    312  1.00
      538    318  2.00
      538    346  1.00
      538    635  2.00
      539    154  1.00
      539    187  1.00
      539    247  1.00
      539    354  1.00
      539    423  2.00
      539    454  4.00
      539    528  1.00
      539    653  1.00
      541     82  1.00
      541    290  1.00
      541    291  1.00
      541    447  1.00
      541    451  3.00
      541    644  1.00
      541    652  3.00
      542    189  1.00
      542    489  1.00
      543     56  2.00
      543     78  5.00
      543    120  4.00
      543    147  1.00
      543    234  1.00
      543    290  2.00
      543    451  5.00
      543    504  2.00
      543    652  2.00
      544     97  2.00
      544    132  2.00
      544    148  1.00
      544    284  2.00
      544    453  2.00
      544    553  2.00
      545    398  3.00
      545    498  3.00
      545    579  3.00
      545    582  6.00
      545    625  4.00
      546      7  1.00
      546    324  2.00
      546    570  2.00
      546    577  2.00
      547    335  1.00
      547    419  2.00
      547    446  1.00
      547    479  3.00
      547    599  5.00
      548    138  6.00
      548    152  3.00
      548    238  3.00
      548    250  5.00
      548    291  3.00
      548    394  3.00
      548    532  4.00
      549    147  1.00
      549    290  1.00
      549    428  1.00
      549    440  1.00
      549    469  4.00
      549    476  1.00
      549    487  1.00
      549    644  1.00
      549    660  4.00
      551     85  4.00
      551    488  1.00
      552     51  3.00
      552    105  2.00
      552    116  2.00
      552    141  3.00
      552    190  1.00
      552    311  2.00
      552    330  2.00
      552    577  1.00
      552    645  1.00
      553     16  3.00
      553     74  1.00
      553     89  3.00
      553    132  3.00
      553    140  2.00
      553    148  1.00
      553    312  1.00
      553    473  3.00
      553    490  3.00
      553    544  5.00
      554     88  3.00
      554    174  4.00
      554    176  2.00
      556    167  3.00
      556    194  3.00
      556    327  4.00
      556    596  3.00
      556    659  2.00
      557     73  5.00
      557    104  3.00
      557    169  6.00
      557    259  1.00
      557    339  5.00
      557    343  1.00
      557    382  5.00
      557    472  4.00
      558     77  3.00
      558    195  6.00
      558    276  2.00
      558    293  4.00
      558    465  3.00
      558    493  3.00
      559      6  3.00
      559     42  2.00
      559    107  2.00
      559    236  1.00
      559    588  2.00
      559    650  1.00
      561    121  4.00
      561    137  3.00
      561    390  3.00
      561    429  2.00
      562     78  2.00
      562    107  2.00
      562    440  2.00
      562    559  2.00
      562    588  2.00
      562    644  2.00
      563     75  3.00
      563    313  5.00
      563    317  3.00
      563    330  6.00
      564    139  3.00
      564    214  3.00
      564    294  2.00
      564    301  2.00
      564    376  1.00
      564    408  1.00
      564    437  1.00
      564    503  1.00
      566    130  1.00
      566    214  4.00
      566    265  2.00
      566    281  1.00
      566    398  2.00
      566    421  1.00
      566    450  3.00
      567     60  2.00
      567    114  2.00
      567    157  1.00
      567    207  1.00
      567    336  5.00
      568      8  1.00
      568    100  1.00
      568    287  1.00
      568    368  1.00
      568    577  1.00
      569      6  1.00
      569    279  1.00
      569    284  2.00
      569    296  2.00
      569    361  1.00
      569    453  3.00
      569    544  2.00
      569    658  2.00
      570    109  1.00
      570    189  1.00
      570    238  1.00
      570    245  1.00
      570    252  1.00
      570    256  1.00
      570    572  1.00
      570    577  1.00
      570    616  1.00
      571    146  1.00
      571    220  1.00
      571    333  1.00
      571    440  1.00
      571    487  1.00
      571    588  1.00
      572     45  2.00
      572    152  1.00
      572    252  2.00
      572    324  1.00
      572    375  1.00
      573     77  2.00
      573    168  2.00
      573    200  4.00
      573    218  4.00
      573    346  1.00
      573    412  1.00
      573    422  4.00
      573    496  1.00
      573    635  3.00
      574      3  1.00
      574     49  5.00
      574     50  2.00
      574    668  1.00
      574    670  2.00
      576    232  1.00
      576    243  1.00
      576    424  1.00
      577     63  2.00
      577     90  4.00
      577    199  3.00
      577    245  5.00
      577    250  2.00
      577    256  3.00
      577    287  2.00
      577    568  2.00
      579    103  5.00
      579    281  1.00
      579    328  4.00
      579    408  1.00
      579    421  2.00
      579    427  1.00
      579    456  2.00
      579    545  2.00
      580    106  4.00
      580    162  4.00
      580    312  3.00
      580    425  3.00
      580    620  5.00
      580    661  3.00
      582    193  6.00
      582    498  5.00
      582    545  4.00
      582    625  6.00
      583    147  3.00
      583    290  3.00
      583    447  3.00
      583    476  3.00
      583    541  3.00
      583    621  4.00
      583    644  3.00
      583    652  4.00
      584    329  1.00
      584    679  1.00
      585    244  1.00
      585    364  2.00
      585    506  1.00
      587    113  2.00
      587    191  2.00
      587    401  3.00
      587    451  3.00
      587    475  3.00
      587    487  3.00
      587    519  2.00
      587    585  5.00
      587    596  2.00
      587    683  1.00
      588    571  3.00
      589      9  4.00
      589    128  2.00
      589    135  2.00
      589    206  6.00
      589    218  2.00
      589    578  2.00
      589    640  4.00
      590     60  5.00
      590    585  1.00
      591    181  4.00
      591    206  6.00
      591    359  4.00
      591    427  4.00
      591    508  4.00
      592    298  2.00
      592    306  3.00
      592    511  5.00
      592    662  3.00
      593    214  1.00
      593    228  6.00
      593    315  6.00
      593    436  1.00
      593    642  1.00
      594     87  1.00
      594    190  1.00
      594    434  2.00
      594    518  1.00
      594    580  2.00
      594    674  3.00
      595    226  1.00
      595    274  6.00
      595    295  2.00
      595    312  4.00
      595    318  3.00
      595    422  4.00
      595    456  4.00
      595    642  3.00
      596    192  3.00
      596    218  2.00
      596    252  2.00
      596    256  2.00
      596    274  3.00
      596    422  2.00
      596    667  3.00
      597    144  3.00
      597    164  1.00
      597    401  3.00
      597    513  4.00
      597    627  3.00
      597    683  1.00
      598    154  1.00
      598    222  1.00
      598    292  3.00
      598    404  3.00
      598    521  1.00
      598    609  1.00
      599     57  2.00
      599    547  5.00
      600    372  5.00
      601     13  4.00
      601    316  1.00
      601    347  4.00
      601    404  4.00
      601    433  5.00
      601    598  2.00
      601    610  6.00
      602    296  1.00
      602    501  1.00
      602    528  1.00
      602    662  2.00
      604    129  3.00
      604    420  1.00
      604    422  2.00
      605    164  1.00
      605    416  1.00
      605    426  1.00
      605    656  2.00
      607    146  1.00
      607    234  1.00
      607    387  1.00
      607    504  1.00
      607    621  1.00
      608     95  2.00
      608    130  2.00
      608    265  1.00
      608    274  2.00
      608    300  2.00
      608    315  1.00
      608    318  3.00
      608    456  4.00
      608    535  2.00
      608    642  1.00
      609      1  4.00
      609     21  3.00
      609    169  2.00
      609    339  3.00
      609    382  2.00
      610     84  1.00
      610    533  1.00
      610    601  4.00
      610    654  1.00
      611      9  4.00
      611    129  5.00
      611    135  6.00
      611    218  1.00
      611    247  4.00
      611    560  4.00
      611    618  4.00
      611    629  6.00
      611    630  1.00
      612     40  2.00
      612     86  6.00
      612    247  3.00
      612    370  5.00
      612    575  2.00
      613     17  2.00
      613    233  4.00
      613    534  2.00
      614     32  3.00
      614     85  1.00
      614    159  3.00
      614    213  3.00
      614    264  2.00
      614    269  2.00
      614    286  2.00
      614    433  1.00
      614    606  1.00
      615    109  4.00
      615    229  2.00
      615    311  2.00
      615    419  2.00
      616      8  6.00
      616     47  4.00
      616     75  5.00
      616    215  4.00
      616    457  3.00
      616    491  5.00
      617     63  2.00
      617    239  2.00
      617    563  1.00
      617    581  3.00
      617    673  3.00
      620     39  1.00
      620     52  1.00
      620     68  2.00
      620     76  1.00
      620    220  2.00
      620    312  2.00
      620    331  1.00
      620    388  2.00
      620    580  4.00
      621    504  6.00
      622     14  1.00
      622     44  1.00
      622    249  4.00
      622    280  1.00
      622    292  4.00
      622    438  3.00
      622    458  1.00
      622    670  3.00
      623    113  3.00
      624    104  5.00
      624    132  1.00
      624    170  1.00
      624    262  1.00
      624    671  1.00
      625    193  3.00
      625    318  1.00
      625    498  3.00
      625    545  3.00
      625    582  6.00
      625    655  2.00
      626    270  1.00
      628    384  2.00
      628    416  1.00
      628    426  2.00
      629     32  6.00
      629    129  3.00
      629    247  3.00
      629    611  6.00
      629    618  3.00
      630      9  2.00
      630    128  1.00
      630    135  3.00
      630    140  6.00
      630    367  1.00
      631     43  3.00
      631    307  2.00
      631    316  4.00
      631    397  1.00
      631    472  1.00
      631    493  2.00
      631    665  2.00
      632     32  2.00
      632    170  4.00
      632    323  3.00
      632    444  2.00
      633     24  5.00
      633     31  4.00
      633     45  2.00
      633    335  3.00
      633    510  6.00
      636     45  1.00
      636    182  2.00
      636    229  1.00
      636    245  1.00
      636    269  3.00
      636    446  1.00
      637    106  3.00
      637    162  4.00
      637    172  4.00
      637    187  2.00
      637    528  2.00
      638     69  1.00
      638    161  5.00
      638    308  4.00
      638    408  1.00
      638    508  3.00
      639     77  1.00
      639    213  2.00
      639    283  5.00
      639    293  6.00
      639    530  1.00
      639    538  2.00
      639    573  2.00
      640     97  2.00
      640    225  1.00
      640    226  1.00
      640    314  2.00
      640    396  3.00
      640    421  2.00
      640    512  3.00
      640    595  2.00
      641     17  5.00
      641    451  1.00
      641    509  1.00
      641    540  5.00
      642    315  1.00
      642    593  1.00
      643     91  2.00
      644     78  2.00
      644    147  3.00
      644    180  6.00
      644    290  2.00
      644    440  1.00
      646      2  4.00
      646    485  3.00
      647    294  4.00
      647    301  4.00
      648    143  5.00
      648    256  1.00
      648    324  1.00
      648    375  1.00
      648    387  2.00
      648    429  3.00
      648    550  1.00
      648    623  6.00
      649    329  2.00
      649    356  1.00
      649    366  3.00
      649    434  2.00
      649    547  1.00
      649    563  2.00
      649    679  2.00
      650    135  1.00
      650    136  1.00
      650    145  2.00
      650    147  1.00
      650    263  1.00
      650    439  1.00
      650    559  1.00
      650    588  1.00
      650    659  1.00
      651     54  2.00
      651    115  3.00
      651    127  3.00
      651    159  3.00
      651    261  4.00
      651    336  2.00
      651    367  6.00
      653     18  1.00
      653    351  2.00
      654     13  1.00
      654    169  3.00
      654    338  4.00
      654    379  1.00
      654    413  1.00
      654    466  3.00
      654    527  3.00
      654    533  3.00
      655    193  1.00
      655    359  3.00
      655    498  2.00
      655    582  2.00
      655    625  2.00
      656     43  1.00
      656     48  1.00
      656    101  1.00
      656    153  1.00
      656    416  2.00
      656    539  5.00
      656    569  1.00
      656    672  1.00
      657    113  1.00
      657    429  3.00
      657    627  1.00
      658    132  3.00
      658    312  3.00
      658    331  5.00
      658    371  3.00
      658    544  3.00
      658    569  4.00
      658    661  3.00
      659     31  3.00
      659     83  4.00
      659    327  3.00
      659    475  1.00
      659    556  1.00
      659    596  1.00
      659    621  1.00
      659    667  1.00
      660    451  1.00
      660    541  1.00
      660    549  3.00
      660    683  1.00
      661    132  1.00
      661    312  2.00
      661    363  1.00
      661    453  1.00
      661    468  4.00
      661    553  1.00
      661    569  1.00
      661    669  3.00
      662    454  5.00
      662    501  2.00
      662    528  3.00
      662    602  3.00
      664     25  3.00
      664    132  5.00
      664    170  2.00
      664    172  2.00
      664    241  1.00
      664    302  1.00
      664    406  3.00
      664    425  5.00
      665    283  4.00
      665    293  3.00
      665    316  1.00
      665    516  3.00
      665    631  1.00
      666     23  1.00
      666    164  1.00
      666    233  2.00
      666    357  3.00
      666    391  3.00
      666    602  1.00
      666    613  1.00
      667    167  3.00
      667    194  2.00
      667    327  2.00
      667    596  3.00
      667    659  3.00
      668    261  1.00
      668    478  1.00
      668    574  1.00
      669    312  4.00
      669    377  3.00
      669    432  2.00
      669    661  3.00
      670     44  2.00
      670    230  6.00
      670    249  6.00
      670    342  4.00
      670    408  4.00
      670    438  4.00
      670    531  3.00
      670    622  6.00
      671    139  3.00
      671    161  2.00
      671    226  2.00
      671    300  1.00
      671    302  2.00
      671    376  1.00
      671    389  3.00
      671    515  1.00
      672    316  4.00
      673     63  4.00
      673    229  2.00
      673    239  3.00
      673    518  3.00
      673    619  2.00
      674    181  1.00
      674    653  1.00
      675    128  4.00
      675    136  1.00
      675    149  4.00
      675    211  1.00
      675    267  6.00
      675    316  2.00
      675    353  2.00
      675    520  2.00
      676    199  4.00
      676    372  1.00
      677    161  1.00
      677    300  1.00
      677    315  1.00
      677    389  5.00
      677    515  1.00
      678    426  4.00
      680    170  3.00
      680    172  3.00
      680    227  2.00
      680    444  2.00
      680    445  2.00
      681    131  6.00
      681    181  4.00
      681    290  1.00
      681    429  2.00
      681    576  1.00
      681    674  1.00
      682     48  1.00
      682     52  2.00
      682     53  1.00
      682     58  2.00
      682    140  1.00
      682    164  1.00
      682    448  1.00
      682    476  1.00
      682    612  1.00
      682    684  2.00
      683     78  1.00
      683    112  4.00
      683    167  1.00
      683    268  2.00
      683    387  1.00
      683    429  1.00
      683    487  2.00
      683    499  3.00
      683    652  2.00
      685    199  4.00
      685    202  3.00